0.0632257               0.0634537               0.00704262               0.999994               0.0451825
0.0520004               0.0536556               0.00906093               0.985132               0.0296669
0.0549457               0.0525505               0.00595012               0.999889               0.0148715
0.0594742               0.0493423               0.00973087               0.999638               0.00747451
0.0571887               0.0504085               0.0045284               0.992221               0.00773024
0.0583148               0.0499471               0.00512015               0.992076               0.00833141
0.0529054               0.0526763               0.00470524               0.999945               0.00852846
0.0543706               0.0531226               0.00349667               0.999619               0.00945288
0.055658               0.0562428               0.00294148               0.999715               0.00836972
0.00267092               0.00489152               0.00328516               0.999413               0.0102843
0.0429386               0.0431987               0.00329757               0.999596               0.0540117
0.00114416               0.00393354               0.00292635               0.999406               0.00717023
0.0498075               0.0499519               0.0033417               0.999777               0.0135884
0.0432892               0.0444364               0.00507792               0.999973               0.0191832
0.0574653               0.0529355               0.00478059               0.999718               0.0179332
0.0541018               0.0491319               0.00792444               0.99971               0.0195345
0.0553839               0.0497658               0.00694883               0.999591               0.0261262
0.0633345               0.0564946               0.00743288               0.999666               0.0245468
0.0667488               0.0566485               0.00702953               0.9996               0.022558
0.0631989               0.0560602               0.00746816               0.999616               0.0223397
0.0587319               0.0554819               0.00616779               0.999525               0.0208826
0.0561856               0.0525687               0.00597594               0.9996               0.020104
0.0562775               0.052094               0.0081858               0.999979               0.0228566
0.0621413               0.052596               0.00630227               0.999632               0.0169127
0.0602927               0.0533279               0.00927212               0.99924               0.0149049
0.00694631               0.00872638               0.00485628               0.999231               0.0157272
0.0554794               0.0568037               0.00438326               0.998765               0.0177894
0.0498382               0.0550438               0.0040579               0.999597               0.0139319
0.052506               0.0591655               0.00373756               0.999943               0.0109872
0.0414906               0.0451517               0.00347974               0.999966               0.0100348
0.0468391               0.0553774               0.00303109               0.999531               0.0541774
0.0479483               0.0567442               0.00275176               0.999532               0.00691272
0.0472585               0.05539               0.00338544               0.999617               0.0118393
0.0541328               0.0568522               0.00553792               0.999512               0.0224768
0.0509647               0.0529291               0.00597213               0.999927               0.0145908
0.0818441               0.0786429               0.00653883               0.995854               0.0118368
0.0866515               0.0798928               0.00680414               0.99288               0.0126851
0.0537212               0.0494377               0.0113502               0.984408               0.0102705
0.0536178               0.0485031               0.0108454               0.991054               0.0086735
0.0541621               0.0504949               0.0112906               0.979314               0.00940006
0.0510344               0.0485839               0.00942468               0.984409               0.00825656
0.0521258               0.048915               0.0107783               0.999925               0.00675533
0.0564186               0.049373               0.00873176               0.990173               0.00667334
0.046954               0.0503264               0.00722689               0.98247               0.00714461
0.0809525               0.0791802               0.00490284               0.99176               0.00793253
0.0808551               0.0789748               0.00456215               0.991835               0.00689137
0.0509775               0.0527076               0.00359001               0.998036               0.0078445
0.0504603               0.0555177               0.00369925               0.999721               0.00981469
0.0503812               0.0558422               0.00342614               0.999525               0.00959902
0.0467544               0.055565               0.00363604               0.999415               0.00886897
