1.63691e+000	2.61555e-002	
9.63479e-002	1.29955e+000	
1.48149e-005	1.97244e+000	
1.97193e+000	9.44036e-004	
5.79923e-003	1.57553e+000	
1.73429e+000	2.18624e-002	
1.46541e-001	2.41282e-001	
1.32639e+000	8.47997e-002	
1.17694e-001	5.67579e-001	
1.72448e-001	2.27879e-001	
1.19791e-001	5.29595e-001	
1.80163e-003	1.96415e+000	
2.08312e-001	1.40086e-001	
2.01647e-001	1.86909e-001	
8.11557e-001	1.31788e-001	
1.27952e-001	2.50837e-001	
1.21066e+000	1.08549e-001	
1.91060e+000	1.93802e-002	
1.32654e-001	2.43176e-001	
1.78265e+000	2.63323e-002	
1.46568e+000	9.89668e-002	
2.00920e+000	1.12094e-003	
2.14262e-001	1.81067e-001	
3.25799e-006	1.97299e+000	
2.30684e-001	1.60593e-001	
1.21862e-001	1.37038e+000	
2.92523e-001	1.41343e-001	
1.37035e-001	6.63001e-001	
1.77916e+000	2.95142e-002	
2.28036e-001	1.77518e-001	
1.22394e+000	1.09740e-001	
1.94385e+000	2.01034e-002	
1.44769e-001	2.83804e-001	
6.16963e-003	1.67615e+000	
1.61127e-001	2.68599e-001	
1.83004e+000	2.30795e-002	
1.43912e+000	1.01593e-001	
2.04481e+000	2.06020e-005	
1.12571e-001	1.51836e+000	
1.54437e-001	3.02757e-001	
5.85347e-001	1.45857e-001	
1.48595e-001	7.19569e-001	
1.25052e+000	1.11162e-001	
2.32712e-001	1.62005e-001	
1.47876e+000	9.98500e-002	
1.01564e-002	1.68703e+000	
1.27874e-001	1.43798e+000	
6.73173e-003	1.82887e+000	
1.70800e-003	1.98845e+000	
1.49908e-001	7.13129e-001	
1.52414e-005	2.02923e+000	
1.86693e+000	6.26639e-002	
1.88613e+000	2.26942e-002	
1.64413e-001	2.74079e-001	
1.72343e-001	2.67716e-001	
2.02741e+000	2.09675e-002	
1.17388e-001	1.53532e+000	
2.09871e+000	1.00473e-003	
1.21903e-001	1.53260e+000	
8.19131e-001	1.40640e-001	
1.65234e-001	3.22536e-001	
1.96785e+000	2.70427e-002	
1.56450e-005	2.08295e+000	
1.50010e+000	1.01291e-001	
1.68542e-001	3.16039e-001	
2.12498e+000	4.92306e-004	
2.31983e-001	1.80590e-001	
1.48163e-001	8.41674e-001	
8.36604e-001	1.41730e-001	
1.20393e-001	1.57463e+000	
1.07272e-002	1.78184e+000	
1.29923e-001	1.44848e+000	
7.12666e-003	1.93616e+000	
2.34723e-001	1.63405e-001	
1.91579e+000	6.43039e-002	
1.49597e-001	7.35118e-001	
1.71861e-001	2.86493e-001	
1.37140e+000	1.14200e-001	
1.82551e-001	2.85986e-001	
1.64314e-001	3.64882e-001	
1.69738e-001	3.18282e-001	
2.46469e-001	1.71582e-001	
2.05052e+000	3.51839e-002	
2.21159e+000	8.15085e-003	
2.30662e+000	6.41358e-005	
6.58449e-003	2.04026e+000	
2.17301e+000	9.30877e-003	
1.44828e+000	1.22306e-001	
1.43191e+000	1.27287e-001	
1.53171e-001	7.38666e-001	
2.42047e-001	1.88425e-001	
1.28095e-001	1.59855e+000	
2.13859e+000	2.21173e-002	
1.40764e+000	1.36886e-001	
1.11507e-002	1.85218e+000	
8.65543e-001	1.61900e-001	
9.30523e-001	1.43409e-001	
1.55507e+000	1.05002e-001	
2.36671e-002	1.78377e+000	
2.27026e-004	2.21095e+000	
