4.30163e-003	1.22858e+000	
8.66096e-003	1.20209e+000	
2.89706e-002	1.08269e+000	
7.85394e-002	6.09230e-001	
1.41104e-001	8.94349e-002	
1.03481e+000	4.95352e-002	
9.92146e-002	1.66685e-001	
2.75735e-002	1.12122e+000	
8.34882e-002	2.31463e-001	
1.29294e+000	1.69760e-003	
1.15802e+000	4.62833e-002	
9.70858e-001	6.02048e-002	
5.09419e-002	1.06227e+000	
9.77685e-002	1.86140e-001	
1.37253e+000	1.00714e-004	
7.62657e-001	7.31718e-002	
1.19349e-001	1.08956e-001	
1.20862e+000	3.36788e-002	
2.88580e-001	7.85261e-002	
1.44510e-003	1.41520e+000	
8.53341e-002	1.91171e-001	
6.59565e-002	8.83216e-001	
2.78943e-002	1.14061e+000	
4.46726e-002	1.11704e+000	
8.81897e-003	1.22402e+000	
5.71315e-002	1.07966e+000	
1.41479e-001	1.01667e-001	
1.08494e+000	5.41826e-002	
1.13800e+000	4.87237e-002	
1.41181e+000	1.18159e-003	
7.87666e-002	6.13930e-001	
8.60319e-002	2.39881e-001	
3.30610e-001	7.79346e-002	
9.04779e-002	2.02694e-001	
1.41338e-003	1.53169e+000	
1.38412e-001	1.39192e-001	
8.92682e-002	2.34814e-001	
9.78262e-001	6.06640e-002	
1.56646e+000	4.97210e-005	
6.67994e-002	8.94503e-001	
4.30434e-003	1.22935e+000	
1.15938e+000	4.63378e-002	
1.14662e+000	5.72627e-002	
1.00628e+000	6.24016e-002	
1.02825e-001	2.14001e-001	
7.02694e-002	9.78211e-001	
8.98009e-002	2.36215e-001	
7.19054e-002	9.62877e-001	
9.51276e-002	2.31150e-001	
1.41556e+000	1.18472e-003	
1.57345e+000	6.54401e-006	
3.36266e-001	7.92680e-002	
4.46661e-002	1.11688e+000	
1.42992e-001	1.02755e-001	
3.08634e-002	1.18093e+000	
4.31530e-003	1.23133e+000	
5.14352e-004	1.54583e+000	
7.96717e-002	6.18014e-001	
1.15938e+000	4.63377e-002	
5.76025e-002	1.08856e+000	
1.41480e-001	1.15934e-001	
5.79096e-002	1.09437e+000	
1.01699e+000	6.17108e-002	
9.22435e-002	2.42640e-001	
4.37832e-003	1.25048e+000	
1.17939e+000	5.04958e-002	
7.21137e-002	9.65666e-001	
8.55792e-002	6.22783e-001	
1.46035e+000	2.16430e-003	
1.19183e+000	4.70459e-002	
1.57400e+000	3.61042e-004	
7.10287e-002	9.88782e-001	
7.98568e-002	6.24180e-001	
3.00081e-002	1.19462e+000	
8.99855e-003	1.24895e+000	
1.42281e-001	1.45780e-001	
3.39582e-002	1.18738e+000	
1.36768e-003	1.57275e+000	
9.59205e-005	1.58766e+000	
1.45169e-001	1.02249e-001	
3.52693e-001	8.46525e-002	
1.55905e+000	2.31058e-003	
1.48481e-001	1.35947e-001	
7.38920e-002	1.02864e+000	
4.43985e-003	1.26805e+000	
5.61838e-002	1.20400e+000	
1.44745e-001	1.45782e-001	
7.89937e-002	6.29989e-001	
1.18783e+000	5.52726e-002	
2.01867e-005	1.58932e+000	
9.24469e-001	8.90568e-002	
1.22564e+000	5.32870e-002	
6.10957e-003	1.25322e+000	
1.52752e-001	1.01261e-001	
3.84140e-001	9.30293e-002	
1.01936e+000	6.18541e-002	
5.84545e-002	1.10466e+000	
1.57462e+000	3.61183e-004	
9.28392e-002	2.44207e-001	
1.26153e+000	4.97974e-002	
