8.15104e-002	9.95415e-001	
1.33871e-001	9.70106e-001	
7.99499e-001	3.05183e-001	
5.01381e-001	4.77089e-001	
5.86878e-001	3.41094e-001	
1.46279e-001	9.52866e-001	
8.80002e-001	2.56114e-002	
5.25083e-001	3.79492e-001	
1.72555e-001	7.62362e-001	
5.94048e-001	3.39484e-001	
3.72081e-001	6.65822e-001	
1.39573e-001	9.63754e-001	
8.42632e-001	8.12035e-002	
1.37014e-003	1.00263e+000	
9.38657e-001	4.01028e-003	
1.85697e-001	7.21669e-001	
5.58060e-001	3.52626e-001	
1.95101e-001	7.10614e-001	
9.80138e-001	8.50705e-004	
4.54741e-001	6.44775e-001	
8.21660e-001	2.75881e-001	
8.98895e-002	9.91653e-001	
9.12709e-001	9.88821e-003	
2.38952e-001	6.79046e-001	
1.79677e-001	7.36015e-001	
1.60207e-001	9.16741e-001	
5.17206e-001	3.91532e-001	
5.48416e-001	3.57034e-001	
7.80382e-001	3.15591e-001	
4.75598e-001	6.24149e-001	
1.67223e-001	8.42389e-001	
1.57544e-001	9.25546e-001	
2.23524e-001	6.86919e-001	
8.70710e-001	3.22648e-002	
5.77910e-001	3.43264e-001	
6.32434e-001	3.35579e-001	
8.25865e-001	2.57752e-001	
6.16795e-001	3.37329e-001	
5.38214e-001	3.63525e-001	
1.61964e-001	9.04842e-001	
8.34226e-001	1.92167e-001	
1.64887e-001	8.80543e-001	
8.51764e-001	5.54979e-002	
9.25348e-001	6.05387e-003	
1.97134e-001	7.04142e-001	
2.68390e-001	6.72024e-001	
8.28837e-001	2.46525e-001	
1.75965e-001	7.45611e-001	
2.30316e-001	6.81640e-001	
8.54619e-001	5.07596e-002	
1.74206e-001	7.54675e-001	
4.03411e-001	6.63147e-001	
8.36995e-001	1.34733e-001	
8.91324e-001	1.68058e-002	
8.14435e-001	2.83450e-001	
4.83572e-001	6.10437e-001	
5.14327e-001	3.98072e-001	
7.93928e-001	3.08025e-001	
8.30435e-001	2.37725e-001	
5.07461e-001	4.22179e-001	
4.38117e-001	6.53026e-001	
2.01802e-001	6.99844e-001	
8.63248e-001	4.01934e-002	
8.35436e-001	1.47045e-001	
2.09964e-001	6.93427e-001	
4.89759e-001	5.98883e-001	
8.58892e-001	4.47890e-002	
4.66691e-001	6.35872e-001	
1.70383e-001	7.79599e-001	
7.49778e-001	3.26298e-001	
2.46346e-001	6.75896e-001	
9.07420e-001	1.15000e-002	
1.89355e-001	7.15048e-001	
1.14447e-001	9.83304e-001	
5.65232e-001	3.49335e-001	
7.35831e-001	3.29094e-001	
4.95704e-001	5.74149e-001	
1.04869e-001	9.88858e-001	
5.03457e-001	4.53830e-001	
9.00796e-001	1.29568e-002	
4.44857e-001	6.50321e-001	
5.12460e-001	4.03285e-001	
1.41704e-001	9.57931e-001	
1.49824e-001	9.45627e-001	
5.30937e-001	3.71175e-001	
7.67008e-001	3.22297e-001	
8.07904e-001	2.93559e-001	
5.00065e-001	5.16355e-001	
5.72567e-001	3.45019e-001	
8.46018e-001	7.03953e-002	
6.70225e-001	3.33785e-001	
2.57676e-001	6.73915e-001	
1.84123e-001	7.28087e-001	
8.38976e-001	1.01835e-001	
5.09941e-001	4.10307e-001	
1.23786e-001	9.75832e-001	
3.16705e-001	6.68555e-001	
1.63882e-001	8.90695e-001	
9.55364e-001	2.47512e-003	
1.54712e-001	9.34455e-001	
