7.69448e-004	1.21460e+000	
1.25405e+000	2.30737e-004	
9.73768e-003	1.20693e+000	
1.16307e+000	9.90504e-003	
6.53743e-001	3.99987e-001	
2.34234e-002	1.17976e+000	
7.01801e-001	3.86635e-001	
6.25460e-001	4.11383e-001	
5.57201e-001	4.33368e-001	
5.64664e-001	4.27022e-001	
5.13964e-001	4.38669e-001	
6.68533e-003	1.21114e+000	
4.58743e-001	5.14494e-001	
4.31784e-001	5.67076e-001	
6.16034e-001	4.15221e-001	
4.61434e-001	4.94702e-001	
1.14561e+000	2.58262e-002	
5.57150e-001	4.78799e-001	
2.36992e-002	1.19365e+000	
6.64482e-001	4.05038e-001	
5.73895e-001	4.46334e-001	
5.58697e-001	4.62204e-001	
1.00198e-002	1.20907e+000	
6.21772e-001	4.29281e-001	
1.16083e+000	8.10497e-002	
7.69501e-004	1.21468e+000	
3.33245e-002	1.18860e+000	
1.16960e+000	9.74255e-003	
1.26284e+000	2.32355e-004	
4.40016e-002	1.17936e+000	
4.66437e-001	5.29942e-001	
6.62414e-001	4.20427e-001	
5.13918e-001	5.46108e-001	
2.37691e-002	1.19717e+000	
5.63478e-001	4.66159e-001	
9.78688e-003	1.21303e+000	
1.28282e+000	2.36030e-004	
7.89918e-004	1.24691e+000	
5.83721e-001	4.59353e-001	
1.18926e+000	1.01772e-002	
1.27812e+000	8.15223e-003	
8.53066e-003	1.21437e+000	
3.13555e-003	1.23818e+000	
5.59291e-001	5.28259e-001	
5.03191e-003	1.22936e+000	
6.64922e-001	4.06827e-001	
6.25500e-001	4.31855e-001	
4.68584e-001	5.58498e-001	
3.79560e-002	1.21066e+000	
4.87661e-001	5.57733e-001	
6.64863e-001	4.21982e-001	
4.69898e-001	5.60063e-001	
5.35167e-001	5.54218e-001	
4.68176e-001	5.62355e-001	
6.51266e-001	4.36912e-001	
6.90107e-001	4.12944e-001	
6.56114e-001	4.31545e-001	
7.38779e-001	4.07006e-001	
4.64526e-002	1.19751e+000	
1.29922e+000	5.56264e-003	
8.52836e-003	1.21404e+000	
5.62631e-001	4.81991e-001	
1.19169e+000	1.02106e-002	
1.33455e+000	1.04187e-003	
7.96461e-004	1.25724e+000	
5.96883e-001	4.64212e-001	
5.69090e-001	4.68328e-001	
1.33510e+000	9.67020e-004	
5.65386e-001	4.84351e-001	
1.33369e+000	7.39663e-003	
8.53642e-003	1.21519e+000	
7.97149e-004	1.26674e+000	
1.20505e+000	1.03123e-002	
5.71137e-001	4.72495e-001	
6.66144e-001	4.22795e-001	
1.20735e-001	1.20574e+000	
8.39755e-001	4.21400e-001	
4.71578e-001	5.62066e-001	
6.91144e-001	4.22871e-001	
3.22124e-003	1.27201e+000	
8.03790e-004	1.27730e+000	
1.21037e+000	1.29629e-001	
8.57955e-003	1.22133e+000	
1.22194e+000	2.38093e-002	
1.00667e-002	1.21474e+000	
5.76291e-001	4.76739e-001	
1.33529e+000	6.38771e-003	
1.21926e+000	8.51297e-002	
1.24415e+000	1.06476e-002	
4.72885e-001	5.63624e-001	
6.72195e-001	4.33049e-001	
5.65049e-001	4.84062e-001	
1.34844e+000	9.29752e-004	
8.15279e-004	1.28694e+000	
7.77143e-001	4.28142e-001	
4.74353e-001	5.78682e-001	
7.94339e-002	1.21400e+000	
5.86485e-001	4.85193e-001	
1.37002e+000	1.06955e-003	
1.24099e+000	3.28882e-002	
