1.16945e-001	4.86404e-002	
6.28413e-002	8.05541e-002	
1.71794e-002	9.07772e-001	
6.52526e-001	3.38433e-002	
3.48031e-002	6.26567e-001	
9.39714e-002	5.38811e-002	
6.31998e-003	9.82430e-001	
5.05543e-002	1.04655e-001	
2.27400e-001	4.03119e-002	
8.04702e-003	9.72784e-001	
1.96662e-002	8.70768e-001	
3.76457e-002	4.86263e-001	
2.37885e-002	8.27231e-001	
8.96851e-002	5.62175e-002	
8.49348e-001	2.00022e-002	
8.43454e-002	5.86863e-002	
2.91332e-002	7.55091e-001	
3.80966e-003	1.00659e+000	
2.08308e-002	8.62514e-001	
9.79458e-001	6.99245e-003	
5.80286e-001	3.50759e-002	
1.45337e-002	9.19913e-001	
6.39071e-002	7.22976e-002	
1.03226e-002	9.41620e-001	
2.73981e-002	7.61439e-001	
9.39154e-001	1.13735e-002	
8.65523e-001	1.85672e-002	
4.75389e-002	1.19670e-001	
2.19996e-002	8.48306e-001	
4.00308e-002	2.32689e-001	
7.49632e-001	2.71586e-002	
1.72870e-003	1.03697e+000	
3.39063e-004	1.05249e+000	
6.55848e-002	7.05200e-002	
3.90093e-002	4.29559e-001	
6.66607e-002	6.88379e-002	
3.25160e-002	6.55582e-001	
5.43992e-002	9.13623e-002	
4.46583e-002	1.46251e-001	
6.67048e-001	3.17980e-002	
5.63188e-001	3.75733e-002	
2.58618e-002	7.95350e-001	
1.02092e+000	1.53354e-003	
4.12754e-002	2.09104e-001	
8.23826e-001	2.31425e-002	
1.05506e-001	5.17951e-002	
7.43806e-002	6.36646e-002	
9.58367e-001	9.78499e-003	
1.34391e-002	9.36736e-001	
7.34117e-001	2.92979e-002	
1.96655e-002	8.70741e-001	
1.71755e-002	9.07564e-001	
6.35191e-003	9.89785e-001	
6.53696e-001	3.39040e-002	
8.50552e-001	1.99053e-002	
9.31959e-002	5.37318e-002	
1.44227e-003	1.04169e+000	
6.40787e-001	3.54273e-002	
4.02961e-002	2.43331e-001	
6.96638e-002	7.02507e-002	
3.75890e-002	4.85530e-001	
8.90448e-002	5.65113e-002	
2.74388e-002	7.72722e-001	
7.57688e-001	2.62621e-002	
9.03374e-003	9.75796e-001	
9.80268e-001	6.99824e-003	
9.38943e-001	1.43204e-002	
1.35612e-002	9.39569e-001	
3.41952e-002	6.27542e-001	
4.68265e-002	1.40854e-001	
2.27378e-001	4.03079e-002	
4.58146e-002	1.50037e-001	
1.04307e+000	6.43828e-004	
7.56204e-002	6.36223e-002	
7.35484e-001	2.93525e-002	
5.37700e-002	9.44187e-002	
3.59776e-003	1.00975e+000	
3.17162e-002	6.91566e-001	
7.29409e-002	6.88150e-002	
7.54304e-001	2.73279e-002	
8.31358e-001	2.33541e-002	
2.92512e-002	7.56762e-001	
1.02761e+000	2.11522e-003	
2.20450e-002	8.50056e-001	
1.03177e-002	9.41176e-001	
6.28791e-002	8.06026e-002	
7.68258e-003	9.83462e-001	
1.09342e-001	5.08423e-002	
6.45796e-002	7.30584e-002	
8.34775e-002	5.80824e-002	
3.40333e-004	1.05643e+000	
8.68501e-001	1.81048e-002	
5.19465e-002	1.07144e-001	
2.37209e-002	8.34430e-001	
4.97733e-002	1.13445e-001	
9.43809e-001	1.09590e-002	
1.46486e-002	9.27191e-001	
1.16213e-001	4.83357e-002	
6.09451e-001	3.68388e-002	
2.08888e-002	8.64915e-001	
