5.64499e-001	3.90607e-001	
1.00385e+000	3.13801e-001	
3.80658e-001	5.70764e-001	
3.82256e-001	5.39509e-001	
1.34568e-003	1.13768e+000	
4.80333e-001	4.28454e-001	
3.62753e-001	7.41350e-001	
1.00840e+000	2.97448e-001	
1.80122e-002	1.08267e+000	
4.68493e-003	1.08713e+000	
1.12331e+000	5.21322e-003	
1.11175e+000	2.50063e-002	
4.01577e-001	5.33772e-001	
1.12913e+000	6.42377e-004	
5.46143e-001	4.03843e-001	
5.86461e-001	3.83710e-001	
1.08898e+000	3.40080e-002	
4.28724e-001	5.13848e-001	
4.31002e-001	4.61827e-001	
3.70177e-001	5.72281e-001	
1.08415e+000	6.02349e-002	
1.22068e+000	1.92233e-003	
1.09663e+000	3.42471e-002	
1.25457e+000	4.54270e-004	
5.60010e-001	4.11726e-001	
5.21986e-001	4.33823e-001	
1.02484e+000	3.01853e-001	
1.13098e+000	2.53234e-002	
5.57902e-001	4.21309e-001	
1.09856e-002	1.08825e+000	
3.85985e-001	5.70688e-001	
3.74293e-001	7.64935e-001	
5.00766e-001	4.53455e-001	
4.74707e-003	1.10155e+000	
4.00184e-001	5.47766e-001	
3.80705e-001	7.39520e-001	
4.59108e-001	4.82960e-001	
1.01982e+000	3.09403e-001	
1.13687e+000	4.65100e-003	
5.68370e-001	3.93285e-001	
4.06113e-004	1.17147e+000	
3.88314e-001	5.51699e-001	
1.28648e+000	1.73766e-004	
3.99439e-001	5.67621e-001	
1.02337e+000	3.19903e-001	
5.96194e-001	4.02722e-001	
1.10932e+000	3.46433e-002	
5.28363e-001	4.42179e-001	
5.02948e-001	4.55642e-001	
3.87774e-001	6.11814e-001	
4.62243e-001	4.85276e-001	
1.22481e+000	2.12616e-003	
8.88769e-005	1.21476e+000	
1.02687e+000	3.04411e-001	
1.14549e+000	4.46622e-003	
6.13068e-001	3.95718e-001	
1.02473e-001	1.09172e+000	
4.75322e-003	1.10298e+000	
3.77449e-001	7.71385e-001	
5.62224e-001	4.15734e-001	
1.09742e+000	3.85828e-002	
4.17902e-001	5.55471e-001	
5.01599e-001	5.08565e-001	
6.05915e-001	4.17542e-001	
3.96014e-001	7.48231e-001	
1.30852e+000	5.15393e-004	
1.13484e-002	1.12419e+000	
5.15721e-001	4.69191e-001	
1.17786e+000	4.81867e-003	
8.92867e-005	1.22036e+000	
1.10827e+000	3.89643e-002	
1.17602e+000	6.66529e-003	
3.65738e-003	1.21715e+000	
1.23224e+000	1.53736e-003	
4.18157e-001	5.55810e-001	
5.47232e-001	4.57971e-001	
1.14002e+000	3.56108e-002	
1.20762e+000	3.60568e-003	
4.03067e-001	5.69164e-001	
6.11013e-001	4.12731e-001	
1.03186e+000	3.05892e-001	
5.51474e-001	4.55628e-001	
5.67023e-001	4.19283e-001	
5.49893e-003	1.13523e+000	
6.41630e-001	4.14180e-001	
5.51528e-003	1.13861e+000	
5.33423e-001	4.83251e-001	
4.02327e-001	5.94850e-001	
1.13357e+000	6.14568e-002	
8.33511e-002	1.13549e+000	
1.25663e+000	2.18142e-003	
4.22244e-001	5.60267e-001	
5.69589e-001	4.18587e-001	
5.03886e-001	5.28993e-001	
1.15480e+000	3.54038e-002	
1.11431e+000	2.94861e-001	
1.18117e+000	9.05158e-003	
1.33127e+000	5.24357e-004	
1.04118e+000	3.14960e-001	
8.97322e-005	1.22645e+000	
