6.27530e-001	8.60263e-002	
8.11717e-001	3.22591e-002	
4.96641e-001	9.41976e-001	
7.90412e-001	5.03456e-002	
5.15653e-001	9.17405e-001	
4.65488e-001	9.66476e-001	
4.60944e-001	9.68840e-001	
6.19142e-001	9.76762e-002	
4.93917e-001	9.44836e-001	
5.34326e-001	8.80257e-001	
5.53284e-001	8.23622e-001	
5.80694e-001	6.61209e-001	
6.31083e-001	8.27219e-002	
4.74836e-001	9.60479e-001	
2.46115e-002	1.00098e+000	
8.17887e-001	1.92767e-002	
5.58908e-001	8.02157e-001	
5.05600e-001	9.31393e-001	
5.11558e-001	9.23406e-001	
4.82146e-001	9.55213e-001	
6.57913e-001	6.78997e-002	
5.66294e-001	7.65426e-001	
5.63761e-001	7.77244e-001	
5.32011e-001	8.86343e-001	
5.02597e-001	9.35151e-001	
5.22282e-001	9.06179e-001	
4.89864e-001	9.49329e-001	
4.34760e-001	9.80117e-001	
5.76047e-001	7.00131e-001	
5.29337e-001	8.92089e-001	
5.36511e-001	8.75582e-001	
3.71550e-001	9.92212e-001	
5.20092e-001	9.10397e-001	
4.86671e-001	9.51583e-001	
5.87529e-001	5.84219e-001	
6.41109e-001	7.54185e-002	
5.68892e-001	7.49364e-001	
4.99353e-001	9.38834e-001	
5.89418e-001	5.61614e-001	
4.70704e-001	9.63250e-001	
6.22549e-001	9.23035e-002	
5.50230e-001	8.34878e-001	
4.54830e-001	9.72120e-001	
8.04993e-001	4.04955e-002	
5.40006e-001	8.66163e-001	
7.97706e-001	4.63519e-002	
5.60127e-001	7.96158e-001	
5.47376e-001	8.44557e-001	
6.13419e-001	1.09553e-001	
5.81996e-001	6.48941e-001	
5.56983e-001	8.09445e-001	
5.94748e-001	4.54935e-001	
3.39477e-001	9.95144e-001	
4.12502e-001	9.85694e-001	
6.66694e-001	6.57482e-002	
5.38277e-001	8.70732e-001	
5.62037e-001	7.85601e-001	
5.99021e-001	2.31813e-001	
4.46739e-001	9.75633e-001	
6.03998e-001	1.48891e-001	
8.09007e-001	3.59047e-002	
5.97619e-001	3.37705e-001	
4.18244e-001	9.84541e-001	
6.10732e-001	1.16098e-001	
5.45690e-001	8.49440e-001	
5.42360e-001	8.60034e-001	
3.14954e-001	9.96436e-001	
5.72638e-001	7.29434e-001	
4.30477e-001	9.81251e-001	
8.19990e-001	8.79171e-003	
6.09050e-001	1.22237e-001	
6.76369e-001	6.38315e-002	
6.86377e-001	6.20036e-002	
5.74242e-001	7.15844e-001	
7.10403e-001	5.99247e-002	
6.02052e-001	1.65365e-001	
5.55338e-001	8.15627e-001	
6.06465e-001	1.33433e-001	
6.35591e-001	7.89272e-002	
6.47710e-001	7.18177e-002	
8.02131e-001	4.29180e-002	
5.44059e-001	8.55295e-001	
6.15959e-001	1.02864e-001	
7.80658e-001	5.39561e-002	
3.56785e-001	9.93609e-001	
3.83124e-001	9.90746e-001	
3.99577e-001	9.88230e-001	
7.55945e-001	5.80755e-002	
4.39403e-001	9.78485e-001	
2.55113e-001	9.98692e-001	
5.79437e-001	6.71995e-001	
5.26779e-001	8.97586e-001	
6.24649e-001	8.91758e-002	
5.77472e-001	6.89399e-001	
7.66520e-001	5.68751e-002	
8.41490e-001	1.02138e-003	
5.24912e-001	9.00841e-001	
5.84012e-001	6.28581e-001	
5.13888e-001	9.19682e-001	
8.22279e-001	2.93539e-003	
