5.20709e-001	4.05402e-001	
3.64138e-001	5.19151e-001	
6.32095e-001	3.87832e-001	
4.09121e-001	4.98456e-001	
1.16103e+000	8.75638e-004	
1.14021e+000	3.67946e-002	
5.97925e-004	1.16637e+000	
1.11253e+000	6.27715e-002	
5.09433e-001	4.96730e-001	
1.05493e+000	8.76714e-002	
5.13961e-001	4.83932e-001	
1.97003e-003	1.05878e+000	
1.73342e-001	1.10880e+000	
2.17739e-001	1.08347e+000	
1.21505e+000	9.16373e-004	
3.71288e-001	5.27373e-001	
1.08931e+000	1.11533e-001	
1.19209e+000	3.84687e-002	
1.40590e-003	1.17670e+000	
7.68213e-001	3.87872e-001	
4.69155e-003	1.11207e+000	
5.24461e-001	4.10111e-001	
4.11384e-001	5.01213e-001	
6.36296e-001	3.90410e-001	
1.10083e+000	1.39300e-001	
1.21146e+000	1.25095e-001	
2.15018e-002	1.12103e+000	
4.43434e-001	5.00381e-001	
1.63528e-001	1.11245e+000	
6.46765e-001	3.94831e-001	
5.34801e-001	4.16373e-001	
1.44985e-003	1.21644e+000	
4.07578e-001	5.49526e-001	
3.72362e-001	5.51510e-001	
1.23908e+000	3.50745e-003	
4.24989e-001	5.38152e-001	
1.21664e+000	9.10051e-002	
1.24432e+000	1.78386e-003	
1.21927e+000	9.47428e-003	
4.27332e-001	5.07409e-001	
4.30819e-004	1.26484e+000	
1.68406e-001	1.14563e+000	
3.76499e-001	5.74155e-001	
4.32285e-001	5.26359e-001	
4.17237e-003	1.21868e+000	
1.22309e+000	9.41169e-003	
2.01588e-001	1.11410e+000	
6.45894e-001	3.94300e-001	
4.40340e-004	1.29279e+000	
1.74909e-001	1.11882e+000	
5.38783e-001	4.22339e-001	
1.24418e+000	1.78366e-003	
4.57292e-001	5.11823e-001	
1.46309e-003	1.22755e+000	
5.13820e-001	5.01008e-001	
2.68760e-002	1.17645e+000	
3.73167e-001	7.90108e-001	
1.18457e-001	1.16723e+000	
5.44214e-001	4.26596e-001	
5.28989e-002	1.18446e+000	
4.37361e-001	5.64131e-001	
2.89110e-004	1.30304e+000	
4.44758e-001	5.28101e-001	
2.96945e-003	1.23693e+000	
1.18469e-001	1.16734e+000	
1.22356e+000	9.15224e-002	
1.22495e+000	2.66023e-002	
7.73474e-001	4.00817e-001	
3.11054e-002	1.19906e+000	
1.24965e+000	9.42473e-004	
1.48852e-003	1.24585e+000	
1.24281e+000	2.15217e-002	
2.05193e-001	1.13063e+000	
5.42705e-001	4.80179e-001	
3.82055e-001	7.86745e-001	
4.00187e-001	5.86049e-001	
4.64054e-001	5.13449e-001	
1.81989e-001	1.16411e+000	
2.52963e-001	1.13240e+000	
6.14898e-002	1.21705e+000	
5.25641e-001	5.12534e-001	
1.24704e+000	9.32788e-002	
4.81384e-001	5.16282e-001	
3.44256e-003	1.24827e+000	
5.45621e-001	4.70327e-001	
4.48769e-001	5.32864e-001	
1.13500e-001	1.21600e+000	
1.25131e+000	9.43722e-004	
4.40689e-001	5.68424e-001	
1.24988e+000	9.61786e-003	
1.22748e+000	1.35584e-001	
2.28223e-001	1.14639e+000	
3.18823e-002	1.22900e+000	
1.51530e-003	1.26827e+000	
6.47820e-001	4.26906e-001	
7.88276e-001	4.15193e-001	
1.18442e-001	1.16707e+000	
4.11512e-001	5.99025e-001	
5.49534e-001	4.29717e-001	
3.94138e-001	8.50414e-001	
