6.41895e-001	4.66502e-001	
9.86625e-001	7.40877e-003	
9.68845e-001	1.31092e-002	
5.57099e-001	4.99928e-001	
3.95356e-001	5.33515e-001	
1.70523e-001	9.44835e-001	
9.75804e-001	9.35381e-003	
5.39751e-001	5.02867e-001	
3.36248e-001	5.77733e-001	
8.58418e-001	5.60103e-002	
8.77456e-001	4.36991e-002	
2.95852e-001	6.30641e-001	
7.87483e-001	1.36784e-001	
3.11695e-001	6.05959e-001	
6.44756e-001	4.57624e-001	
3.90417e-001	5.40851e-001	
2.51281e-001	7.66369e-001	
3.50441e-001	5.62175e-001	
7.82455e-001	1.49058e-001	
1.25790e-001	9.74717e-001	
5.78654e-001	4.89386e-001	
9.91707e-001	3.80611e-003	
3.19483e-001	5.92253e-001	
3.80354e-001	5.49204e-001	
2.54378e-001	7.54890e-001	
1.29432e-001	9.70876e-001	
4.70142e-001	5.19833e-001	
5.84456e-001	4.85250e-001	
2.87584e-004	1.01301e+000	
6.69603e-001	4.45459e-001	
2.01343e-001	9.02992e-001	
7.22046e-001	3.79479e-001	
6.55977e-001	4.52634e-001	
2.39831e-001	8.18404e-001	
1.99127e-001	9.16183e-001	
3.81914e-001	5.44070e-001	
2.78498e-001	6.63700e-001	
1.61032e-001	9.52927e-001	
9.20030e-001	2.65717e-002	
7.67273e-001	2.09085e-001	
3.04886e-001	6.13837e-001	
7.52775e-001	2.56412e-001	
6.65358e-001	4.48961e-001	
4.09226e-002	9.97572e-001	
7.26577e-001	3.54215e-001	
8.10500e-001	1.08943e-001	
1.14103e-001	9.84237e-001	
4.64871e-001	5.24469e-001	
8.55605e-001	6.49684e-002	
3.61933e-001	5.56382e-001	
1.00413e+000	9.77437e-004	
1.49320e-001	9.61481e-001	
6.74193e-001	4.41007e-001	
6.89277e-001	4.20615e-001	
4.75718e-001	5.09709e-001	
7.93738e-001	1.33922e-001	
7.00738e-002	9.89054e-001	
8.45659e-001	7.46104e-002	
2.58055e-001	7.36931e-001	
5.69348e-001	4.92953e-001	
2.06007e-001	8.93869e-001	
2.19183e-001	8.62492e-001	
2.61450e-001	7.14676e-001	
6.25761e-001	4.67754e-001	
7.08176e-001	4.02607e-001	
7.34759e-001	3.51708e-001	
7.80028e-001	1.54809e-001	
8.70421e-001	4.94759e-002	
2.63134e-001	7.00598e-001	
1.81684e-001	9.31334e-001	
1.72297e-001	9.34395e-001	
3.00967e-001	6.21409e-001	
9.05118e-001	2.97462e-002	
2.13587e-001	8.80924e-001	
3.29636e-001	5.83508e-001	
8.95557e-001	3.78522e-002	
2.77174e-001	6.71947e-001	
8.12574e-001	1.02285e-001	
8.17860e-001	9.16551e-002	
2.86322e-001	6.42442e-001	
2.70855e-001	6.78213e-001	
8.81450e-001	3.94995e-002	
1.84124e-001	9.25022e-001	
8.30756e-001	8.25301e-002	
3.08419e-002	1.00593e+000	
6.95090e-001	4.12654e-001	
7.63599e-001	2.47410e-001	
2.80082e-001	6.56069e-001	
7.10967e-001	3.88523e-001	
8.03566e-001	1.12865e-001	
7.41799e-001	2.95401e-001	
2.20244e-001	8.57240e-001	
1.36693e-001	9.67363e-001	
2.90424e-001	6.35724e-001	
7.95349e-002	9.86428e-001	
8.26131e-001	8.59926e-002	
5.38268e-003	1.00705e+000	
9.44755e-001	1.70022e-002	
9.27762e-001	2.06733e-002	
2.41936e-001	7.91900e-001	
