1.13505e+000	3.15310e-001	
1.66059e+000	6.05108e-005	
2.26834e-001	7.63310e-001	
1.75513e-003	1.00085e+000	
9.42222e-001	3.85048e-001	
2.89707e-001	7.00850e-001	
1.45689e-001	9.64274e-001	
1.80554e-001	9.25330e-001	
8.85329e-001	4.21942e-001	
1.76651e-001	9.31773e-001	
2.72891e-001	7.08533e-001	
3.45953e-001	6.90753e-001	
2.40156e-001	7.38388e-001	
7.79590e-001	6.06847e-001	
1.96877e-001	8.85367e-001	
2.79068e-001	7.05495e-001	
7.66214e-001	6.27532e-001	
7.20591e-001	6.71195e-001	
1.15332e-002	9.99315e-001	
8.78120e-001	4.32641e-001	
2.17210e-001	7.91760e-001	
8.34759e-001	4.95773e-001	
1.01170e+000	3.35896e-001	
2.01270e-001	8.68256e-001	
1.29035e-001	9.74252e-001	
1.87222e-001	9.11998e-001	
7.95703e-001	5.75018e-001	
7.60285e-001	6.35287e-001	
1.03591e+000	3.28923e-001	
2.44556e-001	7.32245e-001	
2.23918e-001	7.70506e-001	
1.01363e-001	9.84947e-001	
6.88239e-001	6.87642e-001	
8.13401e-001	5.38684e-001	
8.66899e-001	4.45005e-001	
2.05457e-001	8.46268e-001	
1.54037e-001	9.57634e-001	
7.15359e-001	6.74487e-001	
8.38423e-001	4.83998e-001	
1.37307e+000	3.03889e-001	
8.10202e-001	5.44786e-001	
3.08013e-001	6.95685e-001	
1.90308e-001	9.03798e-001	
1.08480e+000	3.20913e-001	
7.64436e-002	9.90063e-001	
1.98651e-001	8.77082e-001	
1.73146e-001	9.38048e-001	
7.68121e-001	6.21848e-001	
7.88356e-001	5.89360e-001	
2.52666e-001	7.23625e-001	
6.94975e-001	6.84664e-001	
6.33724e-002	9.92184e-001	
1.65475e-001	9.46841e-001	
2.30214e-001	7.55649e-001	
2.03196e-001	8.57193e-001	
7.27689e-001	6.65860e-001	
1.22276e+000	3.11236e-001	
1.94159e-001	8.92755e-001	
3.16609e-001	6.93832e-001	
2.98234e-001	6.98615e-001	
1.59717e-001	9.52589e-001	
8.21987e-001	5.33229e-001	
1.19170e-001	9.78703e-001	
1.36662e-001	9.69882e-001	
1.04380e+000	3.27023e-001	
7.52317e-001	6.44078e-001	
9.44114e-001	3.63218e-001	
8.58634e-001	4.55981e-001	
2.21604e-001	7.77287e-001	
2.35173e-001	7.45703e-001	
1.15226e+000	3.14228e-001	
2.10210e-001	8.22098e-001	
7.06284e-001	6.79408e-001	
7.91939e-001	5.80761e-001	
2.58590e-001	7.18558e-001	
1.46745e+000	2.90128e-001	
2.19018e-001	7.85417e-001	
8.04701e-001	5.57831e-001	
9.21989e-001	3.95635e-001	
8.65551e-001	4.53274e-001	
9.78298e-001	3.59214e-001	
2.78246e-002	9.97396e-001	
1.85041e-001	9.17533e-001	
9.04997e-001	3.99642e-001	
5.08247e-002	9.94557e-001	
1.09035e-001	9.82439e-001	
2.13890e-001	8.04611e-001	
8.54223e-001	4.66431e-001	
9.86704e-001	3.44711e-001	
7.71671e-001	6.16356e-001	
2.65155e-001	7.13477e-001	
2.07944e-001	8.33811e-001	
8.26265e-001	5.10721e-001	
9.26654e-001	3.88945e-001	
8.86818e-001	4.09246e-001	
8.50201e-001	4.72993e-001	
9.02382e-001	4.05209e-001	
7.48457e-001	6.48654e-001	
7.35775e-001	6.61023e-001	
7.42924e-001	6.52128e-001	
