7.95873e-001	1.56679e-001	
1.95029e+000	9.32124e-002	
2.12331e+000	5.25650e-002	
2.85160e-001	2.08918e-001	
3.10538e-001	2.05573e-001	
1.43566e-001	1.18254e+000	
9.98403e-002	1.87107e+000	
3.49882e-002	2.17512e+000	
2.82005e-001	2.17818e-001	
2.53972e-001	2.51469e-001	
2.10893e+000	8.71127e-002	
2.13349e-002	2.24907e+000	
2.57600e-001	2.50176e-001	
6.99499e-001	1.61549e-001	
4.52465e-001	1.66783e-001	
1.54627e-001	6.52597e-001	
2.01931e-001	2.81109e-001	
3.92355e-001	1.72649e-001	
7.31042e-001	1.60340e-001	
1.30824e-001	1.46421e+000	
1.98528e-001	3.24355e-001	
2.43893e-001	2.61451e-001	
1.71731e-001	4.79120e-001	
2.17529e+000	3.89121e-002	
8.67028e-002	1.90106e+000	
1.25485e-001	1.73603e+000	
2.62722e-002	2.21535e+000	
2.15657e-001	2.62857e-001	
1.19033e+000	1.49470e-001	
2.23486e+000	5.82536e-005	
2.69579e-001	2.26733e-001	
1.84178e-001	4.19035e-001	
1.88138e-001	3.85953e-001	
1.64721e-003	2.42849e+000	
1.03374e-001	1.86266e+000	
1.08483e-001	1.78385e+000	
2.73246e-002	2.20000e+000	
1.50091e-001	1.23629e+000	
2.09774e+000	9.33886e-002	
7.97400e-001	1.56980e-001	
2.83519e-001	2.18987e-001	
7.07844e-001	1.63476e-001	
2.74151e-002	2.20729e+000	
2.26098e-001	2.75583e-001	
2.54363e-001	2.51856e-001	
2.34704e+000	6.11777e-005	
2.56770e-001	2.49370e-001	
4.17458e-001	1.72218e-001	
1.56805e-001	6.61791e-001	
9.31043e-002	1.96421e+000	
1.94777e-001	4.23043e-001	
1.23179e-003	2.44983e+000	
1.73489e-001	4.89900e-001	
3.94920e-001	1.73777e-001	
1.23884e+000	1.55561e-001	
2.33842e+000	4.63935e-002	
1.98058e+000	9.46600e-002	
2.87660e-001	2.10750e-001	
2.85034e-001	2.16737e-001	
2.72336e-001	2.26758e-001	
1.40293e-001	1.47654e+000	
3.11748e-001	2.06374e-001	
2.04359e-001	3.33881e-001	
2.07769e-001	2.89237e-001	
2.13198e+000	5.27796e-002	
1.97209e+000	9.83110e-002	
1.03273e-001	1.95935e+000	
1.15668e-001	1.84560e+000	
1.96141e+000	1.03473e-001	
3.74166e-001	2.05090e-001	
2.25935e-001	2.75384e-001	
1.72532e-001	4.94865e-001	
2.01924e+000	9.64543e-002	
1.58284e-001	6.68034e-001	
1.16515e-001	1.91594e+000	
2.01209e-001	4.25178e-001	
2.37853e+000	1.73134e-002	
1.98348e-001	4.34671e-001	
1.21476e-001	1.85810e+000	
4.43124e-001	1.75319e-001	
1.00866e-001	2.01196e+000	
2.34682e+000	5.14587e-002	
8.19872e-001	1.61404e-001	
2.44211e+000	6.36560e-005	
4.96223e-001	1.71693e-001	
1.41296e-001	1.48710e+000	
1.75593e-001	4.89569e-001	
4.71150e-001	1.73671e-001	
2.70695e-001	2.68027e-001	
2.04733e-001	3.58439e-001	
2.08703e-001	3.40978e-001	
2.06994e-001	3.53201e-001	
2.86874e-001	2.10174e-001	
2.12560e-001	2.92254e-001	
3.68704e-001	2.08749e-001	
4.01196e-001	1.76539e-001	
2.76771e-002	2.22838e+000	
2.13296e+000	5.28040e-002	
1.23852e-003	2.46322e+000	
1.24145e+000	1.55888e-001	
