5.08585e-001	4.26597e-001	
8.24740e-001	2.62276e-001	
8.07762e-002	9.95305e-001	
8.19570e-001	2.75029e-001	
1.48256e-001	9.54101e-001	
5.43245e-001	3.59337e-001	
8.09175e-001	2.93063e-001	
1.12964e-001	9.83651e-001	
6.04746e-001	3.37970e-001	
1.72428e-001	7.63399e-001	
8.47545e-001	6.75463e-002	
5.25706e-001	3.79441e-001	
9.08175e-001	1.07526e-002	
7.94239e-001	3.08961e-001	
5.51901e-001	3.54733e-001	
8.01962e-001	3.00050e-001	
3.14350e-001	6.68399e-001	
8.37285e-001	1.20409e-001	
8.54853e-001	5.13422e-002	
8.61126e-001	4.23382e-002	
1.62109e-001	9.07302e-001	
1.08613e-004	1.00389e+000	
4.91113e-001	5.91028e-001	
5.30995e-001	3.72536e-001	
8.40019e-001	9.97468e-002	
1.94167e-001	7.10062e-001	
7.62532e-001	3.24444e-001	
7.46408e-001	3.27394e-001	
1.28509e-001	9.73229e-001	
1.23065e-001	9.80740e-001	
8.84647e-001	2.05124e-002	
6.36120e-001	3.35140e-001	
1.55294e-001	9.32142e-001	
7.74477e-001	3.21302e-001	
4.75210e-001	6.26457e-001	
9.02507e-001	1.20177e-002	
8.21994e-001	2.67817e-001	
8.93390e-001	1.62487e-002	
1.81809e-001	7.31566e-001	
1.75930e-001	7.49875e-001	
9.40703e-001	3.91272e-003	
2.00254e-001	7.01163e-001	
4.93782e-001	5.80957e-001	
8.31573e-001	2.23837e-001	
2.30900e-001	6.81424e-001	
5.06826e-001	4.37847e-001	
8.52912e-001	6.07796e-002	
5.19210e-001	3.91491e-001	
1.00817e-001	9.89506e-001	
5.68259e-001	3.46225e-001	
8.29301e-001	2.48454e-001	
4.98603e-001	5.46261e-001	
1.05685e-001	9.86307e-001	
8.69671e-001	3.21819e-002	
5.20966e-001	3.84743e-001	
5.37231e-001	3.64871e-001	
9.29659e-001	5.38630e-003	
1.51643e-001	9.40737e-001	
1.68930e-001	7.88824e-001	
4.96493e-001	5.63765e-001	
1.63261e-001	9.00345e-001	
5.91524e-001	3.40134e-001	
5.11969e-001	4.11239e-001	
2.49529e-001	6.76908e-001	
4.28416e-001	6.58266e-001	
1.34960e-001	9.66669e-001	
4.39268e-001	6.54445e-001	
9.13845e-001	8.97981e-003	
1.42510e-001	9.58210e-001	
1.88148e-001	7.18768e-001	
7.84361e-001	3.14160e-001	
1.66874e-001	8.39416e-001	
4.46999e-001	6.49125e-001	
1.58158e-001	9.25104e-001	
2.68309e-001	6.72735e-001	
8.14132e-001	2.82758e-001	
5.96608e-002	9.98749e-001	
7.04376e-001	3.33357e-001	
2.80534e-001	6.70686e-001	
8.44811e-001	7.80087e-002	
4.12099e-001	6.60958e-001	
4.69538e-001	6.34008e-001	
4.79878e-001	6.18972e-001	
7.32517e-001	3.29345e-001	
4.86569e-001	6.05043e-001	
4.00223e-001	6.64296e-001	
8.77706e-001	2.52193e-002	
1.78510e-001	7.38909e-001	
5.77339e-001	3.43750e-001	
5.15907e-001	3.97571e-001	
4.61810e-001	6.40457e-001	
5.04650e-001	4.49219e-001	
2.18355e-001	6.88605e-001	
9.82556e-001	7.12914e-004	
8.42302e-001	8.79234e-002	
8.35163e-001	1.43687e-001	
9.18363e-002	9.91733e-001	
7.17926e-001	3.31741e-001	
5.59303e-001	3.50760e-001	
5.01880e-001	4.64924e-001	
