9.48172e-004	1.04304e+000	
8.50707e-001	9.49779e-002	
5.04898e-001	4.91818e-001	
1.49303e-001	9.66884e-001	
1.84873e-001	7.33120e-001	
8.61163e-001	5.94731e-002	
2.04784e-001	7.11786e-001	
8.20326e-001	2.96085e-001	
1.63523e-001	9.28221e-001	
8.79569e-001	3.10614e-002	
5.33015e-001	3.89121e-001	
7.89936e-001	3.21215e-001	
9.37576e-002	1.00789e+000	
8.91120e-001	2.57162e-002	
7.96286e-001	3.15374e-001	
5.13956e-001	4.29638e-001	
1.73040e-001	7.70707e-001	
6.17434e-001	3.41044e-001	
1.59137e-001	9.43627e-001	
7.54638e-001	3.32312e-001	
1.30130e-001	9.78471e-001	
5.18121e-001	4.22413e-001	
1.44093e-001	9.67938e-001	
5.49211e-001	3.62503e-001	
2.43269e-003	1.03273e+000	
8.14053e-001	2.98304e-001	
9.63797e-001	2.94889e-003	
9.44372e-001	4.71422e-003	
1.91844e-001	7.20592e-001	
8.71230e-001	3.54324e-002	
1.37331e-001	9.76174e-001	
2.35061e-001	6.88164e-001	
1.87724e-001	7.27602e-001	
1.52700e-001	9.60389e-001	
1.23908e-001	9.90275e-001	
5.06269e-001	4.57112e-001	
5.21039e-001	4.01992e-001	
5.76324e-001	3.48144e-001	
1.79622e-001	7.49313e-001	
1.83346e-001	7.39770e-001	
9.29689e-001	7.88108e-003	
9.12056e-001	1.66885e-002	
5.73387e-001	3.54958e-001	
1.00638e-001	9.92702e-001	
8.45621e-001	2.55889e-001	
5.50876e-001	3.58544e-001	
4.37967e-003	1.01730e+000	
8.32239e-001	2.69304e-001	
8.07658e-001	3.08935e-001	
5.46726e-001	3.65067e-001	
8.81232e-001	2.69882e-002	
8.47878e-001	1.30546e-001	
5.69709e-001	3.56557e-001	
1.94840e-001	7.13126e-001	
8.93580e-001	1.84616e-002	
9.14001e-001	1.13898e-002	
5.00851e-001	5.65502e-001	
8.08889e-001	3.05579e-001	
1.66923e-001	8.73726e-001	
8.68208e-001	4.09504e-002	
2.72962e-001	6.76097e-001	
8.66389e-001	5.07678e-002	
4.63471e-002	1.01535e+000	
2.12388e-001	6.93863e-001	
1.38679e-001	9.70517e-001	
7.08427e-002	1.01291e+000	
1.69478e-001	8.36244e-001	
1.00101e+000	6.96419e-004	
1.74822e-001	7.65753e-001	
5.09454e-001	4.48653e-001	
5.15730e-001	4.24806e-001	
1.77099e-001	7.62444e-001	
5.37428e-001	3.76498e-001	
9.39130e-002	1.00956e+000	
1.63646e-001	9.28919e-001	
1.30004e-001	9.87884e-001	
6.21892e-001	3.43507e-001	
2.47017e-001	6.88308e-001	
8.60395e-001	5.94200e-002	
9.52182e-004	1.04745e+000	
1.73478e-001	7.72657e-001	
9.67875e-001	2.94248e-003	
5.14516e-001	4.30106e-001	
5.85509e-001	3.47360e-001	
7.97840e-001	3.15915e-001	
5.05025e-001	4.92434e-001	
4.83417e-002	1.01863e+000	
1.71184e-001	8.44661e-001	
5.33316e-001	3.89341e-001	
8.50287e-001	9.49310e-002	
1.66309e-001	8.87217e-001	
1.00203e+000	5.97536e-004	
8.26269e-001	2.98230e-001	
8.49206e-001	1.30750e-001	
8.45686e-001	2.58861e-001	
1.97484e-001	7.18227e-001	
9.15257e-001	1.14055e-002	
4.99957e-001	5.78993e-001	
3.08752e-001	6.77359e-001	
7.57043e-001	3.35271e-001	
