2.07418e-001	7.19138e-001	
1.86060e-001	7.68606e-001	
6.09058e-001	3.26563e-001	
7.42060e-001	1.91996e-001	
0.00000e+000	9.99535e-001	
4.97632e-001	4.29533e-001	
8.75855e-001	5.87270e-002	
2.03720e-003	9.52813e-001	
1.01269e-001	8.24828e-001	
8.15777e-001	1.11454e-001	
8.64942e-001	8.75401e-002	
8.88818e-001	3.17551e-002	
5.81339e-001	3.52369e-001	
9.53756e-001	0.00000e+000	
4.76258e-002	8.77501e-001	
3.24183e-001	6.36871e-001	
3.87956e-001	5.76659e-001	
6.56539e-001	2.73136e-001	
2.57705e-001	6.63082e-001	
2.14135e-002	9.15824e-001	
7.62553e-001	1.65829e-001	
4.25226e-001	5.15322e-001	
3.95612e-001	5.35896e-001	
7.96357e-001	1.39220e-001	
8.56668e-002	8.71496e-001	
4.77939e-002	8.80599e-001	
3.25048e-001	6.38570e-001	
6.82401e-001	2.82946e-001	
8.18424e-001	1.12623e-001	
9.66677e-001	0.00000e+000	
8.70018e-001	8.80539e-002	
5.84552e-001	3.54316e-001	
1.02106e-001	8.28514e-001	
1.86826e-001	7.71772e-001	
8.89864e-001	3.17925e-002	
2.08622e-001	7.23313e-001	
4.99478e-001	4.32150e-001	
8.77489e-001	6.00193e-002	
8.59306e-002	8.74180e-001	
4.26055e-001	5.16327e-001	
7.65376e-001	1.67515e-001	
0.00000e+000	1.00067e+000	
2.17685e-002	9.21835e-001	
8.01728e-001	1.40092e-001	
3.96938e-001	5.37691e-001	
2.58403e-001	6.64879e-001	
2.03949e-003	9.53884e-001	
6.13184e-001	3.28775e-001	
7.43486e-001	1.93090e-001	
8.80188e-001	5.90176e-002	
5.83374e-001	4.06010e-001	
2.86049e-002	9.19715e-001	
8.76216e-001	6.39369e-002	
1.02799e-001	8.34139e-001	
3.26955e-001	6.42904e-001	
8.21618e-001	1.13063e-001	
4.78650e-002	8.81909e-001	
8.90935e-001	3.18308e-002	
2.04312e-003	9.55582e-001	
8.05160e-001	1.40660e-001	
8.60774e-002	8.75673e-001	
2.58925e-001	6.67060e-001	
2.19052e-002	9.36851e-001	
2.44548e-002	9.25522e-001	
3.97901e-001	5.38996e-001	
4.27055e-001	5.17538e-001	
7.72553e-001	1.69086e-001	
9.69276e-001	0.00000e+000	
5.85239e-001	3.55590e-001	
6.88268e-001	2.83580e-001	
1.86300e-001	7.73739e-001	
6.87081e-001	2.84886e-001	
7.44479e-001	1.96649e-001	
0.00000e+000	1.00589e+000	
5.02669e-001	4.34910e-001	
7.48708e-001	1.93716e-001	
2.09038e-001	7.24755e-001	
6.16234e-001	3.30410e-001	
6.82789e-001	2.93944e-001	
5.92395e-001	3.72786e-001	
8.08315e-001	1.41311e-001	
4.29251e-001	5.20199e-001	
3.96273e-001	5.89022e-001	
4.00153e-001	5.42046e-001	
0.00000e+000	1.01142e+000	
5.94227e-001	3.60181e-001	
3.28374e-001	6.45104e-001	
7.74341e-001	1.68392e-001	
2.19297e-002	9.37897e-001	
1.03874e-001	8.42861e-001	
2.09839e-001	7.27533e-001	
2.46207e-002	9.31802e-001	
6.18829e-001	3.30489e-001	
5.04801e-001	4.36756e-001	
8.85077e-001	5.93454e-002	
7.52094e-001	1.94592e-001	
9.76741e-001	0.00000e+000	
9.04635e-001	4.02900e-002	
8.28028e-001	1.13945e-001	
2.59868e-001	6.68648e-001	
