5.26905e-004	3.76294e+000	
2.35274e+000	4.00438e-002	
4.55689e-001	3.45503e-001	
3.11779e+000	8.33104e-007	
6.43094e-002	2.37692e+000	
4.21321e-001	3.98903e-001	
2.81470e+000	1.24841e-003	
2.26186e-003	3.24535e+000	
2.70903e-001	6.53952e-001	
1.68983e-001	1.91179e+000	
2.79289e-001	6.61548e-001	
1.69190e-001	1.91414e+000	
4.27449e-001	4.04705e-001	
1.53991e-001	2.51040e+000	
1.49200e-001	2.60486e+000	
2.95111e+000	1.30891e-003	
4.85452e-001	3.68069e-001	
6.48019e-002	2.65260e+000	
2.35603e+000	4.00999e-002	
1.13001e+000	3.65987e-001	
3.34200e+000	8.93014e-007	
2.75439e-001	6.64903e-001	
2.86273e+000	4.26897e-003	
5.94983e-004	4.24912e+000	
2.38931e+000	4.06663e-002	
2.63708e-003	3.78373e+000	
2.07059e-001	2.34256e+000	
4.33709e-001	4.10632e-001	
1.57364e-001	2.56540e+000	
1.23731e-001	2.75644e+000	
6.73699e-002	2.75773e+000	
1.67940e-001	2.51995e+000	
2.95395e+000	2.01154e-003	
5.42740e-004	4.46505e+000	
1.50718e-001	2.63136e+000	
3.45320e+000	1.00611e-005	
6.74208e-002	2.75950e+000	
1.36998e-006	4.47079e+000	
3.81883e-003	4.06639e+000	
1.14561e+000	3.97088e-001	
1.72432e-002	3.96924e+000	
2.39548e+000	4.07713e-002	
3.10174e+000	2.15772e-003	
2.89114e-001	6.97914e-001	
2.70599e+000	4.60562e-002	
8.97206e-003	4.22373e+000	
6.75000e-002	2.76305e+000	
3.16669e-001	7.23755e-001	
5.50304e-004	4.52728e+000	
1.11021e+000	4.05209e-001	
5.52053e-004	4.54166e+000	
3.38356e-001	7.34455e-001	
7.80972e-001	4.19507e-001	
3.13241e+000	2.13307e-003	
5.15794e-001	4.88349e-001	
7.00621e-002	2.84160e+000	
4.94186e-003	4.34706e+000	
5.38938e-001	5.10261e-001	
7.05481e-002	2.86131e+000	
8.16572e-001	4.37928e-001	
1.35095e-002	4.30964e+000	
3.15943e+000	2.15147e-003	
3.72069e-001	8.45349e-001	
4.43391e+000	3.42422e-004	
9.22014e-003	4.34052e+000	
5.54376e-004	4.56077e+000	
1.38622e+000	4.06509e-001	
7.81029e-002	3.16772e+000	
4.43557e+000	3.42550e-004	
8.54456e-001	4.58980e-001	
1.35873e-002	4.33446e+000	
3.91709e-001	9.26643e-001	
7.83714e-001	4.98233e-001	
3.30494e+000	1.46585e-003	
2.89565e+000	4.92843e-002	
5.45581e-001	5.16550e-001	
5.54900e-004	4.56508e+000	
4.14965e-001	8.70692e-001	
4.49213e+000	3.46918e-004	
2.92904e+000	4.98526e-002	
5.56451e-004	4.57784e+000	
3.94627e-001	9.33547e-001	
1.05788e+000	4.59214e-001	
5.52418e-001	5.23024e-001	
3.32878e+000	1.22859e-003	
8.92680e-001	4.78745e-001	
4.53290e+000	3.50067e-004	
5.32723e-004	4.67068e+000	
3.98233e-001	9.61323e-001	
5.95667e-001	5.67074e-001	
8.03398e-001	5.10747e-001	
5.95356e-001	6.06131e-001	
9.45081e-001	4.92293e-001	
5.89589e-004	4.68318e+000	
1.36465e-002	4.35333e+000	
3.97739e-001	1.04873e+000	
4.08608e-001	9.87286e-001	
5.22476e-004	4.72883e+000	
1.41411e+000	4.45372e-001	
4.78679e+000	8.39801e-004	
