1.40406e-002	9.62427e-001	
7.64615e-001	2.58324e-001	
1.01521e+000	1.63133e-002	
7.55019e-001	2.60532e-001	
8.40665e-001	2.34820e-001	
1.01928e+000	8.72227e-003	
1.01761e+000	9.84306e-003	
6.41021e-001	2.93523e-001	
1.70811e-002	9.40402e-001	
5.31478e-001	4.08372e-001	
9.99017e-001	4.99885e-002	
8.56926e-001	2.28821e-001	
1.08380e-001	8.10208e-001	
8.43825e-001	2.32849e-001	
3.84883e-001	7.19011e-001	
6.27541e-001	3.04884e-001	
2.13069e-003	1.00450e+000	
4.91657e-001	5.68980e-001	
9.12374e-001	2.00441e-001	
1.12752e-002	9.68074e-001	
5.49014e-001	3.74670e-001	
1.76108e-001	7.77184e-001	
3.95829e-001	7.05410e-001	
6.60725e-001	2.80533e-001	
5.88241e-002	8.67824e-001	
1.91591e-002	9.36683e-001	
8.49406e-001	2.29855e-001	
9.72060e-001	1.32223e-001	
8.22143e-003	9.75796e-001	
3.17143e-001	7.44972e-001	
5.46240e-002	8.69487e-001	
6.89374e-001	2.69390e-001	
2.17605e-001	7.70117e-001	
6.33141e-001	2.98739e-001	
5.72234e-001	3.37001e-001	
6.47177e-002	8.61592e-001	
4.90051e-001	5.74707e-001	
8.90647e-001	2.15595e-001	
6.69422e-001	2.77173e-001	
1.32732e-001	7.94230e-001	
2.32915e-001	7.66600e-001	
7.18054e-003	9.77457e-001	
4.66140e-001	6.22003e-001	
5.51375e-001	3.63828e-001	
9.57031e-001	1.45551e-001	
4.68117e-001	6.19922e-001	
8.44754e-002	8.28827e-001	
1.03430e-001	8.12157e-001	
1.00586e+000	3.49264e-002	
3.06943e-001	7.52143e-001	
9.60195e-001	1.34837e-001	
5.11504e-001	4.71195e-001	
1.55572e-002	9.59527e-001	
9.80042e-002	8.17314e-001	
3.49181e-002	8.92743e-001	
1.06357e+000	6.10388e-004	
9.91078e-004	1.01178e+000	
9.81401e-001	9.42140e-002	
6.44870e-001	2.88069e-001	
5.92594e-001	3.19238e-001	
8.73100e-001	2.20570e-001	
1.52614e-001	7.84942e-001	
5.16905e-001	4.61146e-001	
4.53717e-001	6.41165e-001	
5.25525e-001	4.24119e-001	
6.31853e-001	3.06305e-001	
3.31359e-003	1.00667e+000	
5.47947e-002	8.72205e-001	
1.00319e+000	5.20598e-002	
5.34221e-001	4.10480e-001	
6.36946e-001	3.00535e-001	
1.41738e-002	9.64447e-001	
7.59294e-001	2.62007e-001	
4.10679e-001	7.07571e-001	
3.41915e-002	9.17859e-001	
8.43968e-002	8.46623e-001	
5.93997e-001	3.19993e-001	
9.80564e-001	9.70428e-002	
1.33278e-001	7.95909e-001	
9.99752e-004	1.02063e+000	
1.53137e-001	7.87633e-001	
2.33411e-001	7.68231e-001	
3.13966e-001	7.53942e-001	
5.12508e-001	4.72120e-001	
4.64740e-001	6.37212e-001	
1.08581e+000	6.23154e-004	
9.69103e-001	1.37831e-001	
3.98998e-001	7.16054e-001	
1.13214e-002	9.72038e-001	
4.57169e-001	6.46043e-001	
6.64021e-001	2.81932e-001	
1.76425e-001	7.78581e-001	
5.91311e-001	3.41614e-001	
8.74652e-001	2.20962e-001	
5.84496e-001	3.49643e-001	
4.18425e-001	7.04576e-001	
1.03079e+000	8.82076e-003	
1.05452e-001	8.13114e-001	
6.46507e-001	2.88800e-001	
8.52508e-001	2.30694e-001	
