2.37102e-001	5.09174e-001	
1.28161e-001	7.75959e-001	
1.67885e-001	6.44669e-001	
7.73618e-001	2.45196e-001	
3.73469e-001	4.03346e-001	
1.59875e-001	7.20519e-001	
2.98437e-001	4.52992e-001	
6.66175e-001	2.79497e-001	
4.59418e-001	3.59662e-001	
8.82607e-001	2.07449e-001	
9.21122e-002	7.91533e-001	
2.44236e-003	8.13128e-001	
2.12096e-001	5.41363e-001	
1.50973e-001	7.53415e-001	
3.79056e-002	8.01775e-001	
3.32122e-001	4.28530e-001	
1.75525e-001	6.13265e-001	
7.14107e-001	2.64528e-001	
1.23917e-003	8.34125e-001	
7.72158e-002	7.95858e-001	
1.13060e-001	7.84100e-001	
6.23011e-003	8.05165e-001	
3.53554e-001	4.15237e-001	
1.42012e-001	7.65013e-001	
2.50997e-001	4.94625e-001	
7.37254e-001	2.56740e-001	
9.79955e-001	1.45459e-001	
1.16096e-002	8.03694e-001	
9.65015e-001	1.75902e-001	
6.94073e-001	2.70390e-001	
2.49313e-006	9.23331e-001	
9.13443e-001	1.94396e-001	
6.23729e-001	2.93498e-001	
9.23672e-001	1.88918e-001	
2.88055e-001	4.61650e-001	
2.56177e-001	4.89179e-001	
6.05035e-001	2.99846e-001	
8.30681e-001	2.26498e-001	
5.63017e-001	3.17458e-001	
1.55569e-001	7.42861e-001	
1.99295e-001	5.61702e-001	
2.04500e-001	5.53587e-001	
4.50450e-001	3.63029e-001	
9.34033e-001	1.83479e-001	
2.19564e-001	5.30242e-001	
1.57997e-001	7.31648e-001	
4.87996e-001	3.46103e-001	
2.62130e-001	4.84647e-001	
6.31818e-001	2.91875e-001	
8.03634e-001	2.35856e-001	
9.92726e-001	1.19293e-001	
7.56356e-001	2.51351e-001	
6.15866e-001	2.96177e-001	
9.89962e-001	1.28390e-001	
1.69262e-001	6.38154e-001	
5.04275e-001	3.38658e-001	
1.64422e-001	6.69207e-001	
6.81122e-001	2.75377e-001	
5.23791e-001	3.30574e-001	
3.97360e-001	3.89878e-001	
1.84950e-001	5.88355e-001	
6.84724e-002	7.97718e-001	
9.07060e-001	2.00119e-001	
5.13386e-001	3.34836e-001	
5.47531e-001	3.21447e-001	
2.43253e-001	5.02801e-001	
5.92011e-001	3.04634e-001	
8.55419e-001	2.18706e-001	
9.96591e-001	1.09638e-001	
1.80126e-001	6.00230e-001	
3.82825e-001	3.97808e-001	
4.76686e-001	3.50735e-001	
5.77481e-001	3.10210e-001	
2.26484e-001	5.22308e-001	
1.66820e-001	6.56276e-001	
1.62863e-001	6.83336e-001	
9.66919e-001	1.59063e-001	
2.80198e-001	4.69481e-001	
9.72904e-001	1.53453e-001	
9.38846e-001	1.80706e-001	
6.38517e-001	2.88821e-001	
8.54845e-002	7.93505e-001	
4.11240e-001	3.82187e-001	
4.97344e-001	3.42147e-001	
1.73941e-001	6.19888e-001	
8.72266e-001	2.11701e-001	
5.30963e-001	3.28695e-001	
4.41448e-001	3.67802e-001	
5.68890e-001	3.13663e-001	
5.62201e-002	7.99596e-001	
5.40130e-001	3.26421e-001	
8.96163e-001	2.01915e-001	
3.41726e-001	4.22559e-001	
3.64432e-001	4.08039e-001	
1.91306e-001	5.75414e-001	
2.67477e-001	4.78819e-001	
1.34488e-001	7.71693e-001	
6.52530e-001	2.83909e-001	
3.15156e-001	4.42530e-001	
4.69284e-001	3.54496e-001	
