2.60990e-001	7.61405e-001	
7.37089e-001	2.79632e-001	
9.28591e-001	8.24383e-002	
7.49630e-001	2.74466e-001	
9.51807e-001	6.22409e-002	
2.63687e-001	7.52492e-001	
2.17508e-001	7.91887e-001	
2.22393e-001	7.89954e-001	
2.41550e-001	7.71031e-001	
5.70661e-001	4.60355e-001	
1.76222e-001	8.35846e-001	
6.68853e-001	3.39334e-001	
7.53851e-001	2.61705e-001	
7.92364e-001	2.18194e-001	
1.94493e-001	8.17657e-001	
4.82455e-001	5.30116e-001	
6.42212e-002	9.47346e-001	
5.24808e-001	4.94470e-001	
7.09954e-001	2.98233e-001	
9.54147e-001	5.07637e-002	
7.98974e-001	2.11458e-001	
2.73230e-001	7.36905e-001	
6.08908e-001	4.01838e-001	
7.17973e-001	2.91268e-001	
1.99376e-001	8.05911e-001	
5.53449e-001	4.67615e-001	
5.98296e-003	1.00135e+000	
5.48569e-001	4.72856e-001	
2.34552e-001	7.73804e-001	
4.43467e-004	1.00513e+000	
8.90251e-001	1.13094e-001	
9.12805e-001	9.65260e-002	
1.16288e-001	8.88932e-001	
2.84701e-001	7.30188e-001	
1.52117e-001	8.58876e-001	
8.29900e-001	1.84732e-001	
7.24839e-001	2.83716e-001	
3.41057e-001	6.68820e-001	
9.72189e-001	3.21918e-002	
9.00260e-001	1.05562e-001	
6.00338e-001	4.05921e-001	
1.71688e-001	8.39541e-001	
8.73628e-001	1.36111e-001	
4.05218e-001	6.13892e-001	
7.65689e-001	2.45119e-001	
4.69696e-001	5.35786e-001	
8.66159e-002	9.17022e-001	
1.00405e+000	1.83667e-003	
5.43468e-002	9.51538e-001	
1.80172e-001	8.24878e-001	
7.76282e-001	2.38838e-001	
6.31118e-001	3.78744e-001	
3.83046e-001	6.21710e-001	
8.64133e-001	1.40948e-001	
9.16669e-002	9.13570e-001	
6.18757e-001	3.90783e-001	
7.54944e-002	9.30370e-001	
5.78101e-001	4.32972e-001	
9.37773e-001	7.32462e-002	
4.17158e-002	9.65149e-001	
5.08419e-001	5.02630e-001	
4.35499e-001	5.70206e-001	
3.11802e-001	6.98824e-001	
8.49022e-001	1.70481e-001	
7.02204e-001	3.04496e-001	
4.90418e-001	5.22465e-001	
5.29993e-001	4.82500e-001	
2.29450e-001	7.78526e-001	
6.81135e-001	3.29189e-001	
6.28909e-001	3.83859e-001	
8.14489e-002	9.21757e-001	
6.44079e-001	3.65648e-001	
1.64559e-001	8.41466e-001	
3.60898e-001	6.59223e-001	
3.82437e-002	9.86496e-001	
6.82887e-001	3.24394e-001	
5.17869e-001	4.96192e-001	
1.46849e-002	9.92810e-001	
6.48234e-001	3.64196e-001	
8.14411e-001	2.03082e-001	
3.17159e-001	6.92642e-001	
8.21604e-001	1.97873e-001	
5.81555e-001	4.23075e-001	
6.94159e-001	3.16311e-001	
8.86260e-001	1.20777e-001	
3.26725e-001	6.85641e-001	
3.22489e-001	6.88327e-001	
9.83143e-001	2.24204e-002	
4.50070e-001	5.55234e-001	
1.05889e-001	9.01123e-001	
7.13269e-001	2.93775e-001	
6.14176e-001	3.95187e-001	
6.50251e-001	3.54074e-001	
2.25891e-001	7.84584e-001	
3.10160e-001	7.21841e-001	
4.16197e-001	5.93694e-001	
6.86066e-001	3.21649e-001	
5.88074e-001	4.20072e-001	
4.98022e-001	5.07857e-001	
4.25092e-001	5.81520e-001	
