1.88260e-004	1.00169e+000	
1.03043e+000	1.15504e-002	
3.32183e-001	6.85015e-001	
6.81191e-001	3.36267e-001	
9.30358e-001	1.96690e-001	
9.62994e-001	1.53208e-001	
2.79628e-001	8.05014e-001	
3.92454e-001	5.50622e-001	
1.12597e-001	9.67991e-001	
7.22537e-001	3.21307e-001	
3.27253e-001	6.91583e-001	
8.90678e-001	2.35700e-001	
3.60644e-001	6.08199e-001	
8.32367e-001	2.68681e-001	
2.83383e-001	7.95126e-001	
3.14138e-001	7.28006e-001	
5.04564e-001	4.34180e-001	
7.06967e-001	3.29401e-001	
7.77936e-001	2.93351e-001	
1.66293e-001	9.44174e-001	
2.74378e-001	8.16353e-001	
2.04438e-001	9.09685e-001	
3.23995e-001	6.99900e-001	
2.35977e-001	8.66773e-001	
3.28903e-001	6.87195e-001	
8.25842e-001	2.74331e-001	
2.80909e-001	7.98504e-001	
2.75462e-001	8.14640e-001	
2.56805e-001	8.39482e-001	
7.50761e-001	3.09804e-001	
6.06901e-001	3.57933e-001	
6.28479e-001	3.55550e-001	
2.40682e-001	8.60522e-001	
5.79101e-001	3.72545e-001	
3.66162e-001	5.96839e-001	
2.93475e-001	7.73931e-001	
2.91678e-001	7.77380e-001	
3.52675e-001	6.34534e-001	
4.37114e-001	4.95506e-001	
3.19631e-001	7.09950e-001	
3.34416e-001	6.74838e-001	
3.09300e-001	7.38723e-001	
3.76144e-001	5.70804e-001	
2.50067e-001	8.55473e-001	
2.55542e-001	8.49135e-001	
3.99047e-001	5.39267e-001	
2.08350e-001	8.97996e-001	
3.00031e-001	7.62669e-001	
4.20012e-001	5.15194e-001	
2.31316e-001	8.75021e-001	
1.74505e-001	9.41655e-001	
2.14297e-001	8.93572e-001	
2.85615e-001	7.90493e-001	
9.51210e-002	9.75669e-001	
1.78862e-001	9.24581e-001	
2.78379e-001	8.09313e-001	
5.06133e-001	4.17660e-001	
7.37615e-001	3.14879e-001	
8.78423e-001	2.41848e-001	
3.81426e-001	5.59443e-001	
9.24983e-001	2.10442e-001	
2.62707e-001	8.30515e-001	
9.71120e-001	1.45998e-001	
5.95423e-001	3.65588e-001	
3.57112e-001	6.16607e-001	
3.42957e-001	6.53630e-001	
3.22224e-001	7.02874e-001	
4.11441e-001	5.23753e-001	
5.20785e-001	4.10786e-001	
2.98654e-001	7.64803e-001	
3.03679e-001	7.48375e-001	
3.25049e-001	6.95105e-001	
9.10337e-001	2.16843e-001	
3.17141e-001	7.16056e-001	
3.12201e-001	7.31220e-001	
6.53531e-001	3.42082e-001	
4.52216e-001	4.80185e-001	
3.15931e-001	7.20353e-001	
1.00081e+000	1.07209e-001	
3.10681e-001	7.35288e-001	
2.68186e-001	8.25693e-001	
5.22458e-001	4.02958e-001	
6.29492e-001	3.51663e-001	
3.54707e-001	6.20137e-001	
2.90459e-001	7.81909e-001	
4.82219e-001	4.39133e-001	
3.39933e-001	6.62384e-001	
3.88493e-001	5.57431e-001	
3.95892e-001	5.44704e-001	
5.64187e-001	3.77176e-001	
3.08058e-001	7.42184e-001	
5.60149e-001	3.82484e-001	
3.82361e-001	5.60815e-001	
6.05811e-001	3.66082e-001	
2.63600e-001	8.33337e-001	
3.25861e-001	6.98426e-001	
3.05387e-001	7.48289e-001	
2.90215e-001	7.85802e-001	
3.95946e-001	5.45839e-001	
3.41787e-001	6.65997e-001	
