1.47956e-006	1.00076e+000	
7.12063e-001	1.01881e-001	
1.81310e-001	5.86481e-001	
8.81071e-002	9.85844e-001	
5.05168e-001	3.28532e-001	
3.60082e-001	4.31525e-001	
1.71175e-001	8.22747e-001	
2.24410e-001	4.64488e-001	
5.38191e-001	1.31902e-001	
1.66497e-002	9.99629e-001	
4.87999e-001	3.76735e-001	
1.87505e-001	5.40550e-001	
3.17574e-001	4.33774e-001	
1.69030e-001	8.39174e-001	
5.21100e-001	1.61328e-001	
4.98995e-001	3.50876e-001	
1.91565e-001	5.22549e-001	
1.05966e-001	9.76663e-001	
1.84680e-001	5.56097e-001	
1.82768e-001	5.71505e-001	
2.82463e-001	4.37603e-001	
1.23296e-001	9.61700e-001	
2.02053e-001	4.93841e-001	
5.08314e-001	3.16311e-001	
5.16234e-001	1.84063e-001	
1.13564e-001	9.70471e-001	
5.68232e-001	1.14804e-001	
1.41454e-001	9.36027e-001	
2.39305e-001	4.52614e-001	
4.70922e-001	3.98185e-001	
1.94249e-001	5.14725e-001	
5.03166e-001	3.36253e-001	
2.52358e-001	4.46264e-001	
4.81919e-001	3.84816e-001	
4.22279e-001	4.23825e-001	
1.37622e-001	9.42402e-001	
2.95083e-002	9.98506e-001	
1.73838e-001	7.91612e-001	
1.44121e-001	9.30761e-001	
9.33467e-002	9.83797e-001	
2.19569e-001	4.69065e-001	
1.65350e-001	8.65561e-001	
4.06622e-001	4.29851e-001	
2.63228e-001	4.42825e-001	
2.35209e-001	4.55713e-001	
1.67606e-001	8.50123e-001	
1.59047e-001	8.90050e-001	
2.03862e-001	4.90232e-001	
1.62834e-001	8.76334e-001	
1.97188e-001	5.04836e-001	
7.31817e-002	9.91457e-001	
5.73100e-001	1.12504e-001	
9.77405e-002	9.81181e-001	
4.96325e-001	3.61951e-001	
5.18088e-001	1.71608e-001	
4.61341e-001	4.06135e-001	
1.32278e-001	9.50655e-001	
5.45780e-001	1.25461e-001	
5.42190e-001	1.28418e-001	
5.52694e-001	1.20626e-001	
5.88638e-001	1.08864e-001	
4.75457e-001	3.93873e-001	
6.36653e-001	1.03991e-001	
1.80168e-001	6.02394e-001	
4.92044e-001	3.68637e-001	
1.53425e-001	9.09761e-001	
5.13295e-001	2.18697e-001	
1.49948e-001	9.17806e-001	
2.06630e-001	4.86838e-001	
2.43826e-001	4.50172e-001	
5.10108e-001	2.90145e-001	
1.78904e-001	6.26717e-001	
5.25988e-001	1.49782e-001	
2.16034e-001	4.74278e-001	
5.28107e-001	1.44679e-001	
1.57655e-001	8.95719e-001	
4.13048e-001	4.25942e-001	
5.23791e-001	1.54659e-001	
8.19529e-001	7.32479e-002	
5.30787e-001	1.40223e-001	
2.48723e-001	4.47962e-001	
5.35393e-001	1.34419e-001	
2.28837e-001	4.60138e-001	
1.47807e-001	9.23530e-001	
1.27885e-001	9.56605e-001	
1.86231e-001	5.46868e-001	
1.76421e-001	7.37920e-001	
8.22827e-002	9.89061e-001	
1.77872e-001	6.63138e-001	
2.95262e-001	4.36231e-001	
7.43752e-001	9.97520e-002	
4.33085e-001	4.20551e-001	
4.48301e-001	4.14033e-001	
5.12280e-001	2.48027e-001	
5.80602e-002	9.94728e-001	
5.49018e-001	1.23308e-001	
2.09714e-001	4.80469e-001	
1.60314e-001	8.85187e-001	
5.99098e-001	1.07279e-001	
1.35466e-001	9.45664e-001	
