1.04889e+000	6.34079e-004	
5.00409e-004	1.03040e+000	
1.00391e+000	5.79078e-002	
6.59415e-002	9.97386e-001	
9.46278e-001	1.64828e-001	
1.31509e-001	9.65843e-001	
6.72794e-001	3.40303e-001	
7.52929e-001	3.12671e-001	
9.60117e-001	1.28493e-001	
2.42381e-001	8.82878e-001	
7.08284e-001	3.25288e-001	
3.53631e-001	6.59334e-001	
8.32924e-001	2.66103e-001	
1.00719e+000	1.81212e-002	
9.28350e-001	1.75751e-001	
6.27031e-001	3.57409e-001	
6.59042e-001	3.46361e-001	
9.88649e-001	9.37930e-002	
8.59566e-001	2.55325e-001	
1.81716e-001	9.29276e-001	
1.57055e-001	9.55156e-001	
9.19511e-001	2.03401e-001	
7.20986e-001	3.21357e-001	
9.20341e-002	9.77256e-001	
6.16730e-001	3.68204e-001	
3.34547e-001	7.00231e-001	
3.56026e-001	6.20815e-001	
2.85613e-001	8.11662e-001	
9.79008e-002	9.73135e-001	
1.72881e-001	9.49024e-001	
1.01818e+000	5.96944e-003	
4.06074e-002	1.00784e+000	
4.78264e-001	4.44332e-001	
4.15390e-001	4.99473e-001	
8.91208e-001	2.29089e-001	
2.57289e-001	8.58773e-001	
4.05990e-001	5.27049e-001	
3.14695e-001	7.38590e-001	
5.26423e-001	4.09649e-001	
3.07766e-001	7.62230e-001	
2.71532e-001	8.30574e-001	
5.83952e-001	3.69745e-001	
8.21198e-001	2.83849e-001	
3.40575e-001	6.72451e-001	
3.21830e-001	7.22220e-001	
1.98944e-001	9.15507e-001	
4.95645e-001	4.32067e-001	
7.89341e-001	2.89476e-001	
7.69232e-001	3.01285e-001	
5.41618e-001	3.90180e-001	
2.26092e-001	8.94962e-001	
8.69275e-001	2.42277e-001	
3.80591e-001	5.70284e-001	
5.65893e-001	3.83394e-001	
8.09286e-001	2.87091e-001	
3.73524e-001	5.90185e-001	
1.70678e-002	1.02415e+000	
3.86551e-001	5.64273e-001	
1.04107e+000	1.86976e-003	
3.02614e-001	7.78964e-001	
4.34992e-001	4.86298e-001	
8.75221e-001	2.31645e-001	
5.39355e-001	3.97363e-001	
3.38978e-001	6.87151e-001	
2.65002e-001	8.35827e-001	
9.15091e-001	2.23429e-001	
5.09209e-001	4.12261e-001	
4.65625e-001	4.51524e-001	
4.22136e-001	4.93983e-001	
7.77770e-001	2.96701e-001	
2.89545e-001	7.94233e-001	
4.39713e-001	4.75700e-001	
2.59819e-001	8.52397e-001	
3.91743e-001	5.45258e-001	
9.74213e-001	1.24799e-001	
3.02075e-002	1.01159e+000	
2.03864e-001	9.09680e-001	
1.91392e-002	1.01275e+000	
4.62676e-001	4.61887e-001	
2.14574e-001	9.05116e-001	
4.46132e-001	4.65930e-001	
9.17250e-001	2.21983e-001	
9.85467e-001	1.01341e-001	
9.80258e-001	1.09611e-001	
3.18215e-001	7.26314e-001	
3.68462e-001	6.04193e-001	
3.05804e-001	7.74476e-001	
2.19514e-001	9.00230e-001	
5.05512e-001	4.21883e-001	
2.88438e-001	7.96363e-001	
9.75506e-001	1.15574e-001	
4.52649e-001	4.64138e-001	
5.02998e-001	4.27461e-001	
3.70386e-001	5.97237e-001	
3.65981e-001	6.16087e-001	
3.98546e-001	5.35515e-001	
5.71184e-001	3.82111e-001	
3.93219e-001	5.42393e-001	
4.02055e-001	5.33910e-001	
5.77369e-001	3.77738e-001	
