4.17421e-003	1.06833e+000	
5.46621e-004	1.09241e+000	
3.78027e-001	5.09054e-001	
5.29852e-002	1.03998e+000	
1.08274e+000	8.98447e-007	
1.05387e+000	5.65639e-002	
4.10576e-001	4.37859e-001	
3.05603e-001	9.46790e-001	
5.70320e-001	3.84456e-001	
1.59114e-001	1.02870e+000	
1.39679e-001	1.03537e+000	
4.74971e-001	3.86697e-001	
3.55935e-001	5.54411e-001	
1.04046e+000	6.88659e-002	
3.80292e-001	4.83442e-001	
1.60064e-002	1.05254e+000	
1.64655e-001	1.02173e+000	
3.66166e-001	5.17475e-001	
3.89951e-001	4.47062e-001	
4.23480e-001	4.07177e-001	
1.07490e+000	3.12043e-001	
1.65811e-001	1.02890e+000	
1.08598e+000	2.18577e-005	
3.32090e-001	9.48052e-001	
3.96155e-001	4.87684e-001	
1.45793e-001	1.03533e+000	
3.98479e-001	4.53702e-001	
8.31531e-002	1.04481e+000	
3.59390e-001	8.22244e-001	
4.91380e-001	3.85707e-001	
3.27121e-001	9.71482e-001	
4.44658e-001	4.14868e-001	
4.10408e-001	4.37681e-001	
3.61508e-001	7.87428e-001	
3.92833e-001	4.89448e-001	
4.80945e-001	4.09307e-001	
1.61282e-002	1.06055e+000	
4.37289e-001	4.35155e-001	
4.82824e-001	3.93091e-001	
3.70170e-001	5.23133e-001	
5.33716e-002	1.05268e+000	
5.55948e-004	1.11105e+000	
8.26587e-003	1.10446e+000	
3.79817e-001	5.11465e-001	
1.66182e-001	1.03121e+000	
3.99788e-001	4.55192e-001	
3.71768e-001	5.23617e-001	
5.45042e-002	1.06245e+000	
4.21264e-001	4.49258e-001	
3.94725e-001	4.99176e-001	
5.34224e-001	3.88240e-001	
1.47780e-001	1.03619e+000	
1.09251e+000	2.86569e-002	
3.84115e-001	5.15585e-001	
3.40224e-001	9.77939e-001	
5.71512e-001	3.85260e-001	
3.26307e-001	1.01373e+000	
3.69512e-001	5.75344e-001	
4.85116e-001	4.12857e-001	
4.46380e-001	4.16474e-001	
4.90314e-001	3.99189e-001	
1.64045e-002	1.07872e+000	
1.94685e-002	1.06492e+000	
3.66561e-001	8.38650e-001	
4.27998e-001	4.37922e-001	
8.26441e-003	1.10427e+000	
1.28065e-003	1.15899e+000	
6.81403e-003	1.12537e+000	
5.02807e-001	3.95136e-001	
2.92682e-003	1.14369e+000	
1.10508e+000	2.22420e-005	
4.18041e-001	4.54920e-001	
3.69645e-001	8.45706e-001	
3.41095e-001	9.80440e-001	
1.49937e-001	1.03631e+000	
3.84928e-002	1.07440e+000	
2.01484e-002	1.08107e+000	
1.47520e-001	1.04759e+000	
1.67102e-002	1.09882e+000	
4.50889e-001	4.20682e-001	
3.97601e-001	5.02812e-001	
4.28120e-001	4.38048e-001	
3.99731e-001	4.69896e-001	
3.31411e-001	1.02441e+000	
4.91095e-001	4.14723e-001	
3.42512e-001	9.77806e-001	
1.16336e-002	1.10541e+000	
2.93253e-003	1.14592e+000	
6.85602e-003	1.13231e+000	
1.65351e-001	1.03301e+000	
4.03019e-001	4.56584e-001	
1.11624e+000	2.24668e-005	
1.10566e+000	1.45866e-003	
4.53621e-004	1.16383e+000	
3.72181e-001	5.25975e-001	
5.07826e-001	4.13446e-001	
5.35421e-001	3.89110e-001	
5.16002e-001	4.02007e-001	
4.51685e-001	4.21424e-001	
1.13417e+000	2.28276e-005	
