3.55864e+000	7.90439e-005	
8.41997e-003	4.26290e+000	
2.40969e-005	5.20383e+000	
1.67734e+000	1.84670e+000	
4.52568e-001	2.75623e+000	
3.67640e-001	2.91604e+000	
3.11095e+000	6.51235e-001	
2.37247e-001	3.56050e+000	
3.32612e+000	3.88503e-001	
1.47401e-002	3.87528e+000	
5.15549e-003	4.65170e+000	
4.00242e-003	5.84957e+000	
4.01532e+000	1.65662e-001	
3.39681e+000	7.11077e-001	
3.54698e-005	7.65986e+000	
1.01245e-002	5.12587e+000	
1.61246e-002	4.24519e+000	
4.83467e+000	8.15715e-004	
4.75143e+000	4.43094e-003	
2.35539e+000	2.92549e+000	
6.52545e-003	5.82973e+000	
2.42910e+000	2.66347e+000	
6.85467e-002	4.03820e+000	
5.36936e-002	4.79259e+000	
1.18587e-001	4.31069e+000	
4.42261e+000	6.42351e-001	
4.44093e+000	6.36995e-001	
2.46535e+000	3.06207e+000	
2.58605e+000	2.68077e+000	
3.48344e-002	5.25187e+000	
3.75415e-005	8.10725e+000	
1.01049e-002	5.39986e+000	
1.13687e-002	5.32303e+000	
4.91606e-003	5.93656e+000	
4.88929e+000	8.24930e-004	
8.09353e-001	4.10376e+000	
2.01525e-002	5.29795e+000	
3.94946e+000	8.81458e-001	
2.14657e-001	4.15153e+000	
2.48040e+000	2.85389e+000	
7.39641e-001	4.23377e+000	
4.76854e+000	6.77610e-001	
7.07810e-003	6.32346e+000	
5.00835e-003	6.44151e+000	
4.94662e+000	4.93399e-002	
2.48055e+000	3.18363e+000	
5.94010e-002	5.30202e+000	
5.12031e+000	1.13731e-004	
9.49659e-001	4.21158e+000	
1.06403e-002	5.68599e+000	
2.99113e-001	4.48372e+000	
3.64035e+000	2.96618e+000	
4.06387e-005	8.77610e+000	
1.52113e-003	8.13955e+000	
2.08060e-002	5.47006e+000	
1.08568e+000	4.81484e+000	
7.22588e-003	6.51339e+000	
5.98341e-002	5.36321e+000	
1.64820e-003	8.81951e+000	
2.10742e-002	5.54828e+000	
4.38844e-005	9.47703e+000	
3.33128e-001	4.99360e+000	
4.77901e+000	6.79099e-001	
5.25280e+000	5.23940e-002	
5.24073e+000	1.68308e-001	
5.29563e+000	8.93488e-004	
5.76283e-003	6.95910e+000	
5.12867e+000	3.34236e-001	
2.62420e+000	3.25936e+000	
3.69520e-001	4.86121e+000	
2.17939e-002	5.72977e+000	
3.93630e-005	9.77606e+000	
2.80823e-001	5.43119e+000	
8.17417e-002	5.56951e+000	
5.42937e-003	7.09489e+000	
3.35260e-001	5.02555e+000	
5.31227e+000	8.96295e-004	
2.89509e+000	3.53301e+000	
1.15876e+000	4.93200e+000	
4.81485e+000	6.99320e-001	
7.74283e-003	6.91732e+000	
3.88181e-001	5.00579e+000	
1.01343e+000	5.13853e+000	
8.35807e-002	5.69481e+000	
4.93789e+000	7.70734e-001	
5.33600e+000	1.71878e-001	
5.43883e+000	9.17650e-004	
4.76402e-003	7.85217e+000	
3.22784e+000	3.65090e+000	
3.89877e-002	6.33547e+000	
4.60701e-005	9.94903e+000	
1.54687e-001	5.62294e+000	
3.45101e-001	5.14993e+000	
1.11966e-002	7.73679e+000	
1.30249e-002	6.96024e+000	
4.78094e-005	1.03246e+001	
5.95027e+000	1.00394e-003	
3.23009e+000	3.65558e+000	
4.95771e+000	7.74043e-001	
1.01147e+000	5.37246e+000	
