3.34413e+000	1.50818e-003	
2.75622e+000	9.89941e-001	
3.38105e+000	3.14132e-004	
2.22654e+000	1.07459e+000	
2.88571e+000	6.49261e-002	
1.10543e+000	2.02794e+000	
4.53889e-004	3.32648e+000	
1.14074e+000	1.20430e+000	
4.59817e-003	2.48434e+000	
9.01359e-002	2.66131e+000	
3.64785e+000	1.73217e-004	
3.47540e+000	8.41600e-003	
3.24050e+000	1.00884e+000	
5.01594e-004	3.67611e+000	
2.32926e-002	3.35369e+000	
1.12094e+000	2.05639e+000	
3.31411e+000	1.56451e-001	
1.21538e+000	1.28309e+000	
2.85121e+000	1.02406e+000	
6.66769e-003	3.46096e+000	
3.25374e+000	3.69356e-001	
2.26528e+000	1.09329e+000	
4.04077e-002	3.25205e+000	
4.62863e+000	2.19790e-004	
1.32133e+000	1.37009e+000	
3.16253e+000	1.13587e+000	
3.45670e+000	3.49137e-001	
1.21700e+000	1.70356e+000	
3.86859e+000	1.97041e-003	
2.26457e-002	3.45511e+000	
1.23243e+000	1.46591e+000	
9.04435e-002	2.67040e+000	
1.18431e+000	2.17266e+000	
1.28171e+000	1.44833e+000	
6.65806e-003	3.59728e+000	
2.39899e-002	3.45410e+000	
3.47952e+000	7.46498e-003	
5.31241e-004	3.89338e+000	
2.36742e+000	1.14259e+000	
3.68443e+000	3.30179e-003	
3.47531e+000	1.48095e-001	
6.66889e-003	3.60313e+000	
1.40179e+000	1.37317e+000	
1.11188e-001	3.28290e+000	
4.06512e+000	1.44476e-003	
1.24484e-003	3.93188e+000	
2.79913e+000	1.19905e+000	
2.49476e+000	1.20404e+000	
1.35212e+000	1.40202e+000	
3.63553e+000	8.80379e-003	
3.80458e+000	4.06130e-003	
2.68957e-002	3.47401e+000	
3.48980e+000	7.83314e-002	
5.00557e+000	2.37688e-004	
2.29725e-002	3.48327e+000	
1.67122e-001	2.81107e+000	
1.32876e+000	2.16478e+000	
1.23288e+000	2.30963e+000	
1.89639e-001	2.82082e+000	
1.26028e-003	3.98065e+000	
2.53085e+000	1.21504e+000	
1.88264e-001	2.92430e+000	
1.42836e+000	1.39919e+000	
1.17203e-001	3.33361e+000	
4.10235e+000	1.45800e-003	
8.09830e-003	3.68896e+000	
1.25415e+000	2.34948e+000	
9.13434e-003	3.61448e+000	
3.58772e+000	8.05294e-002	
3.65623e+000	7.84410e-003	
3.82043e+000	3.42367e-003	
1.35485e+000	1.40485e+000	
2.80755e+000	1.20266e+000	
8.12237e-002	3.49809e+000	
1.35205e+000	1.52782e+000	
2.81864e+000	1.20741e+000	
7.10252e-003	3.83741e+000	
1.30319e+000	2.44134e+000	
3.71584e+000	7.97198e-003	
5.05124e+000	4.69310e-004	
9.52695e-003	3.76983e+000	
4.43154e-004	3.98201e+000	
1.37504e+000	1.40862e+000	
4.18098e+000	1.48594e-003	
8.27909e-002	3.56558e+000	
5.63683e-001	2.86562e+000	
2.55206e+000	1.23170e+000	
1.36185e+000	1.41210e+000	
3.82190e+000	4.07979e-003	
1.36035e+000	1.55177e+000	
1.30512e+000	2.35190e+000	
1.47977e-001	3.34395e+000	
3.67026e+000	1.96244e-002	
1.25404e-001	3.56195e+000	
1.42936e+000	1.40017e+000	
2.81881e-004	4.00054e+000	
5.19668e+000	2.46763e-004	
3.29689e+000	1.21497e+000	
1.30921e+000	2.61281e+000	
2.59307e+000	1.26520e+000	
