1.00037e+000	1.19063e-003	
3.97797e-003	9.99718e-001	
5.77581e-001	8.93446e-001	
1.74598e-001	9.83578e-001	
9.35003e-001	4.55218e-001	
1.29101e-001	9.88319e-001	
6.04682e-001	8.80821e-001	
5.44705e-001	9.06119e-001	
3.16280e-001	9.64677e-001	
8.42204e-001	6.73941e-001	
9.69971e-001	2.83514e-001	
9.82235e-001	1.88481e-001	
7.52858e-001	7.81967e-001	
9.90505e-001	1.06543e-001	
8.54271e-001	6.54608e-001	
9.74704e-001	2.50944e-001	
1.97785e-001	9.81268e-001	
8.11999e-001	7.17248e-001	
4.97140e-002	9.95997e-001	
3.44241e-001	9.59829e-001	
9.85830e-001	1.56514e-001	
9.97681e-001	2.80352e-002	
2.89805e-001	9.68920e-001	
9.79391e-001	2.11205e-001	
1.88338e-002	9.98714e-001	
9.42537e-001	4.25563e-001	
9.27031e-001	4.82645e-001	
8.29997e-001	6.92906e-001	
7.67970e-001	7.66988e-001	
9.93402e-001	7.54006e-002	
2.24306e-001	9.77823e-001	
8.97092e-002	9.92313e-001	
8.96782e-001	5.68544e-001	
9.76719e-001	2.32663e-001	
6.23520e-001	8.71387e-001	
6.77294e-002	9.94160e-001	
1.09337e-001	9.90714e-001	
8.63701e-001	6.37623e-001	
9.66381e-001	3.04525e-001	
8.23023e-001	7.02678e-001	
2.38259e-001	9.76019e-001	
7.37033e-001	7.95757e-001	
4.78673e-001	9.28424e-001	
6.57704e-001	8.52403e-001	
9.88444e-001	1.29937e-001	
2.61087e-001	9.73152e-001	
9.95979e-001	4.74982e-002	
6.90463e-001	8.31920e-001	
5.28752e-001	9.12336e-001	
9.63842e-001	3.20182e-001	
4.65474e-001	9.33196e-001	
7.10785e-001	8.16745e-001	
7.01184e-001	8.23652e-001	
7.21854e-001	8.08491e-001	
8.83331e-001	6.00191e-001	
9.15403e-001	5.19498e-001	
6.42930e-001	8.60888e-001	
2.72811e-001	9.71535e-001	
9.04156e-001	5.50579e-001	
8.91074e-001	5.82175e-001	
7.99094e-001	7.32682e-001	
9.61297e-001	3.35639e-001	
4.50398e-001	9.36263e-001	
9.53506e-001	3.76758e-001	
9.10128e-001	5.34880e-001	
4.08466e-001	9.46460e-001	
6.67842e-001	8.46188e-001	
8.76114e-001	6.14497e-001	
3.59905e-001	9.57384e-001	
9.94728e-001	6.40772e-002	
3.93026e-001	9.49868e-001	
3.69827e-001	9.54923e-001	
9.86983e-001	1.42311e-001	
4.39876e-001	9.38870e-001	
3.83906e-001	9.52005e-001	
9.18999e-001	5.09560e-001	
4.96108e-001	9.22969e-001	
7.30559e-001	8.01037e-001	
9.56419e-001	3.63235e-001	
4.27294e-001	9.42039e-001	
8.70412e-001	6.27795e-001	
8.88309e-001	5.92076e-001	
9.51273e-001	3.89283e-001	
5.12496e-001	9.17728e-001	
9.44827e-001	4.16104e-001	
7.76472e-001	7.58744e-001	
7.90575e-001	7.43116e-001	
4.19222e-001	9.45155e-001	
6.79518e-001	8.38822e-001	
9.22259e-001	4.98227e-001	
5.17856e-001	9.15763e-001	
9.59251e-001	3.46910e-001	
5.00151e-001	9.21884e-001	
9.24177e-001	4.92635e-001	
6.33991e-001	8.65921e-001	
9.57922e-001	3.53907e-001	
6.76600e-001	8.40502e-001	
8.73577e-001	6.21014e-001	
7.84046e-001	7.50036e-001	
9.49548e-001	3.97860e-001	
