1.19327e-003	9.69450e-001	
1.65340e+000	4.73245e-004	
1.25634e+000	2.63668e-001	
8.67562e-001	6.11922e-001	
4.86044e-001	6.13182e-001	
1.56395e+000	2.21362e-001	
8.53095e-002	8.54013e-001	
3.32065e-001	8.43173e-001	
1.62345e+000	1.45410e-001	
1.64651e+000	4.22854e-002	
1.18933e+000	2.65879e-001	
1.56933e+000	2.14659e-001	
1.12171e+000	2.74259e-001	
1.60240e+000	1.77498e-001	
1.16840e+000	2.69901e-001	
1.64969e+000	3.02506e-002	
4.56905e-001	6.17087e-001	
9.70574e-001	4.11799e-001	
4.36218e-001	6.23924e-001	
9.15142e-001	5.51770e-001	
8.79740e-001	6.00534e-001	
9.06785e-001	5.67663e-001	
9.89022e-001	3.65069e-001	
3.81197e-001	6.97444e-001	
9.25580e-001	5.28910e-001	
2.77539e-003	9.48199e-001	
1.02539e+000	3.19304e-001	
3.62339e-001	7.85542e-001	
9.98544e-001	3.51849e-001	
9.20648e-001	5.43360e-001	
1.61583e+000	1.59928e-001	
4.70961e-001	6.15381e-001	
1.05866e+000	2.96017e-001	
1.09807e+000	2.79596e-001	
9.61860e-001	4.24088e-001	
1.01953e+000	3.25134e-001	
3.85083e-001	6.82535e-001	
1.04135e+000	3.12683e-001	
1.57923e-002	8.96198e-001	
3.66232e-001	7.66130e-001	
3.75130e-001	7.17023e-001	
3.91873e-001	6.64328e-001	
9.29733e-001	5.17644e-001	
3.70370e-001	7.41591e-001	
3.71598e-001	7.34637e-001	
3.67373e-001	7.60029e-001	
4.13510e-001	6.37318e-001	
5.54755e-002	8.62212e-001	
8.86498e-001	5.94419e-001	
1.01131e+000	3.36730e-001	
6.36845e-003	9.24946e-001	
4.07403e-001	6.44203e-001	
7.38450e-002	8.55225e-001	
4.51104e-003	9.38120e-001	
1.09301e+000	2.84762e-001	
9.39679e-001	4.90559e-001	
9.83058e-001	3.71670e-001	
9.79187e-001	3.81665e-001	
1.07212e+000	2.89739e-001	
9.72564e-001	3.94109e-001	
9.45405e-001	4.78014e-001	
1.07627e+000	2.87389e-001	
3.41870e-001	8.30837e-001	
2.08216e-002	8.87395e-001	
1.09008e-002	9.08289e-001	
3.76482e-001	7.09207e-001	
1.05017e+000	3.00414e-001	
6.23573e-002	8.58310e-001	
9.47589e-001	4.65115e-001	
2.60446e-002	8.80722e-001	
3.87568e-001	6.72693e-001	
3.58205e-001	8.00661e-001	
4.24198e-002	8.66750e-001	
4.22538e-001	6.30792e-001	
3.23985e-002	8.73959e-001	
9.56650e-001	4.40842e-001	
3.47158e-001	8.24111e-001	
3.53816e-001	8.12132e-001	
9.52783e-001	4.49223e-001	
9.35549e-001	5.05489e-001	
1.60880e+000	1.64046e-001	
3.35415e-001	8.38213e-001	
9.58354e-001	4.31471e-001	
3.98747e-001	6.54050e-001	
8.88606e-003	9.14940e-001	
1.04253e+000	3.05332e-001	
9.50582e-001	4.57952e-001	
4.29004e-001	6.28679e-001	
1.00154e+000	3.44266e-001	
1.60556e+000	1.72101e-001	
9.02049e-001	5.74185e-001	
3.60056e-001	7.93434e-001	
9.75187e-001	3.90192e-001	
3.50848e-001	8.16501e-001	
4.00010e-001	6.51069e-001	
9.40983e-001	4.84483e-001	
8.98732e-001	5.78891e-001	
9.34193e-001	5.07837e-001	
8.93814e-001	5.86248e-001	
1.00516e+000	3.38326e-001	
