8.22754e-001	3.06782e-001	
8.25237e-001	3.03049e-001	
9.18265e-001	1.89013e-002	
7.12042e-001	3.36227e-001	
4.25805e-001	6.63076e-001	
8.45818e-001	2.65252e-001	
1.52637e-001	9.70286e-001	
6.55554e-001	3.43009e-001	
8.83649e-001	4.45210e-002	
8.54754e-001	7.11932e-002	
8.29519e-001	2.93322e-001	
9.25617e-001	1.08794e-002	
5.01413e-001	5.98198e-001	
2.19390e-001	7.02931e-001	
9.60953e-001	4.00332e-003	
5.25143e-001	4.24326e-001	
4.54648e-001	6.54603e-001	
1.00952e-001	9.94485e-001	
5.83040e-001	3.54495e-001	
8.62409e-001	6.43684e-002	
9.07612e-001	2.22463e-002	
6.57678e-001	3.39476e-001	
8.44313e-001	2.70539e-001	
1.81490e-001	7.42391e-001	
9.37232e-001	8.44018e-003	
5.46048e-001	3.70590e-001	
8.30729e-001	2.82409e-001	
5.56832e-001	3.66026e-001	
1.97061e-001	7.18449e-001	
8.70071e-001	6.33637e-002	
5.36657e-001	3.75891e-001	
6.62431e-003	1.01811e+000	
7.80266e-001	3.27999e-001	
5.14894e-001	4.57070e-001	
9.89814e-001	1.73940e-003	
3.02721e-001	6.76281e-001	
4.86093e-001	6.26951e-001	
8.93763e-001	2.85395e-002	
8.16064e-001	3.08082e-001	
2.00138e-001	7.13595e-001	
2.53065e-001	6.94768e-001	
5.62088e-001	3.60616e-001	
5.28548e-001	3.99063e-001	
4.68003e-001	6.46496e-001	
1.72988e-001	7.77946e-001	
5.91404e-001	3.51575e-001	
1.35307e-001	9.75070e-001	
1.77424e-001	7.70867e-001	
8.27381e-001	2.98353e-001	
7.81510e-001	3.25859e-001	
1.08861e-003	1.02708e+000	
5.95846e-001	3.44566e-001	
2.54574e-001	6.85453e-001	
3.36446e-002	1.01311e+000	
1.70751e-001	8.48178e-001	
2.90565e-001	6.82677e-001	
1.11922e-003	1.05595e+000	
9.89276e-001	1.73845e-003	
1.52559e-001	9.69789e-001	
8.45721e-001	2.65222e-001	
8.56215e-001	7.13149e-002	
1.72518e-001	7.84539e-001	
5.17227e-001	4.59141e-001	
8.05589e-001	3.35910e-001	
5.12259e-001	6.10905e-001	
4.25856e-001	6.63155e-001	
6.60273e-001	3.39116e-001	
3.14438e-001	6.77239e-001	
1.01045e-001	9.95395e-001	
5.95616e-001	3.46782e-001	
4.72893e-002	1.01541e+000	
1.36251e-001	9.81874e-001	
7.68963e-002	1.01313e+000	
4.89264e-001	6.31042e-001	
5.25400e-001	4.24533e-001	
6.55502e-001	3.42981e-001	
1.82747e-001	7.47532e-001	
2.53533e-001	6.96053e-001	
8.83279e-001	4.45023e-002	
2.19347e-001	7.02790e-001	
8.76966e-003	1.02413e+000	
4.67291e-001	6.50579e-001	
9.61007e-001	4.00354e-003	
5.67659e-001	3.60623e-001	
2.76397e-001	6.88615e-001	
4.55458e-001	6.54317e-001	
8.62426e-001	6.43697e-002	
8.19388e-001	3.09506e-001	
5.32870e-001	4.02326e-001	
2.95535e-001	6.82605e-001	
8.97285e-001	3.03561e-002	
1.97718e-001	7.35160e-001	
9.09832e-001	2.23008e-002	
1.74076e-001	7.82835e-001	
8.43043e-001	2.90437e-001	
9.25826e-001	1.08818e-002	
5.02004e-001	6.12375e-001	
5.46833e-001	3.71122e-001	
9.38355e-001	7.44514e-003	
5.90243e-001	3.58289e-001	
