1.96481e-002	1.01011e+000	
9.16911e-001	1.27956e-003	
1.42671e-001	9.97990e-001	
4.28163e-001	5.34860e-001	
4.29248e-001	4.83307e-001	
4.31704e-001	3.98165e-001	
8.93547e-001	8.46391e-003	
7.78001e-001	1.03542e-002	
4.24931e-001	6.27733e-001	
3.66987e-002	1.00103e+000	
5.55715e-001	1.81692e-001	
1.84898e-001	9.95969e-001	
4.33095e-001	3.47609e-001	
5.96358e-001	1.79230e-001	
2.16984e-001	9.93256e-001	
4.17403e-001	7.18277e-001	
6.25997e-001	1.77589e-001	
4.35107e-001	3.24643e-001	
7.21514e-001	4.98931e-002	
4.20267e-001	6.91995e-001	
5.21084e-001	1.87938e-001	
4.23050e-001	6.55191e-001	
4.14373e-001	7.42348e-001	
4.01052e-001	8.16934e-001	
7.44280e-001	1.45893e-002	
4.38175e-001	2.98825e-001	
7.19481e-001	7.91203e-002	
4.10173e-001	7.71954e-001	
4.21777e-001	6.71408e-001	
7.18479e-001	8.79178e-002	
7.13604e-001	1.11570e-001	
7.66541e-001	1.16533e-002	
2.46658e-001	9.89223e-001	
7.00353e-001	1.41278e-001	
3.97068e-001	8.32460e-001	
4.12261e-001	7.57418e-001	
2.38618e-001	9.90940e-001	
7.05629e-001	1.32142e-001	
6.46787e-001	1.74672e-001	
2.68319e-001	9.84283e-001	
4.06485e-001	7.91398e-001	
2.94660e-001	9.75749e-001	
4.94570e-001	1.98570e-001	
7.23484e-001	3.12588e-002	
4.05461e-001	7.99487e-001	
9.10864e-001	4.33579e-003	
3.63788e-001	9.15497e-001	
2.77825e-001	9.81531e-001	
4.40072e-001	2.88507e-001	
7.11233e-001	1.18969e-001	
6.76449e-001	1.63977e-001	
3.83893e-001	8.73675e-001	
7.32408e-001	1.86469e-002	
3.10854e-002	1.00432e+000	
3.69044e-001	9.05993e-001	
5.10818e-001	1.92565e-001	
3.57814e-001	9.24048e-001	
6.91351e-001	1.52221e-001	
6.64012e-001	1.69816e-001	
4.61209e-001	2.30027e-001	
4.88877e-001	2.02056e-001	
4.57205e-001	2.36830e-001	
3.79240e-001	8.84975e-001	
4.66662e-001	2.23103e-001	
3.88759e-001	8.60231e-001	
6.85424e-001	1.62814e-001	
3.34374e-001	9.50400e-001	
4.47913e-001	2.58559e-001	
4.42964e-001	2.74980e-001	
7.26656e-001	2.40132e-002	
3.92645e-001	8.48319e-001	
3.93895e-001	8.43857e-001	
3.72871e-001	8.98770e-001	
4.51604e-001	2.48555e-001	
3.41972e-001	9.44512e-001	
3.11721e-001	9.68440e-001	
3.87042e-001	8.65319e-001	
4.80867e-001	2.07821e-001	
4.53222e-001	2.44968e-001	
6.89250e-001	1.54378e-001	
6.54196e-001	1.72933e-001	
4.45829e-001	2.64351e-001	
3.29824e-001	9.54281e-001	
3.53230e-001	9.30165e-001	
3.03572e-001	9.71249e-001	
3.18882e-001	9.62537e-001	
4.44049e-001	2.70934e-001	
4.71082e-001	2.17056e-001	
3.00740e-001	9.72525e-001	
3.75714e-001	8.92730e-001	
3.15392e-001	9.64594e-001	
6.59738e-001	1.71333e-001	
2.73184e-001	9.83017e-001	
5.15795e-001	1.89532e-001	
3.23791e-001	9.58949e-001	
3.77080e-001	8.89786e-001	
3.44286e-001	9.41765e-001	
3.25624e-001	9.57564e-001	
4.78751e-001	2.09698e-001	
3.46555e-001	9.38230e-001	
