2.32176e-004	1.00422e+000	
9.69037e-001	1.31285e-003	
4.99273e-001	5.40850e-001	
5.04382e-001	4.38609e-001	
1.67279e-001	8.21188e-001	
8.32138e-001	2.11211e-001	
8.35207e-001	1.34819e-001	
3.33934e-001	6.67651e-001	
1.63188e-001	8.97020e-001	
7.14068e-002	9.95781e-001	
6.86376e-001	3.33256e-001	
1.27831e-002	1.00009e+000	
3.73339e-001	6.65982e-001	
2.78730e-001	6.70126e-001	
2.38029e-001	6.78497e-001	
8.97797e-002	9.91500e-001	
6.39705e-001	3.34958e-001	
1.69131e-001	7.87750e-001	
6.01358e-001	3.39350e-001	
3.98575e-001	6.63109e-001	
8.29774e-001	2.34600e-001	
7.21284e-001	3.31714e-001	
1.16163e-001	9.80591e-001	
8.37771e-001	1.13078e-001	
2.12993e-001	6.91146e-001	
9.38490e-001	4.07971e-003	
4.20039e-001	6.60019e-001	
6.34627e-001	3.36159e-001	
2.58905e-001	6.73266e-001	
8.26605e-001	2.54542e-001	
1.38761e-001	9.61117e-001	
4.55128e-001	6.45257e-001	
8.77743e-001	2.53952e-002	
7.70452e-001	3.20161e-001	
7.59540e-001	3.23941e-001	
1.71434e-001	7.70809e-001	
5.08105e-001	4.22919e-001	
8.40237e-001	9.36184e-002	
7.43098e-001	3.28289e-001	
1.80947e-001	7.32760e-001	
7.85852e-001	3.14242e-001	
1.27184e-001	9.73679e-001	
8.50553e-001	6.20614e-002	
9.15665e-001	8.73774e-003	
4.66224e-001	6.35374e-001	
5.86348e-001	3.41060e-001	
4.85628e-001	6.08770e-001	
5.51320e-001	3.53582e-001	
8.99228e-001	1.37854e-002	
4.97401e-001	5.60057e-001	
8.45663e-001	7.22186e-002	
4.34003e-001	6.55355e-001	
4.81356e-001	6.15401e-001	
1.88922e-001	7.17146e-001	
8.01060e-001	3.02163e-001	
1.53202e-001	9.37315e-001	
1.60667e-001	9.10571e-001	
2.02455e-001	6.99637e-001	
8.06382e-001	2.93820e-001	
7.92740e-001	3.09048e-001	
4.93746e-001	5.78328e-001	
8.68433e-001	3.29655e-002	
8.23337e-001	2.66841e-001	
8.43569e-001	8.45637e-002	
5.14949e-001	3.96256e-001	
8.12722e-001	2.86473e-001	
8.55659e-001	4.93219e-002	
1.73337e-001	7.56509e-001	
7.31949e-001	3.30354e-001	
5.64373e-001	3.48834e-001	
1.45744e-001	9.53992e-001	
8.90196e-001	1.77680e-002	
4.90314e-001	5.93756e-001	
5.29754e-001	3.72274e-001	
4.74008e-001	6.26282e-001	
1.49234e-001	9.47063e-001	
5.20577e-001	3.85690e-001	
2.71531e-001	6.71200e-001	
5.09942e-001	4.09830e-001	
5.23679e-001	3.81884e-001	
5.74884e-001	3.44125e-001	
1.57311e-001	9.27006e-001	
4.95774e-001	5.67362e-001	
1.77430e-001	7.39510e-001	
1.75863e-001	7.49180e-001	
5.33786e-001	3.67797e-001	
4.43515e-001	6.50436e-001	
8.63593e-001	3.81547e-002	
5.44025e-001	3.58705e-001	
1.58656e-001	9.20361e-001	
5.40104e-001	3.62174e-001	
8.59224e-001	4.41753e-002	
2.09699e-001	6.94007e-001	
8.18235e-001	2.78957e-001	
4.92021e-001	5.90799e-001	
5.12435e-001	4.04360e-001	
1.22164e-001	9.77415e-001	
9.24149e-001	6.64391e-003	
8.19329e-001	2.74162e-001	
1.95950e-001	7.07937e-001	
