3.07941e-001	9.56781e-001	
4.97243e-001	3.74531e-001	
2.08708e-002	1.04505e+000	
1.06263e+000	6.24399e-003	
1.01708e+000	2.74619e-001	
4.44950e-001	4.09440e-001	
8.57393e-001	3.42186e-001	
2.44145e-001	1.04260e+000	
5.84224e-001	3.63345e-001	
3.60871e-001	6.16731e-001	
3.15116e-001	9.43365e-001	
1.01560e+000	2.81451e-001	
1.04326e+000	6.64317e-002	
3.54355e-001	7.29943e-001	
6.29799e-001	3.57345e-001	
3.45093e-004	1.09229e+000	
3.33093e-001	9.03093e-001	
9.84090e-001	2.93169e-001	
9.27581e-001	3.29112e-001	
9.70185e-001	3.24821e-001	
3.87346e-001	4.66295e-001	
4.71820e-001	3.77409e-001	
5.04535e-001	3.71698e-001	
5.14414e-001	3.66779e-001	
3.82503e-001	4.80427e-001	
1.05155e+000	1.41830e-002	
9.74788e-001	3.13742e-001	
1.05881e+000	7.96325e-003	
1.10611e+000	7.29013e-005	
3.42088e-001	8.77096e-001	
3.56867e-001	6.39542e-001	
4.08789e-001	4.24046e-001	
3.59823e-001	7.40476e-001	
4.50179e-001	4.14379e-001	
6.37705e-001	3.61788e-001	
1.01944e+000	2.75257e-001	
1.06472e+000	6.25627e-003	
3.69179e-001	6.37474e-001	
3.52645e-001	8.89166e-001	
3.44323e-001	9.39250e-001	
3.59174e-004	1.13686e+000	
3.58359e-001	8.57018e-001	
1.05759e+000	1.42645e-002	
1.04792e+000	7.40099e-002	
3.07287e-001	9.76795e-001	
5.53356e-001	3.69474e-001	
3.64099e-001	6.57320e-001	
5.83444e-001	3.62860e-001	
4.78357e-001	3.82637e-001	
9.87446e-001	3.22268e-001	
4.21170e-001	4.36889e-001	
3.49376e-001	8.95782e-001	
1.05243e+000	1.84428e-002	
4.10533e-001	4.68651e-001	
1.12789e+000	7.43367e-005	
3.82204e-001	4.81962e-001	
4.60676e-001	4.10869e-001	
4.96271e-001	3.73799e-001	
2.08641e-002	1.04472e+000	
9.38500e-001	3.31869e-001	
4.95749e-003	1.12288e+000	
4.06945e-001	4.74655e-001	
6.44364e-001	3.59528e-001	
8.95051e-001	3.57803e-001	
3.70241e-001	6.39307e-001	
4.52166e-001	4.16080e-001	
4.97488e-001	3.74715e-001	
4.79308e-001	3.83398e-001	
4.95982e-001	3.81817e-001	
5.07740e-001	3.72814e-001	
1.06386e+000	6.25121e-003	
2.61683e-002	1.07756e+000	
1.14636e+000	7.55543e-005	
4.21518e-001	4.38162e-001	
2.09263e-002	1.09529e+000	
8.98646e-001	3.59240e-001	
3.98164e-001	4.83097e-001	
3.61083e-004	1.14291e+000	
3.81480e-001	6.00405e-001	
1.05727e+000	1.42603e-002	
1.05547e+000	2.78038e-002	
5.97422e-001	3.66763e-001	
9.44851e-001	3.34147e-001	
3.68262e-001	7.52986e-001	
4.10906e-001	4.68003e-001	
3.58475e-001	8.60195e-001	
1.01987e+000	3.05518e-001	
1.00947e+000	3.29456e-001	
3.14254e-001	9.76395e-001	
1.02892e+000	2.77817e-001	
2.33019e-002	1.08027e+000	
3.44953e-001	9.43534e-001	
6.38680e-001	3.62341e-001	
5.06023e-002	1.05153e+000	
3.83235e-001	4.94279e-001	
3.64713e-004	1.15440e+000	
1.15198e+000	7.59249e-005	
9.21605e-001	3.59500e-001	
6.41082e-001	3.63783e-001	
3.57993e-001	8.64299e-001	
