2.13489e+000	6.51282e-006	
5.05391e-001	5.96885e-001	
9.11579e-004	2.12861e+000	
2.12505e+000	1.52495e-002	
2.00028e+000	3.19778e-002	
1.19701e+000	3.77337e-001	
9.77985e-001	3.97833e-001	
1.07851e-003	2.51840e+000	
5.05214e-001	5.96676e-001	
1.23626e+000	3.89710e-001	
1.10048e-002	2.25165e+000	
7.11375e-005	2.61076e+000	
2.20121e+000	6.71515e-006	
2.20296e+000	1.66979e-001	
5.31178e-001	6.10926e-001	
2.20578e+000	2.61591e-006	
1.10769e-002	2.26640e+000	
1.24072e+000	3.91116e-001	
1.86751e-003	2.65358e+000	
1.16781e-003	2.72694e+000	
1.11454e-002	2.28042e+000	
2.30318e+000	7.20368e-004	
5.42311e-001	6.41421e-001	
2.20728e+000	1.67306e-001	
4.49600e-003	2.65289e+000	
1.25169e+000	3.94573e-001	
5.46537e-001	6.12585e-001	
1.13156e-002	2.31523e+000	
1.31344e+000	4.14038e-001	
2.39188e+000	7.29679e-006	
6.20754e-001	7.13951e-001	
7.09036e-003	2.74496e+000	
1.24630e-003	2.78852e+000	
5.75370e-001	7.23031e-001	
2.29660e+000	1.74077e-001	
1.00680e+000	6.42340e-001	
5.78464e-001	7.26920e-001	
3.29228e-002	2.56991e+000	
6.38705e-002	2.38835e+000	
5.77061e-001	7.30229e-001	
5.02771e-002	2.42697e+000	
2.40727e+000	2.98446e-003	
1.27736e-002	2.61357e+000	
1.36195e+000	4.27175e-001	
1.25410e-003	2.80597e+000	
2.50848e+000	2.97489e-006	
5.48184e-002	2.62231e+000	
1.54340e-003	2.88736e+000	
7.24599e-003	2.80922e+000	
9.04059e-001	7.80936e-001	
1.52960e+000	5.23042e-001	
6.73356e-001	8.46165e-001	
5.93273e-002	2.52554e+000	
2.57733e+000	8.06115e-004	
9.92499e-003	2.88537e+000	
7.03029e-001	8.83453e-001	
1.53453e+000	5.60112e-001	
2.60556e+000	3.88773e-005	
1.93910e+000	5.30974e-001	
4.95466e-003	2.92352e+000	
1.36704e-002	2.82604e+000	
9.12344e-001	8.01206e-001	
9.77800e-004	3.06776e+000	
2.60915e+000	1.97767e-001	
1.41279e-002	2.85323e+000	
9.43220e-001	8.49681e-001	
2.71494e+000	8.49154e-004	
2.62787e+000	2.03300e-003	
7.21007e-001	9.60525e-001	
1.56528e+000	5.83409e-001	
1.78886e+000	5.63907e-001	
9.86727e-004	3.09577e+000	
7.35421e-001	9.24157e-001	
1.46148e+000	9.20202e-001	
1.11186e-002	3.21806e+000	
2.72347e+000	8.42345e-002	
8.37938e-001	9.56495e-001	
2.72521e+000	3.23192e-006	
8.14077e-001	9.61454e-001	
1.70427e-003	3.97961e+000	
2.72251e-004	4.04008e+000	
1.56805e+000	5.87305e-001	
2.88750e-002	3.13469e+000	
5.28923e-002	3.02198e+000	
1.77974e+000	5.84865e-001	
1.69687e+000	5.86023e-001	
7.97232e-001	1.06207e+000	
6.19263e-002	2.98930e+000	
2.75482e+000	8.61630e-004	
3.14485e-004	4.66682e+000	
8.30308e-001	9.75596e-001	
8.34686e-002	3.03996e+000	
1.93245e+000	6.09171e-001	
2.74759e+000	3.59144e-003	
2.04077e-003	4.00212e+000	
1.53541e+000	9.66752e-001	
1.73812e-002	3.55629e+000	
6.31616e-002	3.04893e+000	
1.60812e+000	6.87608e-001	
1.80801e+000	6.77565e-001	
