1.73838e-001	1.04912e-001	
1.08603e-001	1.65031e-001	
1.90682e-001	9.92684e-002	
2.01040e+000	4.33143e-003	
2.96752e-002	1.77785e+000	
1.38948e-001	1.27762e-001	
1.64573e-001	1.10188e-001	
1.10698e-001	1.58848e-001	
1.32937e+000	5.80025e-002	
1.12657e-001	1.51865e-001	
8.73230e-002	2.44718e-001	
1.99456e-001	9.59334e-002	
7.20879e-002	9.20140e-001	
1.05682e-001	1.67091e-001	
3.42686e-001	8.06193e-002	
1.21072e-001	1.40830e-001	
9.19123e-002	2.18174e-001	
1.16306e+000	6.63286e-002	
2.13224e-001	9.17376e-002	
7.35619e-002	8.58074e-001	
5.64815e-003	1.97443e+000	
4.66896e-002	1.56619e+000	
1.73136e+000	3.11941e-002	
4.38605e-001	7.63588e-002	
1.26607e-001	1.36694e-001	
1.75093e+000	2.97789e-002	
4.49548e-002	1.57220e+000	
1.71289e+000	3.29430e-002	
1.01758e-001	1.76044e-001	
5.49674e-004	2.01245e+000	
1.58017e+000	4.31436e-002	
4.07112e-002	1.61421e+000	
1.42964e+000	5.33857e-002	
9.49692e-002	2.01111e-001	
6.50247e-002	1.15816e+000	
1.92055e-002	1.84976e+000	
2.24695e-002	1.83080e+000	
8.50565e-002	2.64276e-001	
1.47120e-001	1.16342e-001	
2.80852e-001	8.30447e-002	
1.27607e+000	6.11895e-002	
7.51555e-003	1.94746e+000	
1.89969e+000	1.20691e-002	
8.96113e-001	7.23135e-002	
3.90922e-001	7.81144e-002	
1.62334e+000	3.98650e-002	
9.78086e-002	1.92315e-001	
1.49739e-001	1.13594e-001	
1.61183e+000	4.14285e-002	
1.14551e-001	1.48639e-001	
1.42550e-001	1.18815e-001	
5.42301e-002	1.43052e+000	
3.70476e-002	1.68242e+000	
1.96244e+000	8.15343e-003	
1.66494e+000	3.66068e-002	
6.23585e-002	1.23958e+000	
5.01548e-002	1.49505e+000	
3.86152e-002	1.63199e+000	
8.90461e-002	2.31601e-001	
1.04022e+000	6.94511e-002	
1.97663e-001	9.74024e-002	
1.17863e-001	1.45268e-001	
6.90634e-002	1.04049e+000	
7.97537e-002	3.38911e-001	
1.51530e+000	4.71366e-002	
1.02789e-001	1.72159e-001	
2.49075e-002	1.79365e+000	
8.21205e-002	2.89667e-001	
4.62138e-003	1.98095e+000	
3.19806e-002	1.71586e+000	
1.84479e+000	1.91138e-002	
8.34432e-001	7.34700e-002	
3.71503e-001	7.91771e-002	
2.38460e-001	8.70656e-002	
1.46096e+000	5.16008e-002	
1.80623e+000	2.38208e-002	
6.79159e-002	1.06980e+000	
2.21387e-001	9.04816e-002	
5.17091e-004	2.01794e+000	
2.02022e+000	4.35258e-003	
7.35533e-002	8.57973e-001	
8.01690e-002	3.40676e-001	
8.39023e-001	7.38742e-002	
4.38380e-001	7.63196e-002	
9.44861e-001	7.28393e-002	
6.23502e-002	1.23941e+000	
5.44308e-002	1.43581e+000	
6.92162e-002	1.04279e+000	
1.13897e+000	6.85529e-002	
6.50254e-002	1.15817e+000	
7.20797e-002	9.21339e-001	
1.27723e+000	6.12451e-002	
1.58452e+000	4.38697e-002	
1.33182e+000	5.81094e-002	
3.42655e-001	8.06120e-002	
1.68560e+000	3.67901e-002	
1.90244e+000	1.20866e-002	
5.03981e-002	1.50230e+000	
1.16301e+000	6.74140e-002	
1.80746e+000	2.38369e-002	
