9.42221e-001	5.40060e-006	
6.55390e-002	1.01400e+000	
8.19313e-001	2.66591e-003	
5.25012e-001	3.50120e-001	
5.22050e-001	4.89386e-001	
9.37354e-002	1.00016e+000	
5.23766e-001	4.15732e-001	
1.92315e-001	9.98525e-001	
5.27111e-001	2.68478e-001	
5.19178e-001	5.60682e-001	
6.47583e-001	1.06553e-001	
7.08127e-001	1.03284e-001	
5.12476e-001	6.55130e-001	
2.25850e-001	9.97406e-001	
5.14900e-001	6.28317e-001	
5.17740e-001	5.88319e-001	
2.63078e-001	9.95747e-001	
2.86943e-001	9.93811e-001	
5.08583e-001	6.95803e-001	
3.15616e-001	9.90576e-001	
5.28906e-001	2.40872e-001	
5.05222e-001	7.19268e-001	
5.02025e-001	7.42959e-001	
7.77537e-001	3.78728e-002	
7.91359e-001	4.75282e-003	
6.26932e-001	1.08746e-001	
7.79589e-001	1.61094e-002	
7.70467e-001	6.23720e-002	
5.30095e-001	2.23627e-001	
4.92900e-001	7.91710e-001	
7.74942e-001	4.97504e-002	
6.16442e-001	1.10200e-001	
4.89351e-001	8.09050e-001	
7.30339e-001	9.88616e-002	
4.74369e-001	8.60396e-001	
4.98490e-001	7.62981e-001	
5.06862e-001	7.06479e-001	
5.31804e-001	2.10445e-001	
6.01041e-001	1.13924e-001	
3.32040e-001	9.87920e-001	
7.19721e-001	1.01642e-001	
4.69493e-001	8.73220e-001	
4.04093e-001	9.61729e-001	
3.47227e-001	9.85014e-001	
3.58605e-001	9.81919e-001	
5.84102e-001	1.20445e-001	
5.37916e-001	1.81481e-001	
5.56426e-001	1.42436e-001	
5.00154e-001	7.54487e-001	
5.95592e-001	1.16036e-001	
4.66995e-001	8.78834e-001	
3.80868e-001	9.73851e-001	
5.35689e-001	1.91940e-001	
5.40590e-001	1.72645e-001	
4.76663e-001	8.52870e-001	
4.83034e-001	8.32406e-001	
4.96170e-001	7.77865e-001	
5.33616e-001	2.00439e-001	
4.62219e-001	8.89286e-001	
7.40594e-001	9.45127e-002	
7.66719e-001	7.55513e-002	
4.86246e-001	8.19937e-001	
3.71927e-001	9.77400e-001	
4.11194e-001	9.56379e-001	
7.44908e-001	9.22532e-002	
5.43982e-001	1.64316e-001	
4.79822e-001	8.42837e-001	
4.20695e-001	9.48461e-001	
4.34728e-001	9.34134e-001	
5.62766e-001	1.35362e-001	
4.60285e-001	8.93404e-001	
4.39075e-001	9.28334e-001	
4.25845e-001	9.43464e-001	
5.52121e-001	1.48550e-001	
5.72032e-001	1.27563e-001	
4.55973e-001	9.02245e-001	
4.30294e-001	9.39066e-001	
3.38543e-001	9.86841e-001	
3.95989e-001	9.66396e-001	
4.45885e-001	9.19652e-001	
3.66156e-001	9.79482e-001	
7.82535e-001	8.59756e-003	
7.52853e-001	8.65312e-002	
4.15638e-001	9.52988e-001	
3.88414e-001	9.70555e-001	
4.94928e-001	7.81842e-001	
5.66390e-001	1.33009e-001	
4.50271e-001	9.12566e-001	
5.46430e-001	1.58274e-001	
4.42936e-001	9.23176e-001	
5.48906e-001	1.53593e-001	
4.87292e-001	8.15912e-001	
4.81466e-001	8.37844e-001	
7.87129e-001	5.81537e-003	
7.65329e-001	7.82640e-002	
5.78597e-001	1.23382e-001	
3.92695e-001	9.68288e-001	
7.59455e-001	8.04916e-002	
4.52126e-001	9.08917e-001	
5.76660e-001	1.24752e-001	
