4.86672e-001	4.23295e-001	
3.27176e-001	5.79541e-001	
3.03917e-001	5.99042e-001	
8.72933e-001	3.88639e-002	
7.55999e-001	1.50784e-001	
5.07818e-001	3.99158e-001	
7.33733e-001	1.73663e-001	
3.49172e-001	5.55039e-001	
9.11213e-001	0.00000e+000	
6.61304e-001	3.39215e-001	
2.81026e-001	6.22670e-001	
2.63979e-001	6.46378e-001	
8.21838e-001	8.46221e-002	
0.00000e+000	9.19798e-001	
1.88061e-002	8.95662e-001	
6.63255e-001	2.39878e-001	
2.36353e-001	6.67442e-001	
8.01674e-001	1.05798e-001	
4.40504e-001	4.65870e-001	
1.21838e-001	8.19288e-001	
1.46440e-001	7.58189e-001	
1.91407e-001	7.13121e-001	
8.66520e-001	6.35001e-002	
6.87427e-001	2.18212e-001	
4.60381e-001	4.42196e-001	
7.95568e-002	8.25947e-001	
7.83798e-001	1.31916e-001	
3.27063e-001	5.79341e-001	
4.86432e-001	4.23086e-001	
7.32927e-001	1.73472e-001	
6.60446e-001	3.38775e-001	
9.11159e-001	0.00000e+000	
3.03603e-001	5.98423e-001	
8.23472e-001	8.47904e-002	
2.81272e-001	6.23214e-001	
0.00000e+000	9.18944e-001	
6.64707e-001	2.40404e-001	
8.72432e-001	3.88416e-002	
3.50146e-001	5.55887e-001	
2.64445e-001	6.47519e-001	
8.02198e-001	1.05867e-001	
7.55696e-001	1.50724e-001	
4.40004e-001	4.65340e-001	
1.46652e-001	7.59288e-001	
5.07846e-001	3.99180e-001	
1.91539e-001	7.12632e-001	
1.87961e-002	8.95188e-001	
7.96807e-002	8.27233e-001	
2.36494e-001	6.67840e-001	
7.83533e-001	1.37029e-001	
8.69342e-001	7.28378e-002	
4.61500e-001	4.43271e-001	
6.90405e-001	2.18848e-001	
6.61348e-001	3.39238e-001	
3.50069e-001	5.55765e-001	
4.86316e-001	4.22986e-001	
3.26809e-001	5.78891e-001	
0.00000e+000	9.20208e-001	
4.41455e-001	4.66875e-001	
8.72297e-001	3.88356e-002	
8.01430e-001	1.05690e-001	
9.12366e-001	0.00000e+000	
2.64433e-001	6.48568e-001	
8.23867e-001	8.48311e-002	
6.64955e-001	2.40493e-001	
6.90421e-001	2.18853e-001	
1.22898e-001	8.26415e-001	
2.37020e-001	6.69724e-001	
1.88346e-002	8.97019e-001	
7.98029e-002	8.28501e-001	
7.55765e-001	1.50738e-001	
1.46536e-001	7.58688e-001	
5.07524e-001	3.98927e-001	
8.68871e-001	7.27984e-002	
4.61780e-001	4.43540e-001	
2.81410e-001	6.23520e-001	
7.33661e-001	1.73646e-001	
3.03998e-001	5.99202e-001	
0.00000e+000	9.19628e-001	
9.13449e-001	0.00000e+000	
6.65272e-001	2.40608e-001	
5.07739e-001	3.99096e-001	
1.46950e-001	7.60828e-001	
2.38056e-001	6.69210e-001	
3.50484e-001	5.56424e-001	
4.41494e-001	4.66917e-001	
8.00928e-002	8.31511e-001	
2.26931e-002	9.08845e-001	
7.34901e-001	1.73939e-001	
1.30159e-001	8.27349e-001	
6.90204e-001	2.18784e-001	
7.67419e-001	1.56296e-001	
8.01853e-001	1.05746e-001	
8.72566e-001	3.88476e-002	
8.24130e-001	8.48582e-002	
8.69243e-001	7.28296e-002	
3.04402e-001	6.00415e-001	
4.85981e-001	4.22694e-001	
3.27380e-001	5.79902e-001	
2.82869e-001	6.26526e-001	
