1.00989e+000	4.02801e-004	
8.86529e-001	6.58054e-002	
5.20406e-001	5.18108e-001	
5.06763e-001	5.91741e-001	
1.26898e-001	1.00390e+000	
2.31910e-001	7.09834e-001	
6.48094e-005	1.04063e+000	
5.61042e-001	3.65070e-001	
2.22881e-001	7.22147e-001	
9.70160e-001	2.80116e-003	
2.04029e-001	7.24652e-001	
5.40259e-001	3.86081e-001	
1.23167e-001	1.02022e+000	
8.63008e-001	1.04141e-001	
2.36534e-001	7.00961e-001	
5.58496e-001	3.74414e-001	
7.07373e-001	3.39534e-001	
9.03355e-001	2.65523e-002	
5.09294e-001	5.87495e-001	
9.61939e-001	5.45095e-003	
9.48001e-001	7.47885e-003	
8.47948e-001	2.69429e-001	
1.51394e-001	9.51976e-001	
8.56888e-001	1.66496e-001	
7.54506e-003	1.02967e+000	
8.66477e-001	8.58827e-002	
8.35050e-001	2.85437e-001	
2.60012e-001	6.83235e-001	
9.46765e-001	1.31025e-002	
4.18133e-001	6.73469e-001	
1.24393e-001	1.00711e+000	
2.28683e-001	7.11755e-001	
4.99570e-001	6.19962e-001	
8.07085e-001	2.96566e-001	
1.71183e-001	8.50090e-001	
1.91630e-001	7.43052e-001	
1.75611e-001	8.00173e-001	
9.26187e-001	1.74322e-002	
9.32938e-001	1.42766e-002	
8.88777e-001	3.74292e-002	
8.68619e-001	7.97852e-002	
5.92704e-001	3.46697e-001	
1.23618e-001	1.02396e+000	
2.31728e-001	7.09278e-001	
9.15216e-001	2.69009e-002	
9.72170e-001	3.65405e-003	
1.01686e+000	4.05580e-004	
3.27882e-003	1.04145e+000	
5.06756e-001	5.91732e-001	
1.94708e-001	7.43678e-001	
8.54173e-001	2.91974e-001	
2.81282e-001	6.88836e-001	
2.38166e-001	7.06669e-001	
8.11862e-001	3.22274e-001	
2.23370e-001	7.23731e-001	
8.68810e-001	8.61139e-002	
1.70742e-001	9.45276e-001	
8.90356e-001	3.74957e-002	
1.53036e-001	9.62305e-001	
7.55521e-003	1.03106e+000	
9.42908e-001	1.42753e-002	
1.50993e-001	9.83076e-001	
2.61479e-001	6.92528e-001	
1.75257e-001	8.04914e-001	
4.26300e-001	6.72525e-001	
8.26796e-001	3.04202e-001	
8.17366e-001	3.08673e-001	
5.99912e-001	3.50914e-001	
9.63153e-001	5.45783e-003	
9.32637e-001	1.75536e-002	
9.57686e-001	6.56245e-003	
4.23927e-001	6.83024e-001	
1.73946e-001	8.81260e-001	
5.20387e-001	5.18089e-001	
6.58033e-005	1.05659e+000	
8.67384e-001	2.31526e-001	
7.14241e-001	3.42831e-001	
7.43787e-001	3.40961e-001	
1.27221e-001	1.00646e+000	
8.37995e-001	3.00302e-001	
5.44508e-001	3.89118e-001	
8.87501e-001	6.58776e-002	
5.60144e-001	3.64485e-001	
5.49021e-001	3.86796e-001	
1.01915e+000	5.09446e-004	
6.64630e-005	1.06718e+000	
4.25789e-001	6.71718e-001	
5.11759e-001	5.97574e-001	
5.21043e-001	5.18742e-001	
7.24971e-001	3.44784e-001	
5.48714e-001	3.86580e-001	
8.68395e-001	2.31796e-001	
6.06455e-001	3.54741e-001	
3.32359e-001	6.92889e-001	
8.70074e-001	1.11363e-001	
2.99952e-002	1.03744e+000	
1.94951e-001	7.48130e-001	
8.14389e-001	3.37604e-001	
8.60403e-001	2.94103e-001	
1.29293e-001	1.01582e+000	
