7.31667e-001	2.01996e-001	
5.06249e-001	4.16260e-001	
2.38407e-003	1.02473e+000	
2.92437e-001	6.42825e-001	
7.33679e-001	1.94925e-001	
3.47977e-001	5.99254e-001	
2.99419e-001	6.22496e-001	
9.22403e-002	8.21493e-001	
7.03932e-001	2.12226e-001	
3.20005e-001	6.00758e-001	
2.95281e-001	6.27385e-001	
7.18322e-001	2.06959e-001	
9.28036e-001	0.00000e+000	
1.06495e-001	8.11688e-001	
5.01898e-001	4.35441e-001	
3.01503e-001	6.20507e-001	
3.03422e-001	6.18828e-001	
5.21932e-001	4.01801e-001	
9.13735e-001	2.40020e-003	
5.25923e-003	1.01250e+000	
3.05388e-001	6.13580e-001	
3.03524e-004	1.03054e+000	
5.06266e-001	4.18824e-001	
9.35611e-002	8.38878e-001	
7.05253e-001	2.31932e-001	
9.21896e-002	8.44811e-001	
5.23201e-001	4.09270e-001	
3.06391e-004	1.04028e+000	
1.24166e-001	8.16662e-001	
9.40189e-001	0.00000e+000	
5.27830e-003	1.01618e+000	
7.09603e-001	2.28338e-001	
9.17321e-001	2.40961e-003	
3.20008e-001	6.05851e-001	
3.21795e-001	6.04120e-001	
3.12159e-001	6.20633e-001	
1.06729e-001	8.20264e-001	
2.93608e-001	6.45398e-001	
2.99594e-001	6.22861e-001	
7.35389e-001	1.95380e-001	
9.49341e-002	8.24688e-001	
2.97899e-001	6.34823e-001	
7.18521e-001	2.09663e-001	
1.12390e-001	8.18661e-001	
7.15481e-001	2.11856e-001	
7.33702e-001	1.96887e-001	
2.38423e-003	1.02480e+000	
3.00349e-001	6.38151e-001	
7.42782e-001	1.97344e-001	
7.44733e-001	1.95157e-001	
9.18608e-001	1.41001e-002	
7.36724e-001	1.98815e-001	
3.19939e-001	6.05719e-001	
9.21746e-002	8.48071e-001	
9.20540e-001	2.41807e-003	
3.15450e-001	6.23369e-001	
3.16832e-001	6.21798e-001	
1.73190e-002	1.02395e+000	
2.38892e-003	1.02682e+000	
2.94930e-001	6.48305e-001	
3.02642e-001	6.28838e-001	
9.17569e-001	2.49046e-002	
7.18691e-001	2.12806e-001	
9.40599e-001	0.00000e+000	
7.34701e-001	2.02833e-001	
9.38299e-002	8.41147e-001	
9.59233e-002	8.33464e-001	
3.06376e-004	1.04023e+000	
5.24059e-001	4.09941e-001	
3.21504e-001	6.03574e-001	
7.17436e-001	2.18671e-001	
7.08889e-001	2.33128e-001	
1.05780e-001	8.26560e-001	
3.21118e-001	6.07951e-001	
1.05359e-001	8.33355e-001	
1.73090e-002	1.02336e+000	
1.09688e-001	8.28972e-001	
3.02016e-001	6.43596e-001	
3.08219e-004	1.04648e+000	
3.17387e-001	6.22830e-001	
7.09775e-001	2.33419e-001	
9.68358e-002	8.37145e-001	
7.36208e-001	2.03250e-001	
9.38266e-002	8.41258e-001	
9.20824e-001	2.41881e-003	
2.94738e-001	6.47884e-001	
7.43996e-001	2.00094e-001	
5.29324e-001	4.14060e-001	
7.59146e-001	1.94858e-001	
3.09478e-001	6.32390e-001	
7.19015e-001	2.12902e-001	
7.46184e-001	1.98248e-001	
9.26792e-002	8.52713e-001	
2.39305e-003	1.02860e+000	
9.41937e-001	0.00000e+000	
9.46287e-001	0.00000e+000	
3.11985e-004	1.05927e+000	
5.44817e-001	4.15671e-001	
3.36365e-001	6.07891e-001	
7.12614e-001	2.34353e-001	
