3.17103e-004	1.00074e+000	
1.00051e+000	5.43698e-006	
6.52207e-002	9.94660e-001	
1.04461e-002	9.99503e-001	
9.90131e-001	1.11344e-001	
9.86684e-001	1.45428e-001	
9.40609e-001	4.33955e-001	
7.17197e-001	8.12057e-001	
9.47855e-001	4.03912e-001	
6.95659e-001	8.28237e-001	
8.80329e-001	6.07658e-001	
8.25285e-001	6.99389e-001	
1.07150e-001	9.90543e-001	
9.31724e-001	4.68419e-001	
8.70696e-001	6.26950e-001	
9.67001e-001	3.01563e-001	
3.25885e-001	9.63001e-001	
8.46169e-001	6.68170e-001	
3.00302e-001	9.67371e-001	
6.48072e-001	8.58241e-001	
8.76913e-002	9.92599e-001	
9.07116e-001	5.43749e-001	
8.57029e-001	6.49922e-001	
9.97607e-001	3.28793e-002	
1.35177e-001	9.88285e-001	
9.84725e-001	1.65472e-001	
4.48775e-001	9.37003e-001	
4.70375e-001	9.30886e-001	
9.96077e-001	5.50003e-002	
9.24572e-001	4.91286e-001	
9.36138e-001	4.51654e-001	
9.64394e-001	3.19693e-001	
8.87799e-001	5.89964e-001	
8.11685e-001	7.17619e-001	
9.75353e-001	2.44976e-001	
9.92514e-001	9.11075e-002	
6.34680e-001	8.65874e-001	
6.64171e-001	8.48726e-001	
8.93159e-001	5.78250e-001	
4.18892e-001	9.44119e-001	
9.93949e-001	7.33587e-002	
9.71256e-001	2.77396e-001	
5.10181e-001	9.18656e-001	
3.58477e-001	9.57112e-001	
9.61046e-001	3.38119e-001	
3.42395e-001	9.60677e-001	
2.42407e-001	9.75714e-001	
5.27022e-001	9.13061e-001	
9.79312e-001	2.14068e-001	
4.35607e-001	9.40396e-001	
8.62835e-001	6.39547e-001	
9.72517e-001	2.67633e-001	
7.55149e-001	7.79653e-001	
9.99248e-001	1.31922e-002	
4.97356e-001	9.22801e-001	
9.58283e-001	3.52103e-001	
9.82540e-001	1.85660e-001	
4.83074e-001	9.27121e-001	
5.66063e-001	8.97893e-001	
9.77160e-001	2.30450e-001	
2.59176e-001	9.73306e-001	
7.72381e-001	7.63076e-001	
1.61659e-001	9.85369e-001	
7.28251e-001	8.03033e-001	
7.62123e-001	7.73109e-001	
2.04144e-001	9.80278e-001	
6.85720e-001	8.34854e-001	
9.50960e-001	3.89731e-001	
8.34267e-001	6.87936e-001	
6.21204e-001	8.72682e-001	
4.02975e-001	9.47976e-001	
8.38437e-001	6.80106e-001	
9.81239e-001	1.97108e-001	
2.84162e-001	9.69828e-001	
9.13934e-001	5.23651e-001	
5.47313e-001	9.05623e-001	
7.99875e-001	7.32199e-001	
1.79485e-001	9.83459e-001	
6.08248e-001	8.80296e-001	
9.55475e-001	3.68103e-001	
8.99798e-001	5.61700e-001	
1.48520e-001	9.87046e-001	
7.93063e-001	7.40064e-001	
2.72997e-001	9.71652e-001	
3.75004e-001	9.53893e-001	
1.89094e-001	9.82243e-001	
7.43322e-001	7.90376e-001	
5.92718e-001	8.86380e-001	
8.07248e-001	7.23191e-001	
9.53671e-001	3.76916e-001	
2.25799e-001	9.77666e-001	
3.94214e-001	9.51174e-001	
9.01609e-001	5.57301e-001	
5.76959e-001	8.93488e-001	
2.19705e-001	9.79054e-001	
7.86553e-001	7.47566e-001	
9.21663e-001	5.01757e-001	
5.89242e-001	8.88059e-001	
5.38080e-001	9.08999e-001	
3.81978e-001	9.52456e-001	
