5.30773e-001	3.76162e-001	
9.10541e-001	1.32780e-002	
8.74610e-001	3.34466e-002	
7.70923e-001	3.23306e-001	
5.38224e-001	3.66805e-001	
8.45510e-001	8.42258e-002	
4.94632e-001	6.09981e-001	
8.17665e-001	2.86289e-001	
4.96373e-001	6.03484e-001	
2.77180e-004	1.01459e+000	
8.07864e-001	2.97939e-001	
4.61221e-001	6.45461e-001	
4.27076e-001	6.62957e-001	
5.36941e-001	3.67931e-001	
4.73711e-001	6.30619e-001	
9.29433e-001	6.37592e-003	
1.01876e-001	9.93924e-001	
5.84262e-001	3.42763e-001	
1.37644e-001	9.68092e-001	
9.21265e-001	8.10775e-003	
1.42590e-001	9.62876e-001	
5.54674e-001	3.52931e-001	
5.39655e-001	3.62889e-001	
4.72197e-001	6.36663e-001	
1.73371e-001	7.73881e-001	
8.95435e-001	1.70485e-002	
3.66799e-001	6.69102e-001	
5.12547e-001	4.16128e-001	
8.05505e-001	3.00503e-001	
7.97509e-001	3.15658e-001	
7.61961e-001	3.27306e-001	
8.24591e-001	2.72911e-001	
1.76780e-001	7.51336e-001	
7.52617e-001	3.29420e-001	
1.13779e-001	9.84604e-001	
1.81841e-001	7.32783e-001	
1.66988e-001	8.43905e-001	
5.32308e-001	3.73251e-001	
5.02856e-001	5.12387e-001	
5.15187e-001	4.04598e-001	
1.85203e-001	7.23667e-001	
2.06420e-001	6.99791e-001	
6.20182e-001	3.36854e-001	
1.69150e-001	8.00575e-001	
8.56995e-001	5.35720e-002	
5.65942e-001	3.47970e-001	
2.50132e-001	6.80033e-001	
1.59275e-001	9.27016e-001	
8.52160e-001	5.91554e-002	
1.51259e-001	9.46649e-001	
8.88315e-001	2.12246e-002	
9.01294e-001	1.52462e-002	
1.61653e-001	9.14716e-001	
2.29960e-001	6.84886e-001	
5.77538e-002	9.99573e-001	
8.67980e-001	3.78102e-002	
8.44200e-001	9.53471e-002	
5.05853e-001	4.70008e-001	
5.34376e-001	3.69322e-001	
7.77819e-001	3.18697e-001	
5.09667e-001	4.20564e-001	
1.94542e-001	7.10507e-001	
5.88391e-001	3.41749e-001	
9.84839e-001	9.57894e-004	
3.88864e-002	1.00666e+000	
6.68356e-001	3.34686e-001	
2.15338e-001	6.97576e-001	
1.28593e-001	9.75474e-001	
5.26898e-001	3.78285e-001	
8.66055e-001	3.92693e-002	
2.03243e-003	1.00843e+000	
9.13200e-001	9.64625e-003	
9.64506e-001	2.36369e-003	
6.00312e-001	3.39465e-001	
1.78278e-001	7.42300e-001	
8.50327e-001	7.76050e-002	
2.80790e-001	6.71663e-001	
4.14374e-001	6.66132e-001	
1.63776e-001	9.01228e-001	
4.82161e-001	6.24039e-001	
8.58892e-001	4.72998e-002	
4.62446e-001	6.42271e-001	
8.61803e-001	4.41260e-002	
2.23163e-001	6.88664e-001	
8.42116e-001	1.08844e-001	
5.20821e-001	3.88996e-001	
9.41061e-001	4.14905e-003	
8.11722e-001	2.92478e-001	
5.23888e-001	3.84896e-001	
1.53419e-001	9.44497e-001	
1.65281e-001	8.84335e-001	
5.16194e-001	3.99286e-001	
5.08574e-001	4.26137e-001	
8.36633e-001	1.87130e-001	
8.48532e-001	8.13889e-002	
5.18114e-001	3.91847e-001	
8.41292e-001	1.26355e-001	
2.27723e-001	6.89130e-001	
1.63308e-001	9.07525e-001	
5.07897e-001	4.57940e-001	
