1.53076e-002	7.47635e-001	
2.84528e-001	6.60833e-001	
7.74521e-001	1.30011e-001	
2.39948e-001	6.83285e-001	
3.11692e-001	6.23456e-001	
5.44498e-004	8.78871e-001	
4.13032e-001	3.33098e-001	
3.25190e-002	7.09639e-001	
2.64333e-001	6.73151e-001	
8.19298e-001	1.15597e-001	
4.35813e-001	3.11313e-001	
3.94655e-001	3.53905e-001	
3.41085e-001	4.47542e-001	
4.97248e-001	2.60793e-001	
6.62888e-001	1.74101e-001	
2.19664e-002	7.20554e-001	
3.88534e-001	3.61339e-001	
3.49946e-001	4.25690e-001	
9.88247e-001	4.42492e-002	
3.66984e-001	3.96265e-001	
8.96715e-001	9.07137e-002	
8.76352e-001	9.73630e-002	
3.22660e-001	5.37472e-001	
7.34964e-001	1.43546e-001	
9.71223e-001	5.88091e-002	
1.24134e-002	8.36307e-001	
6.03409e-001	1.98840e-001	
4.05278e-001	3.44598e-001	
9.96192e-001	3.13651e-002	
6.32837e-001	1.84756e-001	
4.76883e-001	2.75954e-001	
4.63591e-001	2.86858e-001	
3.80946e-001	3.72354e-001	
5.94082e-003	8.73225e-001	
1.91456e-001	6.94504e-001	
5.66367e-001	2.18584e-001	
1.13732e-002	8.48857e-001	
3.60114e-001	4.05200e-001	
3.28549e-001	4.93744e-001	
2.18034e-001	6.89861e-001	
8.87388e-001	9.38023e-002	
4.48228e-001	2.98867e-001	
4.20313e-001	3.26470e-001	
1.00139e+000	1.86204e-002	
5.33655e-001	2.37490e-001	
3.36825e-001	4.60253e-001	
3.20836e-001	5.65055e-001	
6.83884e-001	1.63490e-001	
7.95278e-001	1.23210e-001	
5.51219e-001	2.26975e-001	
4.26644e-001	3.19010e-001	
3.08567e-001	6.31027e-001	
9.25630e-001	8.06413e-002	
5.22220e-001	2.44132e-001	
7.86008e-001	1.26390e-001	
5.76947e-001	2.12685e-001	
4.87483e-001	2.67926e-001	
8.54221e-001	1.04433e-001	
9.56708e-001	6.66846e-002	
5.11914e-001	2.50884e-001	
5.05649e-001	2.55053e-001	
7.16657e-001	1.50766e-001	
7.26842e-001	1.46698e-001	
8.46321e-001	1.06962e-001	
8.07526e-001	1.19443e-001	
7.48194e-001	1.39503e-001	
5.58461e-001	2.22755e-001	
9.78271e-001	5.34141e-002	
3.44409e-001	4.38820e-001	
4.54378e-001	2.93730e-001	
6.43658e-001	1.80020e-001	
6.98202e-001	1.57330e-001	
3.55541e-001	4.14416e-001	
1.49400e-001	6.99770e-001	
3.02524e-001	6.41949e-001	
6.73190e-001	1.68340e-001	
5.90316e-001	2.05622e-001	
8.35481e-001	1.10284e-001	
1.88757e-002	7.28371e-001	
6.52670e-001	1.76749e-001	
2.06807e-001	6.92036e-001	
5.40798e-001	2.33344e-001	
6.16770e-001	1.92240e-001	
2.98698e-001	6.52226e-001	
5.04705e-002	7.04798e-001	
1.38755e-002	7.69413e-001	
3.73342e-001	3.83819e-001	
9.58049e-003	8.60360e-001	
2.91467e-001	6.55209e-001	
3.26271e-001	5.07687e-001	
9.37762e-001	7.84220e-002	
1.74483e-001	6.98511e-001	
9.47889e-001	7.13807e-002	
8.63739e-001	1.01911e-001	
3.34372e-001	4.69881e-001	
3.31496e-001	4.80069e-001	
1.24561e-001	7.01864e-001	
9.05707e-001	8.82096e-002	
7.58231e-001	1.35288e-001	
2.77984e-001	6.66112e-001	
