2.12192e-002	8.85987e-001	
4.21848e-001	4.87595e-001	
5.13209e-001	3.90124e-001	
7.11001e-001	1.92900e-001	
3.29893e-001	5.81741e-001	
8.15491e-001	8.86727e-002	
8.10076e-001	9.13512e-002	
7.14835e-001	1.89532e-001	
9.08414e-001	0.00000e+000	
1.38766e-003	1.00321e+000	
2.21329e-001	6.82302e-001	
2.19167e-001	6.85313e-001	
2.23039e-002	8.78901e-001	
2.73986e-002	8.75587e-001	
8.08186e-001	9.40607e-002	
3.17063e-001	5.85724e-001	
1.31732e-001	7.78035e-001	
5.18869e-001	3.84810e-001	
2.22913e-001	6.80546e-001	
6.22915e-001	2.86111e-001	
3.19690e-001	5.83229e-001	
1.20276e-001	7.84548e-001	
3.18380e-004	1.02833e+000	
5.16515e-001	3.87316e-001	
6.14758e-001	2.90112e-001	
4.24072e-001	4.84236e-001	
7.18279e-001	1.88390e-001	
1.26751e-001	7.79257e-001	
2.12455e-002	8.87083e-001	
8.11834e-001	9.15494e-002	
2.20368e-001	6.83561e-001	
6.13487e-001	3.00555e-001	
5.21846e-001	3.84852e-001	
5.17964e-001	3.86176e-001	
3.17220e-001	5.94114e-001	
2.74369e-002	8.76809e-001	
6.24145e-001	2.86676e-001	
9.08105e-001	5.81672e-003	
3.20239e-001	5.84230e-001	
7.13305e-001	1.93525e-001	
8.07743e-001	1.01915e-001	
3.32249e-001	5.81651e-001	
2.23414e-002	8.80378e-001	
1.21928e-001	7.84234e-001	
3.18259e-001	5.85448e-001	
8.17400e-001	8.95075e-002	
2.80467e-004	1.02963e+000	
1.20474e-001	7.85837e-001	
3.23507e-001	5.83129e-001	
3.03144e-002	8.75175e-001	
6.14318e-001	2.92086e-001	
6.16438e-001	2.89376e-001	
1.27023e-001	7.80929e-001	
1.38915e-003	1.00429e+000	
5.15279e-001	3.91698e-001	
9.09685e-001	0.00000e+000	
7.14512e-001	1.90628e-001	
2.18426e-001	6.88661e-001	
2.25352e-002	8.82240e-001	
1.39312e-003	1.00716e+000	
8.21131e-001	8.92860e-002	
9.10858e-001	0.00000e+000	
2.12949e-002	8.89144e-001	
3.18558e-001	5.89155e-001	
2.19518e-001	6.87199e-001	
2.21742e-001	6.83925e-001	
8.13813e-001	9.16464e-002	
7.25994e-001	1.88509e-001	
3.20016e-004	1.03361e+000	
1.31925e-001	7.79170e-001	
5.16413e-001	3.90271e-001	
1.20643e-001	7.86942e-001	
1.26812e-001	7.82526e-001	
7.16062e-001	1.89858e-001	
6.95994e-003	1.00482e+000	
4.23547e-001	4.87281e-001	
5.14332e-001	3.94249e-001	
2.40407e-002	8.79901e-001	
2.38447e-001	6.81175e-001	
2.23330e-001	6.81816e-001	
7.12743e-001	2.01219e-001	
6.25900e-001	2.87482e-001	
5.29613e-001	3.84510e-001	
9.13261e-001	0.00000e+000	
4.23850e-001	4.89910e-001	
6.18315e-001	2.91297e-001	
1.20888e-001	7.88911e-001	
7.15106e-001	1.91653e-001	
5.19399e-001	3.87246e-001	
2.19283e-001	6.96083e-001	
7.21015e-001	1.89097e-001	
6.14528e-001	3.01065e-001	
4.27299e-001	4.87500e-001	
4.22786e-001	5.16866e-001	
1.40613e-003	1.01656e+000	
8.22683e-001	8.90128e-002	
5.28301e-001	3.85440e-001	
7.27647e-001	1.88304e-001	
5.16828e-001	3.92875e-001	
6.14084e-001	3.02991e-001	
