1.26948e+000	8.88667e-005	
5.15693e-001	4.10710e-001	
3.81622e-001	5.57656e-001	
3.88513e-001	5.26933e-001	
4.78532e-001	4.37648e-001	
4.19250e-001	4.51787e-001	
1.08375e+000	1.35308e-001	
1.06862e+000	1.53880e-001	
4.11644e-001	4.88339e-001	
1.09885e+000	6.18223e-003	
6.40480e-006	1.17008e+000	
4.08544e-001	5.45135e-001	
4.17491e-001	4.95275e-001	
4.32519e-001	4.66487e-001	
5.97312e-003	1.20754e+000	
1.07973e+000	1.55493e-001	
4.71274e-001	4.50536e-001	
4.46851e-001	4.51075e-001	
4.30294e-001	4.69591e-001	
6.64460e-005	1.32812e+000	
5.17981e-001	4.12532e-001	
3.86449e-001	5.64710e-001	
4.04599e-001	5.48750e-001	
4.79839e-001	4.38842e-001	
1.32785e+000	6.92766e-005	
1.10819e+000	6.21796e-003	
1.33796e+000	1.32368e-003	
5.98008e-003	1.20895e+000	
1.11517e+000	6.25714e-003	
4.70198e-003	1.33851e+000	
4.13006e-001	5.43485e-001	
1.33755e-004	1.41626e+000	
1.35380e+000	7.06304e-005	
5.21404e-001	4.15259e-001	
1.08086e+000	1.55654e-001	
1.41212e+000	7.36730e-005	
4.34069e-001	4.83671e-001	
4.74570e-003	1.35096e+000	
2.80173e-004	1.43079e+000	
4.36309e-001	4.70169e-001	
3.87761e-001	5.66627e-001	
1.12427e+000	1.00508e-002	
1.11930e+000	3.04067e-002	
4.18827e-001	4.96861e-001	
6.00696e-003	1.21438e+000	
1.13726e+000	6.38107e-003	
1.25558e+000	7.04497e-003	
6.72458e-003	1.24741e+000	
4.18389e-001	4.99642e-001	
1.42725e+000	7.44625e-005	
4.77103e-003	1.35817e+000	
1.36646e+000	1.35188e-003	
3.75757e-004	1.43228e+000	
4.44693e-001	4.79618e-001	
3.89908e-001	5.69764e-001	
2.80920e-004	1.43461e+000	
4.79438e-003	1.36482e+000	
3.95031e-001	6.06536e-001	
3.98347e-001	5.82096e-001	
1.39414e+000	4.20975e-003	
6.75580e-003	1.25320e+000	
1.33244e-002	1.24726e+000	
1.43059e+000	7.46365e-005	
1.27502e+000	5.48355e-003	
1.39605e+000	1.38115e-003	
4.20562e-001	5.02840e-001	
1.15794e+000	2.33271e-002	
4.80260e-001	4.59126e-001	
1.13496e+000	7.87321e-002	
1.14010e+000	2.45583e-002	
1.11957e+000	1.38061e-001	
4.12743e-001	5.50738e-001	
1.26042e+000	1.24916e-002	
4.80800e-003	1.36869e+000	
1.13811e+000	3.74334e-002	
1.43173e+000	1.00225e-004	
4.83352e-001	4.62082e-001	
1.10818e+000	1.62916e-001	
4.53020e-001	4.78717e-001	
3.96009e-001	8.06221e-001	
1.26820e+000	1.13693e-002	
1.39418e-004	1.47623e+000	
4.37292e-001	4.87356e-001	
6.82232e-003	1.26554e+000	
6.89606e-003	1.27922e+000	
2.50109e-002	1.25234e+000	
1.43842e+000	7.50453e-005	
1.18375e+000	2.38470e-002	
4.91356e-003	1.39875e+000	
4.08444e-001	5.71045e-001	
4.13926e-001	5.62861e-001	
1.16131e+000	2.90233e-002	
1.13811e+000	4.70804e-002	
3.24750e-004	1.56166e+000	
1.48165e+000	7.73007e-005	
1.13404e+000	1.39845e-001	
4.33017e-001	5.21730e-001	
4.17315e-001	5.56838e-001	
3.79903e-004	1.59488e+000	
1.21401e+000	2.41485e-002	
