6.67743e-001	2.42882e-001	
4.05588e-001	6.05275e-001	
3.85019e-001	6.06480e-001	
2.75519e-001	6.34774e-001	
7.19401e-001	2.17200e-001	
6.29862e-001	2.89328e-001	
2.63990e-001	6.42773e-001	
6.93692e-001	2.24537e-001	
6.24337e-001	2.92535e-001	
8.21734e-001	2.00301e-001	
5.81087e-001	5.04945e-001	
2.49655e-004	1.01037e+000	
1.01612e+000	4.68703e-004	
1.91445e-001	8.66035e-001	
6.47560e-001	2.61463e-001	
6.18499e-001	3.11371e-001	
9.12550e-001	1.81649e-001	
5.01281e-001	5.84405e-001	
6.54094e-001	2.55484e-001	
5.24027e-001	5.76982e-001	
3.04999e-001	6.22222e-001	
1.26579e-002	1.00177e+000	
6.76856e-001	2.37329e-001	
2.25961e-001	6.94857e-001	
2.23721e-001	6.98717e-001	
9.07132e-001	1.82811e-001	
1.24934e-001	9.76271e-001	
5.50216e-001	5.54891e-001	
7.44483e-001	2.11483e-001	
1.48828e-001	9.58901e-001	
8.78158e-001	1.89202e-001	
3.25378e-001	6.13974e-001	
1.53642e-001	9.52207e-001	
8.96686e-001	1.83899e-001	
8.47744e-002	9.91653e-001	
6.32204e-001	2.75853e-001	
9.51410e-001	1.51834e-001	
9.39891e-001	1.61630e-001	
3.96817e-003	1.00601e+000	
9.78202e-001	1.16651e-001	
4.30693e-001	5.99490e-001	
6.12000e-001	3.41566e-001	
2.77660e-001	6.30641e-001	
5.72184e-001	5.24810e-001	
8.91278e-001	1.86653e-001	
6.08723e-001	3.87537e-001	
2.04713e-001	7.79240e-001	
2.06173e-001	7.72194e-001	
5.20653e-001	5.80375e-001	
7.28142e-001	2.12794e-001	
8.55179e-001	1.93713e-001	
2.41735e-001	6.67459e-001	
9.74160e-001	1.25556e-001	
2.18318e-001	7.07748e-001	
5.74878e-001	5.16310e-001	
4.20734e-001	6.00520e-001	
4.72687e-002	9.97175e-001	
5.68659e-001	5.30647e-001	
1.85222e-001	8.89630e-001	
1.72593e-001	9.26227e-001	
2.55113e-001	6.49181e-001	
1.83590e-001	8.96104e-001	
9.64046e-001	1.43872e-001	
4.55951e-001	5.96687e-001	
1.39184e-001	9.63367e-001	
9.36628e-001	1.67525e-001	
2.14480e-001	7.20209e-001	
1.00165e+000	2.85323e-003	
2.30852e-001	6.82243e-001	
1.95865e-001	8.41544e-001	
3.40229e-001	6.10462e-001	
7.04215e-001	2.22448e-001	
1.64031e-001	9.41800e-001	
2.93181e-001	6.25633e-001	
7.64562e-001	2.05539e-001	
9.14338e-001	1.75760e-001	
8.71204e-001	1.90647e-001	
6.38321e-001	2.70269e-001	
3.53145e-001	6.09325e-001	
9.23163e-001	1.71009e-001	
2.59257e-001	6.44557e-001	
9.32739e-002	9.85805e-001	
7.89972e-001	2.02065e-001	
5.63161e-001	5.38810e-001	
1.75362e-001	9.17084e-001	
3.62173e-001	6.08183e-001	
1.68959e-001	9.29555e-001	
5.57067e-001	5.47999e-001	
9.87025e-001	9.35059e-002	
1.56967e-001	9.47879e-001	
1.05417e-001	9.81041e-001	
2.36412e-001	6.70283e-001	
9.45349e-001	1.58700e-001	
8.37019e-001	1.96443e-001	
2.69480e-001	6.37358e-001	
9.89720e-001	7.49286e-002	
1.79839e-001	9.03959e-001	
1.90105e-001	8.72246e-001	
6.83184e-001	2.31395e-001	
2.17236e-001	7.13505e-001	
