4.30003e-001	6.44298e-001	
8.02058e-001	1.28504e-001	
7.36907e-001	1.80977e-001	
5.01648e-004	1.01947e+000	
5.03245e-001	5.12568e-001	
4.99692e-001	5.20219e-001	
1.21126e-001	9.42007e-001	
6.10407e-001	3.29106e-001	
5.70354e-001	3.88559e-001	
5.59238e-001	4.02161e-001	
7.22601e-001	1.86717e-001	
5.76245e-001	3.80486e-001	
1.53844e-002	9.99856e-001	
4.57406e-001	5.93838e-001	
5.10748e-001	5.10032e-001	
8.84756e-001	6.58436e-002	
1.07001e-001	9.52063e-001	
9.98001e-001	9.64822e-003	
4.89181e-001	5.34876e-001	
3.62380e-001	7.47884e-001	
4.85343e-001	5.48030e-001	
3.70031e-001	7.44626e-001	
7.41531e-001	1.70212e-001	
6.36264e-001	2.83941e-001	
6.40291e-001	2.74781e-001	
8.34354e-001	1.00316e-001	
3.75310e-001	7.26696e-001	
9.66860e-001	2.29347e-002	
6.46736e-001	2.69414e-001	
3.33302e-001	7.73580e-001	
7.80094e-001	1.41532e-001	
3.86701e-001	7.13563e-001	
7.12931e-001	1.95650e-001	
4.52456e-001	6.11816e-001	
9.34361e-001	4.21305e-002	
2.80809e-002	9.95236e-001	
8.60148e-001	8.23014e-002	
9.55596e-001	2.84856e-002	
4.02744e-001	6.85067e-001	
6.88276e-001	2.23708e-001	
3.50050e-002	9.88269e-001	
4.77919e-001	5.55100e-001	
1.32106e-001	9.35156e-001	
9.18019e-001	4.86439e-002	
3.99681e-001	6.90936e-001	
8.08145e-001	1.21128e-001	
1.45075e-001	9.28448e-001	
5.19865e-001	4.75966e-001	
9.72597e-001	1.95609e-002	
5.12134e-001	4.86269e-001	
7.72592e-001	1.46198e-001	
3.22396e-001	7.93677e-001	
8.74849e-001	7.27317e-002	
4.44696e-001	6.21328e-001	
4.64270e-001	5.73475e-001	
3.95002e-001	6.96461e-001	
8.95633e-001	5.91961e-002	
5.35685e-001	4.47079e-001	
1.53233e-001	9.19882e-001	
4.71160e-001	5.69746e-001	
4.21528e-001	6.55849e-001	
2.72670e-001	8.37453e-001	
7.53504e-001	1.57802e-001	
3.43018e-001	7.57732e-001	
9.62845e-002	9.56167e-001	
6.79521e-001	2.31479e-001	
6.64011e-001	2.48332e-001	
5.62459e-002	9.84595e-001	
1.11272e-001	9.44438e-001	
4.37631e-001	6.22726e-001	
5.64353e-001	3.95584e-001	
4.13810e-001	6.60765e-001	
6.55739e-001	2.55772e-001	
4.49248e-003	1.00902e+000	
6.13358e-002	9.78593e-001	
5.88968e-001	3.56536e-001	
5.79086e-001	3.68369e-001	
7.02983e-001	2.14005e-001	
9.03802e-001	5.34835e-002	
2.07456e-001	8.98075e-001	
2.57870e-001	8.48542e-001	
2.87379e-001	8.26545e-001	
9.85194e-001	1.33336e-002	
8.16619e-001	1.07434e-001	
8.49061e-001	9.32256e-002	
2.37878e-001	8.70382e-001	
2.55634e-001	8.68456e-001	
6.74256e-001	2.38709e-001	
9.47117e-001	3.15169e-002	
8.62399e-002	9.66548e-001	
6.19048e-001	3.10385e-001	
1.01077e+000	2.45773e-004	
5.53296e-001	4.14544e-001	
2.93383e-001	8.19838e-001	
6.25141e-001	3.03327e-001	
5.95734e-001	3.45490e-001	
6.96646e-001	2.20865e-001	
5.42293e-001	4.29121e-001	
9.38793e-001	3.61648e-002	
6.01213e-001	3.37407e-001	
