9.26620e-005	1.11609e+000	
4.62068e-002	4.54433e-001	
8.02461e-002	7.64525e-002	
9.49069e-002	6.90548e-002	
8.14214e-001	3.21001e-002	
5.38371e-002	1.49548e-001	
5.13526e-002	1.78616e-001	
8.48601e-001	3.10059e-002	
2.60100e-002	9.05923e-001	
8.61892e-001	2.88113e-002	
1.75822e-002	9.79009e-001	
9.05191e-002	7.11460e-002	
9.86151e-001	1.46347e-002	
7.50666e-002	8.26221e-002	
3.42432e-002	7.65196e-001	
9.76020e-001	1.75631e-002	
9.74471e-002	6.77807e-002	
8.12462e-003	1.04316e+000	
2.97803e-002	8.24288e-001	
7.16047e-001	3.79149e-002	
6.81495e-002	9.17329e-002	
1.08294e+000	1.26521e-003	
1.04101e+000	6.49821e-003	
6.26812e-001	4.28195e-002	
2.02522e-002	9.25993e-001	
2.77887e-001	4.78800e-002	
4.90727e-001	4.48472e-002	
5.25859e-002	1.59496e-001	
6.35065e-001	4.06816e-002	
1.02925e+000	8.52780e-003	
4.94580e-002	2.12246e-001	
1.28852e-001	5.63046e-002	
2.13416e-003	1.04528e+000	
9.40592e-001	1.92690e-002	
4.01702e-002	6.92706e-001	
7.35839e-002	8.52989e-002	
4.73665e-001	4.58501e-002	
3.71416e-002	7.28037e-001	
9.16616e-001	2.49747e-002	
7.55041e-001	3.50368e-002	
2.82027e-002	8.55756e-001	
1.01501e+000	1.24620e-002	
1.41395e-002	9.85940e-001	
1.10350e-002	1.03284e+000	
1.44978e-001	5.37518e-002	
9.92366e-001	1.49747e-002	
9.77872e-001	1.75965e-002	
2.61136e-002	9.09529e-001	
5.05111e-002	1.88460e-001	
5.44498e-002	1.51249e-001	
8.50796e-001	3.10861e-002	
4.15187e-001	4.70214e-002	
6.29257e-001	4.20083e-002	
6.94320e-002	9.69557e-002	
7.85347e-002	8.28898e-002	
7.09853e-002	9.44381e-002	
3.21634e-001	4.84617e-002	
6.36487e-001	4.07727e-002	
9.36874e-002	7.09667e-002	
8.82105e-001	2.88837e-002	
3.52606e-002	7.69790e-001	
2.28793e-002	9.25711e-001	
4.49334e-002	5.50323e-001	
1.67623e-002	9.82617e-001	
4.54878e-002	5.29520e-001	
2.02897e-002	9.27706e-001	
8.27145e-002	7.68579e-002	
1.08741e+000	1.27042e-003	
8.16363e-001	3.21848e-002	
1.53518e-002	1.00104e+000	
2.18316e-003	1.06928e+000	
5.60754e-003	1.06126e+000	
1.17838e-003	1.07620e+000	
3.91713e-002	6.98938e-001	
1.48366e-001	5.40185e-002	
1.33025e-001	5.56120e-002	
9.61203e-001	1.89059e-002	
8.05110e-002	8.06410e-002	
1.01706e+000	1.30955e-002	
3.75208e-002	7.35470e-001	
9.19335e-001	2.50488e-002	
1.04406e+000	6.51723e-003	
9.56800e-001	2.25484e-002	
9.63873e-005	1.16096e+000	
4.84513e-002	3.10569e-001	
2.77714e-002	8.61023e-001	
9.91276e-001	1.64306e-002	
9.59298e-001	2.13330e-002	
7.59530e-001	3.52451e-002	
1.36162e-001	5.52670e-002	
1.01693e+000	1.21776e-002	
7.19303e-001	3.80872e-002	
2.98893e-002	8.27304e-001	
1.49737e-001	5.38895e-002	
1.55512e-002	1.00780e+000	
7.80537e-001	3.47823e-002	
5.24944e-001	4.49679e-002	
7.66147e-002	8.43260e-002	
9.23381e-001	2.51590e-002	
4.78232e-001	4.66898e-002	
