2.71632e-002	9.10826e-001	
6.56088e-001	2.80536e-001	
2.31173e-001	7.61727e-001	
8.38965e-001	2.29753e-001	
1.44500e-002	9.60009e-001	
7.62217e-001	2.50273e-001	
7.08715e-001	2.63709e-001	
5.48615e-001	3.67899e-001	
4.14527e-001	6.94110e-001	
4.52528e-001	6.48887e-001	
5.47234e-001	3.75279e-001	
9.16064e-001	1.89665e-001	
3.65683e-003	9.96465e-001	
4.27626e-001	6.81506e-001	
3.37547e-001	7.41049e-001	
2.07857e-003	9.99296e-001	
5.88332e-001	3.18839e-001	
8.01814e-001	2.39064e-001	
8.09156e-001	2.37470e-001	
1.10270e-002	9.66783e-001	
8.23078e-002	8.26505e-001	
9.03330e-002	8.18788e-001	
5.07416e-001	4.82706e-001	
4.84493e-001	5.92311e-001	
6.25696e-001	2.96230e-001	
4.91292e-001	5.67640e-001	
9.95746e-001	2.77126e-002	
5.38779e-001	3.85842e-001	
7.66712e-002	8.32556e-001	
7.23619e-002	8.36203e-001	
3.37912e-002	8.89964e-001	
1.10326e-001	8.02388e-001	
2.89817e-002	9.03028e-001	
6.31612e-001	2.89617e-001	
3.29087e-001	7.43535e-001	
1.63701e-001	7.80568e-001	
5.62639e-001	3.50477e-001	
2.42562e-001	7.57335e-001	
9.38012e-001	1.74825e-001	
4.09428e-002	8.78146e-001	
1.00054e+000	2.31251e-002	
7.36760e-001	2.56706e-001	
8.79052e-001	2.13265e-001	
1.21204e-001	7.96379e-001	
5.41956e-001	3.78019e-001	
1.00300e+000	1.90159e-002	
1.00484e+000	4.55655e-003	
8.63895e-001	2.19054e-001	
1.60537e-001	7.84012e-001	
2.02211e-001	7.70001e-001	
8.92841e-002	8.23806e-001	
3.91134e-001	7.09006e-001	
5.97364e-001	3.11966e-001	
4.21823e-001	6.82818e-001	
6.60573e-001	2.78677e-001	
6.14939e-001	2.99276e-001	
1.57303e-002	9.41032e-001	
7.14684e-001	2.61984e-001	
9.38645e-002	8.13794e-001	
5.11388e-003	9.82492e-001	
9.44281e-001	1.60992e-001	
6.77600e-002	8.39355e-001	
6.46889e-001	2.87102e-001	
9.00330e-001	1.97524e-001	
7.00448e-001	2.66483e-001	
2.61390e-001	7.52763e-001	
8.54792e-001	2.21134e-001	
5.94779e-002	8.47690e-001	
8.98268e-001	2.02911e-001	
3.74110e-001	7.19381e-001	
5.70446e-001	3.41828e-001	
8.21979e-001	2.34395e-001	
6.01010e-001	3.07770e-001	
1.01573e+000	1.46891e-003	
9.66006e-001	1.29939e-001	
9.60135e-001	1.38667e-001	
3.79286e-001	7.14641e-001	
7.47141e-001	2.52693e-001	
5.42477e-002	8.51689e-001	
8.29200e-001	2.32120e-001	
8.67249e-001	2.17524e-001	
4.34167e-001	6.70367e-001	
2.29188e-002	9.17180e-001	
4.51194e-002	8.70164e-001	
5.30439e-001	4.13081e-001	
8.32455e-001	2.30929e-001	
5.27245e-001	4.14193e-001	
2.57692e-001	7.55538e-001	
4.97986e-001	5.42422e-001	
5.57569e-001	3.53548e-001	
5.14555e-001	4.51162e-001	
5.16218e-001	4.48031e-001	
8.90900e-001	2.05844e-001	
2.70445e-001	7.48947e-001	
1.13609e-001	7.99842e-001	
6.36210e-002	8.43403e-001	
3.16541e-002	8.97444e-001	
1.47752e-001	7.85491e-001	
4.28874e-002	8.74072e-001	
5.54583e-001	3.58602e-001	
