5.63601e-001	3.55364e-001	
7.75952e-001	1.75678e-001	
2.82514e-001	6.38069e-001	
4.87432e-001	4.20812e-001	
1.65877e-001	7.84946e-001	
1.30603e-001	8.27911e-001	
2.73776e-001	6.48026e-001	
2.09033e-001	7.31424e-001	
2.95424e-001	6.23023e-001	
3.47460e-001	5.62557e-001	
2.68773e-001	6.59343e-001	
5.72093e-001	3.36922e-001	
4.79595e-002	9.38928e-001	
7.86703e-001	1.63562e-001	
8.93524e-001	8.23724e-002	
4.11684e-001	4.93443e-001	
6.80325e-001	2.44891e-001	
3.15190e-001	5.97555e-001	
9.78023e-001	1.79065e-002	
1.83743e-001	7.56006e-001	
1.97145e-001	7.42813e-001	
5.58412e-002	9.26888e-001	
4.64611e-001	4.40547e-001	
3.07237e-001	6.07931e-001	
9.12495e-001	6.56609e-002	
5.81855e-001	3.32018e-001	
1.01572e+000	2.77452e-004	
8.20751e-001	1.36718e-001	
8.79482e-002	8.82420e-001	
2.38090e-001	6.90711e-001	
3.53045e-001	5.54391e-001	
7.94279e-002	8.93852e-001	
2.19540e-001	7.13913e-001	
4.74805e-001	4.30914e-001	
7.49374e-001	1.90436e-001	
2.57935e-001	6.67427e-001	
1.77081e-001	7.69854e-001	
9.69140e-001	2.40185e-002	
1.20153e-001	8.42421e-001	
6.62369e-003	9.95902e-001	
1.48158e-002	9.85397e-001	
6.35030e-001	2.83879e-001	
3.78582e-001	5.26581e-001	
5.46441e-001	3.70306e-001	
7.16100e-001	2.16350e-001	
3.85567e-001	5.21235e-001	
4.93876e-001	4.12616e-001	
5.97899e-001	3.15823e-001	
9.54762e-001	3.44702e-002	
5.07088e-005	1.00196e+000	
8.55266e-001	1.08369e-001	
2.29118e-002	9.76269e-001	
9.96191e-002	8.65394e-001	
6.12555e-001	3.04893e-001	
5.23728e-001	3.82666e-001	
3.02383e-002	9.62395e-001	
7.99611e-001	1.51041e-001	
9.43921e-002	8.73755e-001	
3.59603e-001	5.47143e-001	
9.98037e-001	4.99900e-003	
9.01017e-001	7.61376e-002	
9.86865e-001	1.38859e-002	
1.38685e-001	8.18292e-001	
1.47490e-001	8.04035e-001	
1.68775e-001	7.75047e-001	
6.42987e-001	2.78156e-001	
9.27414e-001	5.54183e-002	
3.26055e-001	5.84259e-001	
2.46708e-001	6.78324e-001	
8.36891e-001	1.25276e-001	
6.67563e-001	2.54465e-001	
5.08020e-001	3.97681e-001	
6.90088e-001	2.35906e-001	
7.59337e-001	1.81417e-001	
7.27865e-001	2.09336e-001	
3.84930e-002	9.52364e-001	
3.37838e-001	5.72101e-001	
7.40431e-001	2.00492e-001	
4.02565e-001	5.03229e-001	
2.26539e-001	7.03810e-001	
6.25171e-001	2.91427e-001	
7.17085e-002	9.03937e-001	
5.89111e-001	3.21885e-001	
1.55465e-001	7.92013e-001	
7.03694e-001	2.24875e-001	
3.94610e-001	5.11530e-001	
8.42614e-001	1.17101e-001	
8.67489e-001	9.95359e-002	
4.31203e-001	4.72812e-001	
8.80738e-001	9.10649e-002	
8.08781e-001	1.42918e-001	
3.64015e-001	5.41690e-001	
6.59010e-001	2.64619e-001	
6.49292e-001	2.69671e-001	
4.41387e-001	4.63679e-001	
6.32211e-002	9.15074e-001	
4.52653e-001	4.53798e-001	
9.39470e-001	4.62477e-002	
8.29370e-001	1.29141e-001	
4.20497e-001	4.81625e-001	
