2.88477e-002	8.04706e-001	
5.05874e-001	1.03805e-001	
2.10199e-001	3.12917e-001	
9.15219e-001	1.21029e-002	
3.13481e-001	2.09649e-001	
6.66983e-001	5.56459e-002	
2.57284e-001	2.58717e-001	
5.57979e-002	6.67792e-001	
9.99147e-002	5.15719e-001	
5.70485e-001	8.13651e-002	
4.98075e-002	6.93829e-001	
7.60251e-002	5.88904e-001	
6.49370e-001	5.98057e-002	
1.78781e-001	3.55130e-001	
7.59145e-001	3.66127e-002	
4.87453e-001	1.10562e-001	
8.32849e-002	5.64609e-001	
8.43323e-001	2.25823e-002	
1.04260e-001	5.04246e-001	
3.65134e-001	1.73136e-001	
3.54542e-001	1.79543e-001	
2.33516e-001	2.83449e-001	
1.22325e-001	4.60937e-001	
5.85568e-001	7.70321e-002	
4.00893e-002	7.40754e-001	
8.22984e-003	9.43120e-001	
4.71027e-001	1.17653e-001	
5.35152e-001	9.28843e-002	
4.00302e-001	1.52351e-001	
9.52015e-001	6.80797e-003	
4.42488e-001	1.30935e-001	
1.30013e-001	4.43670e-001	
7.97998e-001	2.99426e-002	
2.46740e-001	2.69644e-001	
4.18533e-003	9.71413e-001	
5.22294e-002	6.83055e-001	
1.37017e-001	4.30354e-001	
9.29315e-001	1.04637e-002	
4.52491e-002	7.13950e-001	
2.80690e-001	2.37237e-001	
1.43688e-001	4.16936e-001	
8.27860e-001	2.49915e-002	
6.95922e-002	6.12331e-001	
6.33064e-001	6.41440e-002	
3.01703e-001	2.19121e-001	
3.53093e-002	7.65954e-001	
4.55053e-001	1.24718e-001	
6.03934e-001	7.18585e-002	
8.64013e-001	1.93908e-002	
1.19558e-002	9.14642e-001	
4.27895e-001	1.37515e-001	
9.38797e-002	5.32174e-001	
1.14169e-001	4.80331e-001	
6.13738e-001	6.88210e-002	
4.96961e-001	1.07988e-001	
1.99361e-001	3.26484e-001	
2.92024e-001	2.27252e-001	
6.79501e-001	5.27574e-002	
1.62475e-001	3.82558e-001	
2.67141e-002	8.16470e-001	
1.90788e-001	3.37704e-001	
1.55041e-001	3.95115e-001	
6.55293e-003	9.55490e-001	
1.49524e-001	4.05159e-001	
2.07404e-002	8.57234e-001	
4.22138e-002	7.30265e-001	
5.16125e-001	1.00361e-001	
1.86925e-002	8.68955e-001	
7.13128e-001	4.56923e-002	
7.28150e-001	4.25877e-002	
5.26203e-001	9.92605e-002	
2.86929e-003	9.81319e-001	
3.80889e-001	1.64161e-001	
2.25374e-001	2.92693e-001	
1.09805e-001	4.89869e-001	
9.83353e-001	2.56013e-003	
7.23420e-002	6.01746e-001	
6.62360e-002	6.26839e-001	
3.89663e-001	1.58455e-001	
1.18740e-003	9.93292e-001	
7.39021e-001	4.03873e-002	
2.18295e-001	3.02026e-001	
3.23348e-001	2.01466e-001	
3.40840e-001	1.89055e-001	
6.91292e-001	5.00460e-002	
6.06363e-002	6.47579e-001	
2.64822e-001	2.50713e-001	
8.75994e-001	1.78584e-002	
8.95627e-002	5.45923e-001	
5.56871e-001	8.62318e-002	
3.22852e-002	7.83996e-001	
1.85132e-001	3.46813e-001	
2.32526e-002	8.38718e-001	
4.13608e-001	1.45192e-001	
8.17364e-001	2.64912e-002	
8.90611e-001	1.55540e-002	
1.71228e-001	3.70654e-001	
7.75986e-001	3.38197e-002	
9.66466e-001	4.81870e-003	
1.69207e-002	8.82006e-001	
