6.79240e-004	8.79188e-001	
9.44809e-001	7.23160e-002	
3.84859e-001	3.66517e-001	
6.54222e-001	1.75402e-001	
9.22664e-001	8.17049e-002	
2.20143e-001	6.88734e-001	
8.72331e-001	9.84526e-002	
6.95380e-001	1.58595e-001	
3.56729e-001	4.12584e-001	
1.97705e-001	6.93777e-001	
3.47531e-001	4.31870e-001	
2.74264e-001	6.68609e-001	
3.01578e-001	6.43882e-001	
7.43135e-001	1.41397e-001	
8.19251e-001	1.15568e-001	
5.94281e-001	2.03874e-001	
1.62527e-002	7.40758e-001	
3.34166e-001	4.71890e-001	
3.31343e-001	4.85374e-001	
3.43538e-001	4.41581e-001	
3.14152e-001	6.16236e-001	
4.25945e-001	3.20074e-001	
6.84676e-001	1.62831e-001	
3.23685e-001	5.29305e-001	
4.96993e-001	2.61087e-001	
5.16046e-001	2.48809e-001	
5.24915e-001	2.42738e-001	
6.77915e-001	1.65710e-001	
4.35539e-001	3.11025e-001	
4.78627e-001	2.74494e-001	
3.50791e-001	4.24595e-001	
7.91522e-001	1.24282e-001	
6.07621e-001	1.96961e-001	
2.56725e-002	7.14697e-001	
3.28790e-001	4.95772e-001	
4.49977e-001	2.99118e-001	
9.35474e-001	7.65154e-002	
4.18227e-001	3.27983e-001	
9.71929e-001	5.76276e-002	
3.16387e-001	6.06778e-001	
9.56088e-001	6.76634e-002	
3.74237e-001	3.81721e-001	
9.12206e-001	8.55146e-002	
6.69259e-001	1.69215e-001	
5.60740e-001	2.21957e-001	
5.33571e-001	2.37366e-001	
9.64297e-001	6.30279e-002	
9.93375e-001	3.62458e-002	
2.28949e-001	6.86397e-001	
2.42835e-001	6.84332e-001	
7.82540e-001	1.27064e-001	
5.72815e-001	2.15033e-001	
2.11727e-001	6.90653e-001	
1.42361e-001	7.00811e-001	
1.00067e+000	5.43906e-003	
4.67010e-001	2.83393e-001	
1.69821e-001	6.98517e-001	
1.88060e-001	6.95041e-001	
7.58133e-001	1.35678e-001	
9.99430e-001	2.02580e-002	
8.49497e-001	1.05804e-001	
3.37089e-001	4.58935e-001	
4.79619e-002	7.05993e-001	
5.40671e-001	2.33988e-001	
6.34622e-001	1.84680e-001	
3.09382e-001	6.30115e-001	
3.19752e-001	5.81213e-001	
1.48224e-002	7.54509e-001	
3.05481e-001	6.37227e-001	
8.30875e-001	1.11671e-001	
1.54651e-001	6.99729e-001	
2.56108e-001	6.77546e-001	
7.29786e-001	1.45407e-001	
6.43768e-001	1.80294e-001	
7.17127e-001	1.50109e-001	
5.80928e-001	2.10364e-001	
4.57685e-001	2.90566e-001	
2.94325e-001	6.52286e-001	
3.40351e-001	4.49716e-001	
8.98704e-001	8.98715e-002	
5.05002e-001	2.55972e-001	
8.85655e-001	9.47130e-002	
1.89302e-002	7.28415e-001	
3.22404e-001	5.41834e-001	
3.94039e-001	3.54410e-001	
8.58361e-001	1.02907e-001	
3.26358e-001	5.07336e-001	
4.10404e-001	3.35734e-001	
6.20094e-001	1.91107e-001	
9.66066e-002	7.02841e-001	
4.40923e-001	3.05285e-001	
4.87564e-001	2.67955e-001	
3.20950e-001	5.65454e-001	
3.64767e-001	3.97158e-001	
8.05180e-001	1.19937e-001	
7.70205e-001	1.31605e-001	
7.06097e-001	1.54406e-001	
5.51224e-001	2.26641e-001	
9.84692e-001	4.78861e-002	
4.01814e-001	3.45440e-001	
