5.25777e-002	8.76149e-002	
9.00130e-002	4.95599e-002	
4.45574e-002	1.12058e-001	
4.03404e-002	1.53817e-001	
5.65258e-002	7.56857e-002	
7.42927e-002	5.79536e-002	
9.98691e-001	9.57891e-005	
8.49792e-002	5.19896e-002	
8.55265e-001	1.57000e-002	
3.40866e-002	5.37468e-001	
6.28328e-002	6.65267e-002	
8.09030e-002	5.43311e-002	
7.65396e-002	5.57213e-002	
4.13671e-001	3.70657e-002	
1.40344e-001	4.12759e-002	
7.88350e-001	2.10872e-002	
2.14847e-002	7.85828e-001	
1.01904e-002	9.09289e-001	
9.43443e-001	7.02255e-003	
4.82451e-002	9.96204e-002	
1.83481e-002	8.31393e-001	
7.50071e-001	2.41091e-002	
3.83461e-002	2.04999e-001	
3.71924e-002	3.31277e-001	
7.16816e-002	6.04821e-002	
1.91054e-001	3.88588e-002	
2.62330e-004	1.00276e+000	
9.93983e-002	4.67361e-002	
2.03826e-002	8.06550e-001	
1.22250e-002	8.96584e-001	
3.29943e-002	5.71856e-001	
1.04546e-001	4.56148e-002	
3.14693e-003	9.74300e-001	
9.52868e-001	5.07106e-003	
7.74296e-003	9.37804e-001	
7.00849e-002	6.14964e-002	
8.21063e-002	5.30916e-002	
8.96670e-001	1.18939e-002	
1.95486e-003	9.81601e-001	
1.49831e-002	8.70723e-001	
9.34434e-001	8.29824e-003	
6.56902e-001	2.90222e-002	
8.35481e-001	1.77867e-002	
5.38284e-001	3.39449e-002	
3.16752e-002	6.13209e-001	
9.11059e-003	9.31817e-001	
4.58103e-002	1.05913e-001	
1.71473e-002	8.40091e-001	
2.69913e-002	6.96135e-001	
2.25053e-002	7.69223e-001	
6.31640e-001	3.03553e-002	
2.53653e-002	7.26555e-001	
5.93549e-001	3.17298e-002	
4.16761e-002	1.34529e-001	
5.17268e-002	9.15144e-002	
1.02409e-002	9.13794e-001	
1.83918e-002	8.33371e-001	
7.53711e-001	2.42261e-002	
1.23608e-001	4.33250e-002	
8.57859e-001	1.57476e-002	
1.82323e-001	3.99164e-002	
9.99920e-001	9.59070e-005	
9.85629e-001	2.18645e-003	
7.89742e-001	2.11245e-002	
6.89240e-001	2.77238e-002	
7.46468e-003	9.44705e-001	
1.17231e-002	9.06367e-001	
3.28514e-002	5.76305e-001	
2.00068e-002	8.10378e-001	
4.20176e-001	3.69954e-002	
1.13636e-001	4.47118e-002	
4.38282e-002	1.26154e-001	
5.59119e-003	9.76671e-001	
8.97767e-001	1.19084e-002	
5.46602e-001	3.44694e-002	
9.60336e-001	4.18063e-003	
6.22223e-002	7.03748e-002	
1.55483e-001	4.07042e-002	
3.11948e-002	6.14843e-001	
2.45335e-002	7.47980e-001	
2.45540e-001	3.81342e-002	
9.71343e-001	3.28555e-003	
4.63582e-002	1.07179e-001	
4.23374e-002	1.36664e-001	
2.70936e-002	6.98774e-001	
2.28963e-002	7.74808e-001	
2.59092e-002	7.36082e-001	
1.43502e-001	4.22045e-002	
5.68066e-002	7.71263e-002	
6.33827e-001	3.04605e-002	
3.43629e-002	5.49930e-001	
5.70551e-001	3.31126e-002	
8.37925e-001	1.78388e-002	
1.50312e-002	8.73523e-001	
5.97594e-001	3.19461e-002	
4.74953e-002	1.01272e-001	
9.38074e-001	8.33056e-003	
1.72892e-002	8.47046e-001	
3.84028e-002	2.25750e-001	
5.57827e-002	7.88529e-002	
