8.43420e-001	1.19601e-001	
5.44591e-001	3.64740e-001	
3.80925e-002	9.52100e-001	
2.71115e-001	6.50092e-001	
2.56837e-001	6.69570e-001	
4.75213e-002	9.41533e-001	
2.25972e-001	7.02946e-001	
9.40345e-002	8.76417e-001	
4.86157e-001	4.18240e-001	
9.41181e-001	4.56086e-002	
9.91033e-001	1.15022e-002	
2.06021e-001	7.30077e-001	
5.30505e-001	3.74902e-001	
6.47618e-001	2.72071e-001	
6.58498e-001	2.61253e-001	
6.92945e-001	2.35222e-001	
7.61815e-001	1.79648e-001	
6.81632e-001	2.44186e-001	
1.06714e-001	8.58041e-001	
8.49760e-001	1.12717e-001	
1.76544e-001	7.67732e-001	
3.39099e-001	5.70114e-001	
3.28728e-001	5.84175e-001	
4.43937e-001	4.58627e-001	
3.72062e-001	5.34529e-001	
1.00408e+000	2.05613e-004	
8.62086e-001	1.02770e-001	
7.45945e-002	9.02742e-001	
5.64047e-001	3.45971e-001	
2.78825e-001	6.39628e-001	
4.57663e-001	4.44686e-001	
3.63452e-001	5.43764e-001	
7.17491e-001	2.15257e-001	
3.94791e-001	5.11202e-001	
9.78704e-001	1.84902e-002	
6.37672e-001	2.81626e-001	
6.19089e-001	2.97487e-001	
9.49279e-001	3.85936e-002	
4.93146e-001	4.10153e-001	
2.55983e-002	9.67065e-001	
1.81786e-002	9.78231e-001	
5.42737e-002	9.27449e-001	
4.34206e-001	4.68418e-001	
7.90274e-001	1.58246e-001	
9.19907e-003	9.90453e-001	
1.00196e-001	8.66204e-001	
1.56036e-001	7.93501e-001	
6.33012e-002	9.17524e-001	
6.08652e-001	3.03420e-001	
7.99023e-001	1.51540e-001	
6.29255e-001	2.87282e-001	
7.76787e-001	1.69050e-001	
4.03001e-001	5.00821e-001	
2.34234e-001	6.91417e-001	
7.51163e-001	1.89091e-001	
2.92106e-001	6.21987e-001	
1.07258e-003	1.00632e+000	
9.31670e-001	5.27127e-002	
2.43062e-001	6.85918e-001	
8.85785e-001	8.70262e-002	
5.08949e-001	3.97235e-001	
2.17844e-001	7.16803e-001	
9.65886e-001	2.80475e-002	
4.77250e-001	4.25250e-001	
1.91059e-001	7.45274e-001	
5.72792e-001	3.36187e-001	
7.27156e-001	2.08109e-001	
5.94956e-001	3.18213e-001	
6.01935e-001	3.12325e-001	
3.28575e-002	9.59743e-001	
1.47118e-001	8.04161e-001	
9.14685e-001	6.30083e-002	
8.28136e-001	1.29003e-001	
7.04784e-001	2.24750e-001	
8.12632e-001	1.40145e-001	
1.67076e-001	7.79230e-001	
8.72243e-001	9.59110e-002	
7.68414e-001	1.73895e-001	
8.29458e-002	8.89755e-001	
3.56042e-001	5.51348e-001	
6.70077e-001	2.55772e-001	
8.20400e-001	1.34514e-001	
5.81959e-001	3.28459e-001	
3.48349e-001	5.60184e-001	
7.38143e-001	1.98597e-001	
1.15670e-001	8.44572e-001	
1.37046e-001	8.21438e-001	
3.03625e-001	6.11519e-001	
5.51474e-001	3.55652e-001	
4.67446e-001	4.35036e-001	
3.81974e-001	5.22294e-001	
2.86220e-001	6.29970e-001	
3.11731e-001	5.99722e-001	
4.27353e-001	4.78832e-001	
8.92223e-001	8.04497e-002	
4.13718e-001	4.89567e-001	
9.05555e-001	7.38622e-002	
3.22323e-001	5.91604e-001	
1.32290e-001	8.33651e-001	
5.20768e-001	3.84731e-001	
