7.64368e-001	1.45488e-001	
6.18811e-001	2.87065e-001	
4.76079e-001	4.31578e-001	
7.70474e-001	1.44178e-001	
3.37153e-001	5.69327e-001	
1.90224e-003	1.00815e+000	
4.83121e-001	4.26740e-001	
7.61596e-001	1.46632e-001	
3.40713e-001	5.65995e-001	
6.70621e-002	8.44137e-001	
1.96777e-001	7.08152e-001	
1.94868e-001	7.09468e-001	
7.54529e-001	1.50882e-001	
3.33669e-001	5.72041e-001	
2.06215e-001	7.05004e-001	
8.92206e-001	1.69454e-002	
3.38653e-001	5.67918e-001	
5.70537e-002	8.49601e-001	
5.46651e-002	8.52966e-001	
5.96141e-002	8.48293e-001	
3.32403e-001	5.74469e-001	
3.31171e-001	5.81075e-001	
5.02115e-002	8.57416e-001	
8.94169e-001	8.54090e-003	
6.12233e-001	2.93842e-001	
9.04830e-001	3.82038e-003	
6.15996e-001	2.88334e-001	
4.97104e-001	4.25718e-001	
7.56301e-001	1.48699e-001	
7.51577e-001	1.53070e-001	
4.72673e-001	4.38847e-001	
8.89556e-001	2.84525e-002	
8.99839e-001	4.85485e-003	
7.50025e-001	1.70682e-001	
6.24997e-001	2.83434e-001	
1.90731e-001	7.17351e-001	
6.13257e-001	2.92899e-001	
6.71587e-002	8.45353e-001	
8.96206e-001	8.27920e-003	
3.41995e-001	5.65293e-001	
7.57281e-002	8.44092e-001	
1.93869e-001	7.10758e-001	
3.30638e-001	5.89851e-001	
3.84138e-004	1.01113e+000	
4.78288e-001	4.32491e-001	
5.16586e-002	8.57135e-001	
4.75247e-001	4.34101e-001	
9.06333e-001	3.82673e-003	
1.91163e-001	7.18979e-001	
7.60006e-001	1.48017e-001	
6.31197e-001	2.83534e-001	
4.72428e-001	4.40000e-001	
7.72009e-001	1.44465e-001	
2.04067e-001	7.07518e-001	
5.38751e-002	8.54901e-001	
9.02098e-001	4.86703e-003	
5.70438e-002	8.50793e-001	
5.04053e-002	8.60726e-001	
1.20544e-003	1.00925e+000	
1.97061e-001	7.09173e-001	
5.10258e-001	4.27505e-001	
8.93711e-001	1.69740e-002	
6.12371e-001	2.96418e-001	
6.11618e-001	3.07236e-001	
5.17305e-002	8.58328e-001	
8.97454e-001	7.56284e-003	
6.20213e-001	2.87554e-001	
9.07630e-001	3.45775e-003	
3.84894e-004	1.01312e+000	
6.14537e-001	2.94948e-001	
7.65888e-001	1.45778e-001	
3.33042e-001	5.76367e-001	
3.39563e-001	5.69444e-001	
7.56739e-001	1.51198e-001	
9.03415e-001	5.01505e-003	
8.91317e-001	2.82641e-002	
3.04970e-003	1.00859e+000	
5.02069e-002	8.63238e-001	
1.91785e-001	7.21318e-001	
6.32253e-001	2.84008e-001	
3.34818e-001	5.74011e-001	
2.06939e-001	7.06591e-001	
1.94187e-001	7.11973e-001	
3.43679e-001	5.65497e-001	
3.34665e-001	5.74067e-001	
6.23646e-001	2.86924e-001	
8.98829e-001	7.57443e-003	
5.13540e-001	4.28484e-001	
4.78563e-001	4.33830e-001	
5.18038e-002	8.59535e-001	
3.86205e-004	1.01657e+000	
6.15498e-001	2.93970e-001	
6.21238e-001	2.88190e-001	
9.09144e-001	3.46352e-003	
1.90876e-003	1.01160e+000	
3.41503e-001	5.67308e-001	
7.55600e-001	1.52965e-001	
4.74826e-001	4.39151e-001	
7.87981e-003	1.00935e+000	
4.74006e-001	4.41292e-001	
