0.714433               0.231318               0.173548               0.995657               1.06878
0.373416               0.16633               0.242516               0.998581               0.231471
0.271888               0.116934               0.16262               0.999889               0.183814
0.187352               0.104162               0.129435               0.999959               0.161452
0.311058               0.0485296               0.105172               0.999959               0.598116
0.330532               0.0223842               0.194235               1               0.888355
0.0975678               0.0117061               0.31424               1               0.220523
0.00947321               0.00794144               0.0604183               1               0.0679011
0.00232918               0.0104639               0.014176               0.999975               0.16714
0.00437826               0.0250431               0.0469975               0.999999               0.194975
0.00190976               0.0312412               0.0338997               0.999234               0.203816
0.00200136               0.0229574               0.0235671               0.999253               0.196539
0.00860282               0.0155553               0.0442449               0.999275               0.16367
0.068758               0.00822288               0.535055               0.999696               0.00960804
0.0830541               0.0116498               0.0272649               0.999936               0.363513
0.223236               0.0161931               0.10293               0.999996               0.911427
0.0672242               0.0137871               0.31288               0.999996               0.195703
0.00447948               0.0115618               0.00825729               1               0.066597
0.00211393               0.0198825               0.00953297               1               0.165584
0.00719255               0.0340441               0.00770332               1               0.190794
0.00220828               0.0220851               0.0260734               0.998542               0.203418
0.0209092               0.0474334               0.0466523               1               0.1741
0.00191668               0.0213753               0.00766441               1               0.165486
0.00208362               0.0130184               0.00924755               1               0.0683554
0.00788777               0.0199885               0.00926301               1               0.160407
0.067551               0.0186955               0.00880672               1               0.336242
0.00648223               0.0132132               0.00899732               1               0.157315
0.00125875               0.00641187               0.00918941               1               0.073398
0.00126717               0.00865843               0.012062               1               0.168799
0.00134672               0.0177497               0.0182074               1               0.198099
0.00116872               0.0225101               0.0284276               1               0.205174
0.00123738               0.0203449               0.0150031               0.999981               0.198183
0.00145414               0.0113414               0.016193               0.999991               0.167922
0.00285657               0.00853796               0.0116761               0.999997               0.0708344
0.00780302               0.0140641               0.0103848               0.999991               0.159671
0.0615637               0.0190624               0.00948361               0.999991               0.34383
0.00737524               0.0184937               0.00914777               0.999991               0.159005
0.00182032               0.0114306               0.00981021               0.999987               0.0695116
0.00157283               0.0245478               0.00807317               0.999984               0.166132
0.017341               0.0401321               0.00890488               0.999984               0.179052
0.00130525               0.01926               0.0284704               0.99998               0.205237
0.00807244               0.0324445               0.00917895               0.999998               0.190492
0.00243198               0.0180097               0.0172754               1               0.164372
0.00221415               0.0112178               0.0108372               1               0.06961
0.00807577               0.0193001               0.00862925               1               0.160509
0.0793836               0.0168351               0.00963491               1               0.334978
0.00713698               0.0116857               0.00944179               1               0.157515
0.00153324               0.00667288               0.00790715               1               0.0731606
0.00148917               0.00871167               0.0130698               1               0.168589
0.00138232               0.0170921               0.0214547               1               0.198043
