0.0522767               0.0393339               0.181077               0.999996               0.15985
0.0059578               0.0287266               0.057603               0.999953               0.192366
0.0054617               0.0126807               0.0334738               1               0.166201
0.0047977               0.00779331               0.00918063               1               0.0704581
0.00632172               0.00974076               0.00892252               1               0.158544
0.0552717               0.00903074               0.0116466               0.999989               0.333881
0.00569689               0.0109495               0.00869914               0.999961               0.15615
0.000995806               0.0054695               0.00817696               0.999992               0.0744767
0.00109035               0.00795598               0.0132913               0.999996               0.169554
0.00117856               0.016151               0.0213285               1               0.198917
0.00109818               0.0219193               0.0233963               0.997332               0.205769
0.00145376               0.0203231               0.0239514               0.999958               0.19855
0.00864896               0.00911465               0.0789957               0.999998               0.16315
0.00100214               0.00524445               0.00783416               1               0.074528
0.00226747               0.00911431               0.00752848               1               0.156921
0.0760104               0.0159452               0.010013               1               0.334367
0.00369               0.00983378               0.00907373               1               0.157152
0.00127627               0.00772422               0.00954181               1               0.072195
0.00102576               0.0127385               0.0164735               1               0.168066
0.00206747               0.023648               0.0116736               1               0.196966
0.00126114               0.0213452               0.0250349               0.997603               0.205469
0.0190077               0.0412001               0.00958636               0.999997               0.180449
0.00140402               0.0219693               0.00848185               1               0.167289
0.00191903               0.00895535               0.0097897               1               0.0703869
0.00627079               0.0176873               0.00913861               1               0.15859
0.0569789               0.0168737               0.00899501               1               0.334131
0.00276371               0.00771749               0.00840342               1               0.155619
0.000918489               0.00541342               0.0078752               1               0.0747331
0.00096383               0.00807855               0.0126047               1               0.169656
0.00114187               0.0163224               0.0212799               1               0.198828
0.00122984               0.0215232               0.0262744               0.998244               0.205708
0.00152189               0.0204433               0.0238433               0.999952               0.198498
0.00114778               0.00854776               0.0131483               0.999964               0.169395
0.00140831               0.00570831               0.00824919               0.999997               0.0740398
0.00300166               0.00973798               0.00854295               1               0.156817
0.0577479               0.0174544               0.0093403               1               0.335556
0.00319532               0.0146027               0.00910472               1               0.158071
0.0013204               0.0102639               0.00896776               1               0.070922
0.0010659               0.0190908               0.00980727               1               0.167445
0.0189095               0.0321338               0.0138356               1               0.180615
0.00113032               0.0218602               0.0262423               0.998412               0.205813
0.0018076               0.0201813               0.0157543               1               0.196695
0.00124573               0.0133085               0.0154739               1               0.16766
0.00140469               0.00855701               0.00903655               1               0.0719379
0.00607281               0.0123689               0.00924844               1               0.157543
0.0663536               0.0102217               0.0112844               1               0.334128
0.00528573               0.0109712               0.00833158               0.999998               0.155797
0.000963436               0.00502657               0.00774419               0.999985               0.0747668
0.000971093               0.00791109               0.0133398               0.999961               0.169625
0.00118583               0.0166005               0.019779               0.99996               0.198851
