0  16.1373  
15.7962  2.88736e-048  
0.48245  3.94213  
0.333456  9.45942  
0.444861  7.13315  
0.387336  8.64244  
0.576128  1.44462  
15.1727  0.00120201  
0.933571  0.79842  
0.456412  6.76748  
0.246468  10.6691  
0.0627174  12.3079  
4.81385e-018  15.7428  
0.112195  11.9883  
0.451864  6.92647  
0.575226  1.57858  
0.412494  8.0815  
2.02647  0.526712  
0.0243918  12.6638  
0.395955  8.42713  
0.542105  1.74445  
0.690913  1.10646  
0.530317  1.94373  
0.46062  6.68062  
0.129745  11.8244  
0.203407  11.1565  
1.49079  0.581099  
0.622568  1.25937  
0.189012  11.2283  
0.260726  10.4532  
0.314319  9.76765  
14.8511  0.072675  
18.882  1.67382e-046  
17.3582  0.0211843  
9.03545  0.600132  
6.81446  0.632683  
0.635588  5.66422  
0.50707  10.7901  
0.549579  9.07514  
2.531  0.714646  
17.5243  0.0140591  
0.59353  7.32783  
1.04322e-005  26.0759  
0.000170609  25.3455  
0.000764659  24.6478  
0  40.5052  
1.44811e-019  36.1069  
17.1029  0.254111  
4.81764  2.98232  
3.68851  15.6096  
17.4389  0.39476  
1.28407e-011  50.5197  
5.06467  2.20148  
17.2562  0.52985  
18.62  0.0417731  
4.36017  4.05116  
4.13277  7.5809  
31.2771  1.60785e-043  
16.105  1.19744  
1.01467  19.0671  
0.0277738  25.081  
1.135  15.6907  
6.77397  1.40666  
15.9984  1.20131  
28.962  4.93388e-005  
3.97296  8.46437  
0  50.9626  
23.208  0.0893025  
5.26286  5.83746  
18.9962  0.27282  
17.5875  0.409683  
43.4884  0.018883  
32.9432  0.0577039  
1.53159  46.4431  
8.18184  2.12482  
4.35382  8.83633  
6.2249  5.14764  
5.73291  5.37659  
58.0029  8.65162e-035  
63.4568  1.93402e-039  
2.74448  33.5759  
1.79996  43.4939  
51.6396  2.3852e-029  
48.0566  1.79202e-005  
3.36476  24.7722  
4.38079  6.85196  
0  51.1357  
16.4759  1.79026  
20.6413  0.137258  
68.9681  3.18559e-029  
0  56.291  
4.64772  7.61914  
41.5745  0.124025  
21.7657  0.24869  
57.8421  4.58876e-005  
48.3283  0.00016799  
67.8493  1.17019e-005  
12.4742  3.23779  
16.8705  2.36033  
8.64901  4.34994  
