9.83894  6.52241e-024  
0  5.95945  
1.23184  0.674114  
11.5561  5.33769e-030  
0.538016  2.76439  
16.5062  3.01714e-048  
3.06257  0.00158166  
2.72835  0.671647  
0.673117  2.05714  
0.77824  1.16654  
1.03973  0.835792  
0.994685  0.876997  
0.536573  3.19174  
0.486867  5.58326  
0.85533  0.987565  
0.595037  2.20161  
0.509097  3.59227  
0.716514  1.41425  
0.766728  1.85161  
0.455331  8.44427  
16.6144  3.03693e-048  
0.496958  6.34611  
0.238597  11.635  
0.767886  1.46131  
1.6232  0.764677  
0.972975  1.07757  
1.13806  0.909068  
11.1779  0.35786  
12.8567  5.93845e-030  
0  11.6715  
0.338546  9.69299  
2.95324  0.72701  
0.583771  3.35045  
11.9749  0.325302  
0.546247  3.53309  
0.418195  9.43859  
0.621714  2.7938  
4.34724  0.516996  
1.06904  1.02327  
1.05929  1.0242  
1.17572  0.856678  
0.813906  1.22  
0.547137  4.92224  
0.811905  1.99494  
2.22493  0.902181  
17.0387  3.11449e-048  
1.95785  0.912535  
0.852407  1.22873  
1.38832  1.11845  
4.3786  0.659904  
1.44163  1.00546  
0.0251852  12.8144  
0.989408  1.21171  
0.174371  12.553  
0.603553  3.85135  
0.2114  12.2276  
13.1359  6.06738e-030  
0  16.1373  
13.0182  0.621125  
0.379003  9.945  
0.662911  3.03432  
1.45067  0.932736  
0.0572156  12.5778  
3.2072  0.796681  
0.845375  1.56541  
2.07475e-006  12.9928  
0.872314  1.25743  
1.54899  1.01518  
0.595855  5.35905  
0.559686  8.70499  
0.571386  6.05332  
5.86138e-005  13.0454  
4.19446  0.885323  
18.3274  3.35004e-048  
18.0766  1.60242e-046  
1.52693  1.05692  
1.23927  1.23927  
0.453551  10.7617  
0.695982  3.27223  
0.104692  12.8303  
2.79605  0.945139  
0.643167  4.85926  
0.625199  4.99053  
13.7261  0.394087  
1.74125e-007  16.4846  
16.2272  1.07573e-023  
15.1602  0.0525151  
0  17.8802  
1.18964  1.23931  
5.46406  0.66726  
2.0819  0.991785  
0  19.9623  
18.516  3.38451e-048  
15.8914  0.404293  
8.77248  0.683363  
0.00111883  14.2988  
0.608863  8.38037  
2.8353  1.14968  
0.735539  3.37571  
6.26488  0.87657  
