30.0329  -7.35594e-016  
9.95187e-005  1.09036  
0.00330924  1.0826  
21.5023  -4.7399e-016  
22.4953  -4.95879e-016  
17.1199  -3.77384e-016  
2.82839  -6.2348e-017  
12.8857  -2.84047e-016  
17.4744  -3.85199e-016  
14.1629  -3.12202e-016  
1.06263  -2.34242e-017  
3.9702  -8.75176e-017  
14.5979  -3.21791e-016  
13.3323  -2.93892e-016  
28.806  -6.34989e-016  
5.73068  -1.26325e-016  
22.0395  -4.85832e-016  
16.1731  -3.56513e-016  
22.3049  -4.9168e-016  
29.351  -6.47002e-016  
1.97399  -4.35138e-017  
17.936  -3.95374e-016  
3.01043  -6.63608e-017  
29.8076  -6.57069e-016  
19.7596  -4.35574e-016  
13.9133  -3.06699e-016  
8.24739  -1.81802e-016  
20.0867  -4.42784e-016  
13.6416  -3.0071e-016  
8.74475  -1.92766e-016  
8.38485  -1.84833e-016  
7.24466  -1.59699e-016  
8.98155e-005  1.36646  
23.8765  -5.26324e-016  
8.62664  -1.90163e-016  
9.00716  -1.98551e-016  
1.46431  -3.22788e-017  
23.6035  -5.20307e-016  
18.4788  -4.07339e-016  
18.2751  -4.0285e-016  
16.846  -3.71347e-016  
16.7187  -3.6854e-016  
19.6785  -4.33786e-016  
20.7556  -4.57528e-016  
14.7166  -3.24408e-016  
18.1275  -3.99596e-016  
0.408821  0.803647  
19.31  -4.25663e-016  
7.98135  -1.75938e-016  
4.2258  -9.3152e-017  
9.59237  -2.11451e-016  
4.8572  -1.0707e-016  
18.8726  -4.16021e-016  
3.24787  -7.15949e-017  
0.614284  0.605834  
9.82172  -2.16506e-016  
12.1718  -2.68311e-016  
1.94494  -4.28736e-017  
11.9108  -2.62558e-016  
29.6184  -6.52898e-016  
4.60837  -1.01585e-016  
20.3646  -4.4891e-016  
5.505  -1.2135e-016  
18.6288  -4.10647e-016  
13.5285  -2.98217e-016  
9.52332e-006  1.40376  
3.20197e-006  1.58229  
0.780039  0.524526  
0.886033  0.412244  
1.12765  0.0162292  
1.47484  2.1674e-017  
7.74796e-006  1.92945  
0.905306  0.62472  
0.995  0.440764  
1.07499  0.333304  
9.96739e-006  1.46921  
0.426023  0.837461  
0.000138988  1.33043  
0.634766  0.626033  
0.00564177  1.288  
1.18035  2.31282e-017  
0.000100488  1.46547  
0.465528  0.946253  
8.31618e-006  2.07095  
1.0484  0.464419  
1.57251  2.31092e-017  
1.15186  0.290588  
1.11273  0.347148  
1.39895e-005  1.64616  
3.16897e-005  1.52287  
1.32585  0.00776598  
0.677585  0.66832  
1.22042  0.0214832  
0.263125  1.31838  
1.14222e-005  1.68366  
1.32931  2.60469e-017  
1.60282  2.35547e-017  
8.91086e-006  2.21904  
0.501953  0.970253  
0.0318908  1.52678  
