0.405505  0.370306  
0.143501  0.630056  
0.33335  0.424347  
0.174818  0.59254  
0.0976067  0.69157  
0.0717997  0.743156  
0.772744  0.128367  
0.0833789  0.725719  
0.11101  0.677073  
1.36888e-100  1.16513  
0.0883428  0.710283  
1.62456e-096  1.03758  
0.72224  0.153135  
0.198029  0.563927  
0.27612  0.481213  
0.528604  0.280584  
0.119607  0.664263  
1.88133e-103  1.44769  
2.01742e-102  1.26535  
0.682134  0.174949  
0.799751  0.118056  
0.663477  0.203874  
0.362908  0.398036  
0.609703  0.219989  
0.0165474  0.878694  
0.435019  0.347669  
0.635252  0.206779  
0.820377  0.0967357  
0.707177  0.159348  
0.782927  0.118458  
0.0564183  0.7987  
0.56849  0.254222  
0.00666389  0.940807  
1.11629e-099  1.08212  
0.678489  0.19271  
0.0449114  0.821724  
0.981115  0.0183042  
0.917535  0.0451659  
0.0160439  0.901167  
0.604493  0.24352  
0.985894  0.00901767  
0.00984697  0.920266  
8.31039e-102  1.24343  
2.70709e-103  1.43934  
1.81575e-100  1.16005  
6.89307e-104  1.5569  
1.42703e-103  1.46134  
9.38512e-102  1.17194  
2.69509e-101  1.20952  
8.31039e-102  1.24594  
1.83407e-103  1.58739  
4.64646e-102  1.26573  
2.66158e-103  1.453  
2.62812e-100  1.17709  
1.1559e-099  1.13055  
5.78151e-098  1.12446  
5.86275e-097  1.11512  
6.2604e-099  1.12672  
0.902811  0.156739  
0.527941  0.358491  
0.345566  0.499482  
0.793472  0.208045  
0.616619  0.315792  
0.464151  0.397718  
0.132822  0.748745  
0.70314  0.233962  
0.656981  0.30826  
0.843585  0.183396  
0.125865  0.814188  
0.697726  0.262842  
0.912899  0.0977875  
0.0305703  0.987623  
0.876955  0.163707  
0.364424  0.480525  
0.0157797  1.0758  
0.025057  1.01872  
0.958697  0.0937238  
1.29825e-100  1.19731  
0.971475  0.0829022  
0.979204  0.0780277  
2.51442e-102  1.27288  
2.70709e-103  1.66812  
0.956755  0.116067  
4.64646e-102  1.31978  
0.535696  0.47347  
0.125865  0.934934  
0.375545  0.679188  
0.830533  0.210057  
0.356659  0.747348  
0.944604  0.18564  
0.624819  0.439253  
0.272238  0.806779  
0.0160137  1.13811  
0.171348  0.870206  
0.806299  0.296833  
0.480292  0.605294  
0.494006  0.595761  
0.67251  0.395616  
0.0408111  1.00635  
0.213215  0.816673  
