31.4035  -6.92248e-016  
0  1.05024  
29.4057  -5.76186e-016  
26.1127  -5.7562e-016  
21.1716  -4.667e-016  
23.9058  -4.6842e-016  
13.5656  -2.99035e-016  
15.2737  -2.99279e-016  
10.18  -2.24405e-016  
11.455  -2.24454e-016  
0.40353  0.683585  
15.5982  -3.05637e-016  
17.7405  -3.47613e-016  
3.60212  -7.05812e-017  
30.9542  -6.06527e-016  
24.6559  -4.83117e-016  
9.49304  -1.8601e-016  
8.61888  -1.68881e-016  
24.2795  -4.7574e-016  
0.207131  0.816681  
25.4727  -4.99122e-016  
12.0673  -2.3645e-016  
7.01738  -1.37501e-016  
3.08156  -6.03812e-017  
0.525085  0.496253  
5.51225  -1.08009e-016  
16.3495  -3.20358e-016  
0.672976  0.418296  
3.99964  -7.83703e-017  
20.1029  -3.93904e-016  
19.7801  -3.87579e-016  
30.343  -5.94552e-016  
5.85616  -1.14748e-016  
8.92827  -1.74944e-016  
2.71112  -5.31227e-017  
16.556  -3.24404e-016  
2.3994  -4.70147e-017  
6.7517  -1.32295e-016  
17.5035  -3.42969e-016  
31.2633  -6.12583e-016  
9.81343  -1.92288e-016  
16.0102  -3.13709e-016  
1.61522  -3.56053e-017  
12.3991  -2.42953e-016  
7.89699  -1.54736e-016  
11.8434  -2.32063e-016  
0.802763  0.260421  
29.957  -5.86988e-016  
25.2618  -4.94988e-016  
19.0544  -3.73358e-016  
18.1205  -3.55059e-016  
0.977146  0.144369  
0.115012  0.956698  
5.17148  -1.01332e-016  
19.5976  -3.84002e-016  
24.849  -4.86899e-016  
4.35534  -8.534e-017  
9.24735  -1.81196e-016  
7.58085  -1.48542e-016  
30.1267  -5.90314e-016  
19.3819  -3.79775e-016  
25.8216  -5.05957e-016  
20.6107  -4.03853e-016  
12.6434  -2.4774e-016  
9.93367  -1.94644e-016  
1.86639  -3.65707e-017  
4.11077  -8.05479e-017  
8.07222  -1.5817e-016  
18.8051  -3.68474e-016  
5.32473  -1.04335e-016  
16.0331  -3.14157e-016  
20.9002  -4.09526e-016  
30.6568  -6.007e-016  
1.43707  -2.81585e-017  
19.2153  -3.76511e-016  
6.36899  -1.24796e-016  
7.28981  -1.42839e-016  
17.2903  -3.38793e-016  
16.8188  -3.29554e-016  
4.775  -9.35631e-017  
9.10423  -1.78392e-016  
30.6202  -5.99983e-016  
29.6948  -5.8185e-016  
18.146  -3.55558e-016  
18.4204  -3.60936e-016  
0.899425  0.230474  
8.34728  -1.63559e-016  
2.14213  -4.19736e-017  
4.51351  -8.84392e-017  
8.36265  -1.63861e-016  
1.28477  -2.51743e-017  
3.24623  -6.36078e-017  
12.8647  -2.52076e-016  
25.8526  -5.06564e-016  
1.06894  -2.09452e-017  
29.713  -5.82207e-016  
11.6509  -2.28292e-016  
13.1457  -2.57581e-016  
18.4754  -3.62013e-016  
3.38837  -6.6393e-017  
