0  4.95704e-101  3.17779  
1.41399e-061  2.6342  1.12084e-065  
0  4.3857e-034  2.43524  
1.89612e-014  0  1.30506  
1.97637  0  6.55504e-037  
2.41875  1.16226e-067  1.76768e-105  
1.5011  0  2.61957e-022  
0  2.20667  6.38112e-056  
0.441878  0.000262318  1.08099  
8.79002e-046  1.6307  5.40854e-037  
1.1739  0  0.0765809  
1.0037  0  0.301234  
1.48095e-069  2.02402  1.51058e-035  
0.736017  0.427038  1.46517e-006  
1.14443e-050  2.15729  7.15509e-037  
0.14083  0.989563  0.0316511  
4.52358e-032  1.39106  0.0192515  
0  1.63325  0.0166281  
0  0.000933328  1.23509  
0  0.062927  1.12428  
0  2.22057e-033  2.20826  
1.36512  0  5.19307e-018  
0  0.831571  0.957411  
0  0.000825213  1.49557  
0.612782  0.0165006  0.31996  
0  2.30345e-099  3.17379  
0.474822  0.844019  2.99224e-019  
0.0208019  1.39908  2.72305e-024  
0.225443  0.491082  0.45609  
0.503558  0.965581  3.20255e-037  
0.00158305  0.169563  0.897295  
0.0774281  1.38599  2.4187e-022  
0  1.53797  0.0390814  
0.0305142  0.735636  0.255212  
0  0.0397648  1.13893  
1.7447e-057  0.579557  0.658672  
0.00783497  0.516617  0.375913  
1.14067  0  0.239402  
0  1.24922  0.219592  
0.0960043  1.14324  0.0142665  
0.256373  1.17256  4.4124e-020  
1.1584  0.374876  0.0101938  
0.29082  1.28718  2.24625e-022  
0  1.98592  5.58908e-014  
0.125463  1.59393  3.5749e-029  
0  2.36166e-040  3.16245  
0.00136818  0.000132586  1.29493  
1.36901  3.55104e-018  3.62609e-018  
0  7.60303e-005  1.6693  
5.11968e-043  0  1.33472  
0  1.4002  0.0878965  
0.574683  0.797122  2.05034e-016  
0.360498  1.01802  3.53721e-027  
0  0.00906624  1.21917  
1.21508  0  3.41966e-014  
1.89823e-012  1.5928  1.22627e-006  
0.521798  0.010311  1.06611  
0  5.87809e-021  2.08721  
0.354474  1.10796  2.83872e-008  
0  5.78048e-016  1.99873  
3.12923  1.1904e-017  1.94836e-027  
0  3.10264e-016  2.17272  
1.34464  0  7.63007e-011  
0  2.22901  8.47943e-018  
0  1.2599e-034  4.15878  
1.34936e-027  0  2.98445  
2.27734  1.29226e-010  6.19709e-017  
0  6.26988e-033  2.86629  
2.14706  1.21833e-010  4.40026e-012  
1.02927  0.447749  0.00570661  
0.968537  0.714862  0.00667338  
1.56855  7.14237e-011  7.15743e-011  
1.1078  0.220017  0.755066  
1.15155  0.138364  0.693341  
0.528194  1.04443  0.470416  
0.680451  0.905593  0.881064  
1.28164  0  0.22693  
0  0.005037  1.80225  
0.26365  1.68996  9.58957e-011  
0  1.459  0.168232  
0.158566  1.03013  1.14595  
0.133054  1.05971  0.917967  
0  0.00164125  2.1719  
0.318551  1.29915  7.37196e-011  
2.8388e-010  1.76477  0.0501901  
0.499601  0.0347848  1.36503  
0  2.02102  1.14682e-010  
0  1.91713  0.0873732  
0.796152  0.928774  3.82922e-008  
0  0.0436445  1.72119  
0  0.048641  1.55054  
0.753126  1.12579  6.38823e-011  
6.38227e-015  1.04884  1.0508  
1.52531  8.65502e-011  4.63509e-012  
0.559468  1.27109  3.57729e-014  
0.141809  1.40272  3.07066e-007  
0.6997  1.2089  1.04238e-008  
0.908274  1.05957  3.03474e-008  
0  1.24028  1.28199  
0  0.0730501  1.30514  
