1.30653e-213  1.07102  
0.998891  0.00372884  
6.04896e-213  1.01167  
0.571112  0.245333  
0.550095  0.263476  
0.241245  0.516343  
0.358674  0.407553  
0.221053  0.536999  
0.381045  0.385496  
0.597328  0.231653  
0.391575  0.37615  
0.529889  0.276896  
0.173578  0.591852  
0.418109  0.361578  
0.16634  0.625744  
0.292371  0.460451  
0.456812  0.327278  
0.104761  0.687915  
0.69054  0.171133  
0.647315  0.196837  
0.0718288  0.733745  
0.0662959  0.744309  
0.192874  0.568806  
0.0415862  0.80611  
0.113976  0.670057  
0.0579095  0.767559  
0.426888  0.352866  
0.787554  0.117157  
0.255705  0.501837  
0.0925104  0.700298  
0.666379  0.190371  
0.676416  0.182376  
0.35564  0.428572  
0.275639  0.483978  
0.181456  0.581531  
0.119271  0.655541  
0.0360017  0.826292  
0.0150924  0.903928  
0.512193  0.285245  
0.912628  0.0462813  
0.0486209  0.7918  
0.486958  0.325197  
0.282955  0.470838  
0.639595  0.211743  
0.000859608  0.988792  
0.723633  0.152172  
0.315156  0.447319  
0.771086  0.124305  
0.761063  0.130413  
0.881197  0.0627812  
0.264123  0.494628  
0.00832094  0.915009  
0.71368  0.171103  
0.2208  0.561684  
0.497371  0.300494  
0.746231  0.149865  
0.632091  0.221696  
0.836973  0.0870283  
0.92519  0.0396155  
0.800271  0.108659  
0.213686  0.566508  
0.00230023  0.955682  
0.085901  0.715761  
0.000908575  0.972619  
0.746704  0.138463  
0.0528042  0.776873  
0.0227173  0.856205  
0.86808  0.0702557  
0.0352285  0.841582  
0.341922  0.443435  
0.44255  0.340401  
0.0163409  0.88173  
0.0176678  0.874266  
0.827112  0.0992569  
0.159085  0.63575  
0.935495  0.0339973  
0.318075  0.44634  
0.898575  0.0535346  
0.505725  0.29381  
0.00540395  0.931859  
0.721231  0.164756  
0.152431  0.642856  
0.94525  0.0289214  
0.445852  0.339495  
0.0315787  0.854767  
0.809396  0.103877  
0.00449764  0.941184  
0.495668  0.320607  
0.609913  0.222946  
0.898032  0.0622027  
0.846283  0.0831208  
0.956161  0.0271127  
0.980494  0.0140767  
0.141363  0.655199  
0.969074  0.0196528  
0.61431  0.221976  
0.347874  0.440106  
0.859318  0.0830923  
0.822338  0.103662  
0.0868695  0.714075  
