2.40612  2.40612  4.19813e-042  
4.08102e-033  0.210528  3.07922  
0.0847507  3.75434e-033  3.7314  
4.89247e-033  1.16674e-007  5.21946  
2.16466  2.16466  1.97661e-041  
1.73292  1.73292  0.000279896  
1.47214  1.47214  0.000526536  
1.96048  1.96048  4.25455e-041  
1.43514  1.43514  0.000566682  
1.86852  1.86852  4.31751e-041  
0.0101774  1.18105  1.40275  
9.1437e-032  0.000550472  4.50286  
1.58984e-006  4.61854e-033  4.92707  
9.43031e-032  0.000218637  4.67865  
0.0189904  0.755798  1.61557  
1.22106  8.30758e-017  2.45336  
1.10949  0.809668  0.626513  
6.14462e-009  0.00100884  4.00271  
4.58028e-030  7.66011e-006  4.31811  
0.0361319  0.000864592  3.31605  
0.010347  4.31669e-033  3.83197  
0.215317  0.249985  1.76637  
0.261419  4.25151e-033  3.2249  
0.830188  0.352177  1.09456  
0.000410035  3.93365e-033  4.13801  
0.774875  1.03578  0.495093  
7.40367e-012  0.00106301  4.26082  
0.317875  0.00306974  2.8495  
0.173101  0.0038997  2.54288  
0.582259  0.224699  1.47242  
0.0137621  0.513857  1.96044  
0.871655  0.924804  0.527479  
1.05349  0.901337  0.192544  
0.267099  3.77165e-033  3.57429  
0.4264  0.652387  1.1727  
0.156554  0.393934  1.54754  
0.875392  0.831612  0.40791  
0.0141956  0.424943  1.82295  
0.945904  5.30558e-005  2.34536  
0.0161272  4.38304e-033  3.66156  
2.26596e-009  0.187268  3.43248  
1.0005  1.01412  0.0471693  
0.00205075  1.13804  2.15215  
0.442824  0.00472049  2.42642  
1.11157e-024  0.440056  2.9604  
0.681267  0.166765  1.32315  
1.01215  0.84976  0.272267  
1.02193  0.983307  0.136327  
0.1123  0.122951  2.3357  
0.0498198  0.0174233  2.45912  
0.389086  0.400489  1.35751  
0.7544  4.33018e-033  2.76888  
0.801369  0.00207289  2.60865  
0.234919  1.08217  0.865174  
8.6094e-032  0.00227025  4.07674  
0.00825032  0.995976  2.03976  
0.866009  1.10668  0.357771  
0.623294  0.614471  0.836915  
0.141916  0.968313  1.24526  
0.914413  0.125985  1.29841  
0.510083  0.872357  1.0327  
0.881069  0.630729  0.662266  
0.0181439  0.0603754  2.74754  
0.339808  3.81425e-033  2.87528  
3.05153e-006  4.57016e-033  4.8753  
0.0119041  0.156192  2.08222  
0.205183  1.11678  0.990089  
0.00837966  0.816862  1.66567  
4.47027e-030  0.500169  2.70932  
3.85096e-006  4.48328e-033  4.78254  
0.0383459  0.000839508  3.13752  
0.473253  0.867404  1.11222  
0.881651  1.05323  0.281828  
0.800427  0.0168341  1.89924  
0.662211  0.648664  0.781922  
0.18439  0.379242  1.7831  
0.430155  1.13946  0.715973  
2.96078e-031  0.571258  2.91166  
0.736064  0.00908746  1.90671  
1.14572  0.000819662  2.21113  
0.38411  0.151038  1.50194  
1.17862  1.17863  0.00275589  
0.000458102  0.202769  2.98676  
1.07627  0.00477971  2.26259  
0.0192114  0.937279  1.50492  
0.991372  0.586358  0.929416  
8.6305e-032  0.00586382  3.80658  
2.3385e-007  0.217274  3.04349  
0.612653  1.06541  0.797634  
0.414625  1.01966  0.999585  
1.12859  1.10507  0.0259464  
4.49942e-033  3.18936e-006  4.79983  
1.03089  0.153558  0.919862  
0.519182  1.03005  0.921564  
0.600025  0.596265  1.26088  
0.516181  1.09326  0.761001  
0.842477  0.170861  1.21511  
1.18754  0.000592806  2.32557  
1.20764  0.589379  0.717402  
1.06151  0.0221476  1.72543  
