9.62381e-023  1.08659  
9.52851  2.45736e-007  
1.0149  1.55089e-005  
0.845749  0.921332  
0.99962  0.388042  
1.00001  0.00106257  
0.992979  0.537358  
0.993674  0.401886  
0.863775  0.841328  
0.972481  0.655324  
0.972831  0.56896  
0.93098  0.771153  
0.932133  0.70478  
0.938478  0.697176  
1.00439  2.65929e-005  
0.93307  0.703772  
0.944665  0.690243  
0.946534  0.687624  
0.965866  0.663596  
0.941346  0.694141  
0.949393  0.683936  
0.957116  0.674325  
0.968298  0.660106  
0.915236  0.788267  
0.959596  0.671199  
0.918036  0.785227  
0.974978  0.565848  
0.996161  0.395974  
0.913931  0.789468  
0.997669  0.392555  
0.963895  0.666242  
0.955903  0.676715  
0.92908  0.774075  
0.99005  0.541565  
0.983266  0.552608  
0.969745  0.658373  
0.911724  0.792111  
0.995419  0.397809  
0.870468  0.834625  
0.939853  0.695572  
0.90423  0.799821  
0.994438  0.400221  
0.971016  0.656715  
0.953282  0.679637  
0.9766  0.563084  
0.954414  0.678145  
0.986232  0.547956  
0.987325  0.546009  
0.978089  0.560779  
1.00079  3.17472e-005  
0.960784  0.669707  
0.973868  0.567892  
0.902861  0.801247  
0.950861  0.682223  
0.984891  0.550628  
0.894358  0.809983  
0.951658  0.681075  
0.925777  0.777253  
0.884819  0.820327  
0.926658  0.776061  
0.982301  0.554148  
0.988804  0.543605  
0.962537  0.668783  
0.979223  0.558984  
0.922375  0.780607  
0.991209  0.539589  
0.906755  0.797226  
0.88013  0.825169  
0.88603  0.818763  
0.927884  0.774498  
0.889478  0.815418  
0.998784  0.389754  
0.919166  0.784165  
0.981409  0.555563  
0.892944  0.811507  
0.985199  0.549422  
0.991822  0.538736  
0.998259  0.390936  
0.962809  0.667068  
0.988224  0.544489  
0.980655  0.556712  
0.872117  0.833662  
0.8875  0.81703  
0.874472  0.830457  
0.977124  0.562326  
0.924305  0.778705  
0.905745  0.798252  
0.979883  0.557911  
0.890724  0.813692  
0.876669  0.828305  
0.920126  0.783085  
0.878609  0.82639  
0.88873  0.815982  
0.901592  0.802337  
0.868817  0.836267  
0.876092  0.8288  
0.908295  0.795589  
0.910938  0.792491  
0.895406  0.808859  
0.88705  0.818148  
