32.4739  -7.15843e-016  
0.000765299  1.12695  
28.1194  -6.88727e-016  
16.3012  -3.59337e-016  
2.85481  -6.29304e-017  
1.52994  -3.37255e-017  
15.6189  -3.44297e-016  
0.396443  0.644848  
7.79625  -1.71858e-016  
13.8877  -3.06136e-016  
0.641622  0.463828  
23.4299  -5.1648e-016  
18.2572  -4.02455e-016  
23.6898  -5.2221e-016  
0.811805  0.160182  
3.40066  -7.4963e-017  
12.4449  -2.74332e-016  
10.2716  -2.26424e-016  
23.019  -5.07424e-016  
7.47822  -1.64847e-016  
24.0772  -5.30749e-016  
1.05559  2.58545e-017  
27.8587  -6.14108e-016  
15.3693  -3.38796e-016  
10.5517  -2.32597e-016  
6.90206  -1.52147e-016  
13.5648  -2.99017e-016  
25.3532  -5.58878e-016  
6.46148  -1.42435e-016  
16.9999  -3.74739e-016  
27.5418  -6.07121e-016  
2.01442  -4.44051e-017  
18.7186  -4.12626e-016  
9.93624  -2.19031e-016  
21.0441  -4.63889e-016  
8.96502  -1.97622e-016  
3.75215  -8.2711e-017  
2.60563  -5.74376e-017  
12.7196  -2.80386e-016  
24.5774  -5.41775e-016  
1.23893  -2.73105e-017  
0.759136  0.335739  
20.186  -4.44972e-016  
0.0524461  0.967564  
21.3773  -4.71235e-016  
11.2612  -2.48237e-016  
19.0132  -4.1912e-016  
5.6576  -1.24714e-016  
17.6513  -3.891e-016  
25.7526  -5.6768e-016  
14.2649  -3.14451e-016  
20.5473  -4.52938e-016  
0.209014  0.766901  
14.9732  -3.30065e-016  
5.29135  -1.16641e-016  
8.18283  -1.80379e-016  
2.37685  -5.23944e-017  
16.4598  -3.62833e-016  
11.0091  -2.42681e-016  
25.6447  -5.65303e-016  
14.5932  -3.21687e-016  
21.7452  -4.79344e-016  
9.13274  -2.01319e-016  
24.9067  -5.49033e-016  
26.0855  -5.75019e-016  
25.1152  -5.5363e-016  
6.02584  -1.32831e-016  
8.64887  -1.90653e-016  
21.4999  -4.73936e-016  
4.36833  -9.62938e-017  
11.46  -2.5262e-016  
0.183068  0.852626  
12.0993  -2.66713e-016  
26.9159  -5.93325e-016  
13.2253  -2.91533e-016  
19.5962  -4.31971e-016  
17.3721  -3.82943e-016  
11.6252  -2.56262e-016  
4.06329  -8.95697e-017  
14.3272  -3.15823e-016  
27.3465  -6.02816e-016  
18.0576  -3.98054e-016  
19.3171  -4.2582e-016  
17.2692  -3.80677e-016  
4.82679  -1.064e-016  
4.03914  -8.90373e-017  
9.61342  -2.11915e-016  
10.8385  -2.38919e-016  
12.9606  -2.857e-016  
8.38729  -1.84887e-016  
11.794  -2.59984e-016  
9.35967  -2.06321e-016  
7.01518  -1.5464e-016  
27.1549  -5.98593e-016  
20.0882  -4.42817e-016  
6.31372  -1.39177e-016  
16.741  -3.69032e-016  
5.02934  -1.10865e-016  
5.57953  -1.22993e-016  
11.9256  -2.62883e-016  
