7.61003e-006  3.65992  0.0162786  
3.89883  2.98353e-009  7.78609e-009  
1.03799e-007  2.28757  0.440615  
1.7575  0.419725  0.103939  
0.000550138  1.70498e-005  2.84604  
1.12242e-006  2.86225  0.280702  
0.000112046  2.45593  0.0269325  
0.021578  3.36789  0.00373009  
1.34275e-006  3.16559  0.0353028  
0.570311  1.55  0.0108984  
0.0767724  0.0115302  1.33105  
0.0138358  1.97598  0.0313515  
0.354813  1.73834  0.0327255  
1.04073  1.65609  0.00209492  
0.660075  0.991982  0.409411  
0.803111  1.03746  0.18347  
1.1738  0.179442  0.676465  
0.54541  0.360836  0.994202  
0.00797106  1.16806  0.746773  
0.405396  0.95556  0.576739  
0.429968  0.212404  1.2272  
0.482844  0.431185  1.15679  
0.920587  0.554183  0.796877  
0.929938  0.411371  0.859714  
1.0459  0.347574  0.443981  
0.248876  0.781521  0.980242  
0.983906  0.616573  0.146404  
0.671392  0.763965  0.936432  
0.736168  0.159132  1.08963  
0.8577  0.727881  0.533069  
0.825526  0.841253  0.0959896  
1.43545  0.133315  0.549749  
1.09971  0.575128  0.341468  
0.242902  0.482107  1.1312  
1.36909  0.234203  0.608351  
0.332656  1.20523  0.100816  
0.343664  0.235656  1.3164  
0.20338  0.870934  0.939965  
1.55135  0.184255  0.32891  
1.00341  0.100232  0.845261  
1.6484  0.282083  0.283387  
0.793072  0.79369  0.485346  
1.66476  0.25099  0.315905  
1.44356  0.12447  0.511462  
1.60474  0.380501  0.111142  
1.37984  0.307822  0.580492  
1.07112  0.807413  0.142257  
0.308453  1.15544  0.600256  
1.52036  0.304797  0.273965  
1.51349  0.612845  0.153551  
0.549841  0.108654  1.21347  
1.37874  0.1516  0.624094  
1.58086  0.152499  0.479184  
0.533779  1.52127  0.483764  
0.575146  0.526434  1.64958  
0.496469  0.683854  1.39623  
1.62053  0.69938  0.259066  
1.84336  0.471889  0.34831  
1.76261  0.326874  0.724573  
0.639306  0.585964  1.48158  
1.71984  0.363118  0.560147  
1.47465  1.02564  0.446502  
1.56582  0.343548  0.88487  
0.682214  1.18339  1.12423  
1.29477  1.12598  0.524147  
1.38703  1.00658  0.916978  
1.33168  0.562114  1.04471  
1.01359  1.28144  0.663284  
0.818234  1.412  0.818827  
1.26353  1.31977  0.607318  
1.44277  0.405149  1.04356  
1.06894  1.39871  0.64302  
0.764473  1.45597  0.781487  
0.731665  0.964325  1.21271  
1.08041  0.850182  1.25047  
1.08885  0.626439  1.36895  
1.11237  1.05316  1.01591  
1.42661  1.0374  0.838686  
1.45485  0.954356  0.8577  
1.28028  0.898136  1.09483  
0.892788  0.886275  1.17212  
1.19899  0.719625  1.28066  
1.23374  0.599563  1.30394  
0.959051  1.07572  1.1415  
1.19331  1.24554  0.732967  
1.52326  0.918303  1.00408  
0.755976  1.46473  0.759586  
0.810956  1.49002  0.685028  
1.21714  0.74174  1.24222  
1.07683  0.75072  1.3315  
1.49928  0.655366  1.04171  
0.779451  0.814307  1.2946  
0.869609  0.570237  1.45169  
1.43848  0.52165  1.15683  
1.53236  0.587425  0.712574  
0.987707  1.29853  0.960953  
1.27976  0.774325  1.22297  
0.795307  1.15998  1.1851  
1.03622  0.787415  1.31689  
0.94533  1.15306  1.05713  
