1.37517  0.72736  
6.79977  0.147065  
1.40149  0.715044  
1.69147  0.601157  
3.02805  0.339213  
2.89629  0.35009  
3.14055  0.322458  
3.88661  0.25955  
2.21638  0.473705  
4.83102  0.20719  
3.24184  0.316047  
2.11252  0.477033  
3.76693  0.268591  
2.49374  0.402529  
5.77339  0.17434  
4.9028  0.204149  
4.52346  0.221413  
2.02237  0.498021  
2.68519  0.375928  
3.56827  0.281774  
4.75957  0.210177  
3.08817  0.330104  
4.963  0.20169  
2.7507  0.366238  
4.70666  0.212643  
3.45837  0.291706  
4.31577  0.23242  
4.63938  0.215951  
4.59117  0.21868  
6.6812  0.150807  
2.33292  0.439681  
3.52718  0.289274  
4.05491  0.2473  
6.27032  0.159717  
6.15967  0.162411  
6.22407  0.160765  
3.32613  0.304857  
2.54612  0.395566  
2.07924  0.483724  
5.52833  0.180962  
6.33932  0.158262  
1.89154  0.534737  
2.27465  0.453193  
3.64687  0.27913  
4.11823  0.245085  
2.37223  0.429445  
2.6352  0.382824  
6.4927  0.154024  
1.95327  0.524177  
1.85966  0.538403  
4.46016  0.224518  
6.55683  0.152552  
5.59498  0.178756  
2.59308  0.389757  
2.85089  0.358924  
3.97866  0.253141  
4.37989  0.228848  
3.91137  0.2564  
4.19964  0.238651  
6.3755  0.156991  
5.85233  0.171392  
3.2757  0.30882  
1.97713  0.517146  
3.37829  0.299205  
2.42776  0.420006  
1.80949  0.555396  
6.62478  0.150998  
4.15597  0.242046  
6.74346  0.148334  
3.41138  0.296397  
3.72418  0.272712  
5.26287  0.190033  
5.07393  0.19728  
3.67016  0.276839  
5.31208  0.188268  
4.00508  0.250702  
6.43284  0.15546  
1.70299  0.58843  
2.24663  0.46107  
1.74813  0.576848  
5.22875  0.191462  
5.62801  0.178338  
4.2641  0.23502  
5.02641  0.199434  
5.4882  0.182262  
5.7139  0.175091  
6.59293  0.151728  
4.24722  0.235764  
5.12976  0.195005  
5.45886  0.183199  
5.99208  0.166893  
2.42712  0.427703  
6.10619  0.163928  
2.79525  0.35913  
6.45509  0.155455  
6.05122  0.165401  
5.39741  0.186574  
5.86509  0.170512  
6.0306  0.16583  
5.9076  0.16928  
