0.911434  0.595623  
2.11981  0.0115571  
1.10123  0.158257  
1.2311  0.0391561  
1.06161  0.405066  
1.00986  0.487348  
0.0401348  1.38669  
0.238991  1.24024  
0.246661  1.21425  
3.3041  0.00700882  
4.75589  0.00103293  
4.83227  8.93732e-006  
10.8634  6.14743e-009  
3.96325  0.00336527  
0.00165118  2.81512  
0.848994  1.06239  
0.00120065  2.942  
0.000494419  3.11827  
0.00013383  3.62913  
0.000120287  4.12486  
5.04941e-007  4.45191  
6.7578  3.55581e-006  
0.0232277  1.52399  
0.00935077  2.26976  
8.53593  1.70062e-006  
7.38293  2.68972e-006  
0.00228096  2.74125  
3.10311e-006  4.62928  
0.000139142  3.8411  
0.000167707  3.70298  
0.000298038  3.63757  
5.12288  1.25571e-005  
6.14084  1.24761e-005  
1.13412  0.20188  
0.97902  0.703259  
0.877387  1.47512  
0.963143  1.02855  
4.78835  0.00103997  
3.19887  0.0222239  
2.51026  0.0541734  
0.00198331  3.09613  
3.67282  0.00779096  
4.73183  0.00573795  
11.4988  1.89225e-007  
0.93944  1.39817  
0.00116162  3.6125  
0.0306442  1.62403  
0.29772  1.58866  
10.5276  2.67247e-006  
0.717293  1.48812  
0.57304  1.50578  
0.314041  2.38629  
3.27403e-005  4.6929  
0.192801  2.61017  
0.99343  0.985286  
0.400915  2.0446  
0.0645516  3.07785  
0.498648  1.61987  
0.859252  1.57333  
1.25023  0.970456  
0.578346  1.59517  
0.89702  1.51166  
1.4528e-005  4.98268  
0.949669  1.42172  
2.40745  0.229244  
0.00039231  3.72405  
0.000182295  4.02509  
1.64703  0.627532  
5.82525  8.40179e-005  
2.42246  0.206068  
3.36435  0.0352669  
4.66029  0.0131455  
11.8225  2.35541e-006  
2.34696  0.406684  
2.36544  0.300236  
0.967469  1.14749  
0.0382712  3.31041  
1.31028  0.919839  
0.254029  2.44253  
2.02495  0.589703  
0.117639  2.63977  
1.56389  0.807545  
0.472301  1.69158  
0.00477682  3.54689  
4.0322  0.233195  
1.94915e-005  6.68501  
0.000108698  4.89984  
6.48005e-005  6.30816  
2.82283  0.28109  
1.69  0.876985  
2.10895  0.601804  
0.000190836  4.21367  
1.00351  1.50848  
0.776254  1.98858  
0.319037  2.43809  
2.47175  0.324297  
0.446644  2.17029  
0.119144  2.91182  
1.16165  1.01977  
1.03269  1.02422  
