0.0208928  4.34672  0.0262946  
1.68627  -2.72461e-015  26.3622  
31.3265  -6.99021e-017  0.676344  
1.42877  1.66649  4.27287e-008  
12.4641  -1.06782e-015  10.3318  
28.8281  -3.25063e-016  3.14518  
15.9801  -3.74454e-016  3.62306  
25.6992  -4.02179e-016  3.89132  
5.53603  -2.14572e-015  20.7612  
18.8691  -3.78444e-016  3.66168  
0.0228358  3.60396  0.0218015  
16.7909  -4.42666e-016  4.28306  
29.7816  -3.8821e-016  3.75616  
0.56378  -2.46336e-015  23.8345  
3.20904  -1.95292e-015  18.8957  
25.0654  -3.92116e-016  3.79396  
6.81515  -2.28606e-015  22.119  
23.5575  -3.70309e-016  3.58296  
1.306  -2.58868e-015  25.047  
4.56612  -2.32908e-015  22.5353  
4.22913  -9.81241e-016  9.49409  
21.6262  -2.21683e-016  2.14491  
19.8036  -3.97159e-016  3.84275  
22.3623  -3.51731e-016  3.40321  
3.46418  -1.87019e-015  18.0952  
5.41781  -1.46139e-015  14.1398  
4.81535  -1.20186e-015  11.6287  
23.1103  -3.69798e-016  3.57802  
5.66766  -1.1536e-015  11.1618  
20.4292  -3.99588e-016  3.86625  
21.0663  -4.12199e-016  3.98827  
5.20777  -1.78093e-015  17.2316  
6.52215  -1.54141e-015  14.9141  
4.98938  -1.58085e-015  15.2957  
6.53414  -1.65945e-015  16.0562  
5.19218  -1.28763e-015  12.4586  
10.2034  -8.7153e-016  8.43257  
11.9093  -4.60732e-016  4.45785  
3.90115  -1.91105e-015  18.4906  
11.342  -6.23009e-016  6.02798  
0.542634  -2.64763e-015  25.6174  
6.60575  -1.41169e-015  13.6589  
16.4239  -4.84213e-016  4.68505  
10.8167  -5.2932e-016  5.12149  
4.77552  -9.13936e-016  8.84288  
6.00744  -1.70134e-015  16.4615  
0.171112  0.939203  0.182493  
12.1904  -4.20773e-016  4.07123  
5.85992  -1.32378e-015  12.8084  
3.50303  -2.68379e-015  25.9673  
6.31447  -1.72627e-015  16.7027  
11.0665  -5.62457e-016  5.44211  
5.8229  -1.36268e-015  13.1848  
1.53567  -2.53395e-016  2.45174  
1.98746  -1.72657e-016  1.67056  
5.65417  -1.38743e-015  13.4242  
8.77252  -4.92301e-016  4.76331  
5.18706  -1.75826e-015  17.0122  
0.462797  1.55663  3.21897e-005  
4.86242  -8.60903e-016  8.32975  
8.07181  -5.63199e-016  5.44929  
9.78339  -5.41898e-016  5.24319  
4.23425  -8.11042e-016  7.84731  
1.07978  -2.13696e-016  2.06763  
8.35853  -5.10355e-016  4.93799  
2.23021  -1.33389e-016  1.29062  
0.6114  0.604895  0.451509  
0.356359  0.833328  0.0632313  
8.45093  -4.68087e-016  4.52902  
1.21861  -1.14512e-016  1.10797  
7.40387  -6.08526e-016  5.88785  
7.1527  -7.52345e-016  7.27939  
1.78472  -1.03087e-016  0.997432  
6.24619  -3.47074e-016  3.35815  
0.982572  0.171277  0.396075  
0.83323  1.29628  2.835e-007  
0.813361  0.464221  0.346506  
7.96007  -5.82065e-016  5.63183  
6.09297  -3.53529e-016  3.42061  
5.36949  -7.64111e-016  7.39323  
7.66458  -4.96823e-016  4.80706  
0.938234  -2.84989e-017  0.775703  
0.686491  0.812537  0.00491528  
0.817561  -1.62058e-016  1.56801  
0.788224  0.2559  0.517315  
5.14783  -7.90345e-016  7.64706  
2.60844  -2.77612e-016  2.68606  
7.78656  -5.43296e-016  5.25672  
3.09207  -4.04088e-016  3.90979  
2.49198  -4.72605e-016  4.57273  
1.76516  -2.96105e-016  2.865  
2.24234  -4.3994e-016  4.25668  
9.51434  -6.06729e-016  5.87047  
4.52187  -8.98382e-016  8.69238  
4.02971  -7.30432e-016  7.06737  
3.22803  -2.74868e-016  2.65951  
2.87439  -3.92176e-016  3.79454  
7.89848  -7.41952e-016  7.17883  
0.57714  0.410923  0.582975  
7.34683  -7.27825e-016  7.04214  
