0.00174182  3.75678e-033  3.77476  
3.76374e-033  0.0084527  3.2065  
1.22991  0.00549132  1.8206  
0.182057  1.18106  1.04032  
6.72924e-033  3.93706e-023  7.179  
1.02187  1.02187  0.000169223  
7.43157e-025  5.45313e-033  5.8176  
6.69714e-025  0.00288283  4.8654  
6.74238e-033  0.00236099  6.87048  
1.75885e-007  3.89632e-033  4.15672  
0.00500199  0.440482  2.38317  
0.162238  0.337592  1.75446  
0.714146  0.18171  1.48422  
1.13023  0.00315346  1.86272  
0.86144  0.56657  0.975908  
0.347964  3.90992e-033  2.95085  
0.00463067  0.000804209  3.45244  
0.570477  0.384123  1.6966  
0.437024  0.00327786  2.53309  
1.03036  0.12961  1.06472  
0.00857308  9.167e-005  3.3305  
0.00617781  1.20451e-007  3.54721  
0.814184  0.0129241  1.64276  
0.685977  2.58363e-009  2.517  
0.917999  1.00594  0.292112  
0.18985  1.02432  1.16931  
0.115617  1.02075  1.30418  
0.728423  0.372668  1.32939  
0.891466  0.0150856  1.18277  
0.018299  3.20878e-007  3.12271  
1.04234  0.869411  0.221608  
0.67027  0.0288312  1.58749  
0.00420255  3.88356e-033  3.64117  
0.000693265  0.00156753  3.83296  
0.00048833  0.000380623  3.91872  
1.01189  0.801489  0.662894  
0.00711315  0.824665  1.9692  
0.00900497  1.08896  1.41966  
0.00288611  0.00143839  3.69563  
0.00683365  0.00502655  2.81673  
0.125244  1.03722  1.13394  
0.0137002  0.747031  1.70068  
0.677681  1.0081  0.499032  
0.0039652  0.00324439  3.2599  
0.975093  0.645762  0.683462  
0.14838  0.721556  1.49661  
0.832321  0.130467  1.55332  
0.586383  0.171925  1.61636  
0.984016  1.02011  0.141565  
0.00237711  0.627025  2.28169  
0.00136543  0.378936  2.58503  
1.69763e-010  0.154585  3.02475  
0.000863291  0.000363425  4.07166  
1.03143  0.833438  0.449781  
0.851808  0.13218  1.44903  
0.621522  0.923105  0.742651  
0.951155  0.730939  0.844871  
1.08257  0.400865  0.722966  
0.940353  0.388428  0.919848  
0.0323175  0.902828  1.48477  
0.106071  0.00882675  2.73292  
0.66334  0.845753  0.597063  
0.87988  0.915154  0.37402  
0.393897  0.00715707  2.01579  
0.00715871  0.593263  2.22469  
0.125219  0.00464833  2.66845  
0.00996313  1.12349  1.3502  
1.10506  0.168804  0.950788  
0.993207  0.909046  0.410683  
0.65173  0.898031  0.552789  
1.03237  0.606602  0.619652  
0.72834  3.88e-033  2.74796  
0.427012  7.71916e-005  2.88152  
1.00551  0.973009  0.0903291  
1.00763  0.914415  0.344886  
0.645946  0.665112  0.879383  
0.000277078  1.05137  2.08202  
1.03758  0.70424  0.561834  
0.184364  1.14174  1.04362  
1.02904  0.419545  0.759667  
0.643114  0.683603  0.87289  
0.68295  4.53052e-006  2.63558  
1.00335  0.619633  0.791241  
4.63184e-005  0.000460012  4.11086  
0.912264  1.0475  0.187154  
0.997628  0.981507  0.0649524  
0.657616  0.620973  1.0114  
0.411299  1.03033  0.713838  
1.65216e-010  0.170435  3.04789  
0.000773652  0.876247  2.18763  
0.0137059  0.344902  1.85224  
0.909902  5.29601e-005  2.25085  
0.000181728  0.000715274  3.99886  
4.68636e-005  0.00185926  3.97696  
0.00238525  0.958178  2.12987  
0.019637  0.965548  1.386  
0.00231321  1.03935  1.80915  
0.00694625  0.0164678  2.34209  
0.366613  1.02818  0.735955  
0.854991  0.822828  0.823222  
