0.999962  5.88914e-005  
4.60881e-093  1.00047  
0.58351  0.596257  
0.283113  0.883671  
0.345305  0.85672  
0.943318  0.0705948  
0.890076  0.141137  
0.436784  0.734422  
0.886394  0.221857  
0.433093  0.815468  
0.456239  0.730876  
0.683673  0.494592  
0.930036  0.13644  
0.522196  0.726903  
0.57992  0.666103  
0.823714  0.327183  
0.719913  0.492329  
0.681022  0.543335  
0.642751  0.589864  
0.808193  0.359599  
0.963715  0.0464176  
0.381147  0.855271  
0.280007  0.921536  
0.981463  0.0237832  
0.851303  0.276093  
0.927169  0.140222  
0.559782  0.68588  
0.861384  0.266155  
0.970488  0.0417252  
0.140024  0.98079  
0.728213  0.469938  
0.834535  0.312875  
0.560896  0.671194  
0.804323  0.369564  
0.879967  0.226336  
0.867308  0.25135  
0.745252  0.447418  
0.0970749  0.991177  
0.666392  0.54596  
0.547568  0.699255  
0.539454  0.717799  
0.406816  0.836968  
0.391754  0.849876  
0.112423  0.988549  
0.992722  0.0142559  
0.0855175  0.993596  
0.23504  0.945295  
0.774518  0.402372  
0.39773  0.841215  
0.158597  0.975455  
0.844473  0.293935  
0.838954  0.306691  
0.528336  0.72015  
0.791594  0.377585  
0.772443  0.416832  
0.0593807  0.997251  
0.274263  0.926199  
0.246473  0.939821  
0.176875  0.971959  
0.872614  0.241544  
0.74934  0.439268  
0.657987  0.567252  
0.577935  0.669393  
0.739417  0.461678  
0.759707  0.42849  
0.651622  0.575042  
0.129851  0.984085  
0.414804  0.827308  
0.264904  0.931723  
0.121716  0.985576  
0.996613  0.00869649  
0.647581  0.580093  
0.755557  0.433167  
0.545733  0.706529  
0.778207  0.394466  
0.229651  0.951174  
0.0145178  1.00036  
0.665284  0.559217  
0.251708  0.936836  
0.180612  0.967523  
0.209141  0.956231  
0.162327  0.974366  
0.0455486  0.998408  
0.26052  0.934931  
0.843445  0.295151  
0.418068  0.82515  
0.781656  0.389054  
0.188601  0.96487  
0.216221  0.953444  
0.425892  0.820248  
0.071492  0.995115  
0.786197  0.384421  
0.0327189  0.999369  
0.732196  0.468494  
0.220796  0.951412  
0.662221  0.561478  
0.764029  0.418267  
0.202702  0.958668  
0.870558  0.241947  
1.8423e-090  1.00042  
