0  1.05908  
0.455859  0.549352  
0.399592  0.620571  
0.818468  0.184537  
0.0905456  0.922403  
0.91063  0.0915846  
0.470904  0.535877  
0.68848  0.333244  
0.787641  0.217391  
0.581763  0.422625  
0.25329  0.755133  
0.568783  0.440417  
0.674062  0.336957  
0.571328  0.434521  
0.185071  0.831731  
0.798668  0.205659  
0.283169  0.72547  
0.709882  0.313818  
0.293441  0.722285  
0.996175  0.00403559  
0.257938  0.752724  
0.987492  0.0127813  
0.898916  0.103514  
1.68399  4.94438e-007  
0.554158  0.447663  
1.48643  2.89796e-006  
0.889759  0.11168  
0.891663  0.110327  
0.20213  0.814421  
0.0604114  1.00628  
2.03053  0  
1.29384  1.75769e-005  
1.69  2.99502e-007  
1.69389  1.16916e-007  
1.45678  1.16041e-005  
1.24803  0.00988386  
2.29955  0  
1.70235  4.99828e-007  
1.34699  3.15336e-005  
1.44566e-005  1.89553  
2.16439e-005  1.84827  
0.957601  0.349048  
0.0421154  1.38575  
0.324105  0.92872  
0.252715  0.943163  
0.499954  0.751186  
0.211006  0.951991  
0.0979798  1.00145  
0.756139  0.381155  
1.06062  0.341608  
0.58332  0.553632  
0.387922  0.789782  
0.384082  0.8216  
1.19156  0.123777  
1.22662  0.0143425  
1.16431  0.284228  
0  2.1397  
0  2.13976  
1.76611  1.52473e-005  
1.73129  0.000165335  
1.66108  0.00439137  
1.7331  0.000160409  
1.77389  3.46609e-006  
1.83243  7.52407e-007  
0.222692  0.980345  
0.395552  0.89298  
4.28036e-005  2.0019  
0.389789  0.899304  
0.408934  0.865655  
0.448596  0.851553  
1.18283  0.381662  
2.44546  0  
0.966294  0.487084  
1.29803  0.381467  
0.32708  0.972081  
0.0803611  1.51336  
0.78426  0.547026  
0.156127  1.12546  
0.608634  0.7344  
1.38543  0.295695  
0.0579257  1.97286  
1.06972  0.388327  
1.38636  0.0092714  
0.209429  1.04214  
0  2.15501  
2.5946  0  
0.165425  1.69654  
2.09862  7.81071e-007  
0.409328  0.87158  
1.39517  0.00981396  
0.868307  0.868272  
0.167322  1.12979  
1.30688  0.390572  
0.993238  0.537793  
2.50799  3.45139e-007  
1.25831  0.500078  
0.909381  0.691626  
1.75145  0.00184728  
0.278042  1.03097  
1.66763  0.00566566  
