0.612055  1.67065  
2.9  0.344828  
1.11803  0.909211  
0.675008  1.4815  
1.44181  0.706806  
1.26546  0.802538  
0.641933  1.55926  
0.972763  1.03308  
1.47882  0.678856  
0.711823  1.406  
0.687855  1.45606  
1.31796  0.766041  
1.39555  0.730601  
1.07716  0.949487  
1.15262  0.873307  
1.51753  0.667898  
1.36075  0.736451  
0.949089  1.08093  
1.0341  0.975309  
1.74736  0.574089  
0.62879  1.61044  
0.626421  1.64139  
2.38251  0.41998  
1.55017  0.652741  
0.757627  1.32002  
1.70578  0.588721  
1.21055  0.85057  
1.00501  1.01184  
1.63469  0.617742  
1.83216  0.546513  
1.32958  0.755441  
0.854468  1.172  
0.81722  1.23067  
1.06116  0.958695  
2.63134  0.380566  
1.90681  0.524908  
2.58168  0.387365  
0.887191  1.14416  
2.20842  0.452931  
1.86196  0.537719  
2.70221  0.370397  
1.01188  0.997706  
2.00074  0.500198  
0.636419  1.57239  
2.24956  0.444947  
0.770991  1.30067  
2.53793  0.394035  
2.03693  0.495528  
0.868215  1.15545  
0.781091  1.28056  
2.73883  0.367807  
1.88417  0.530979  
1.23664  0.831212  
1.24192  0.824421  
0.803314  1.25113  
1.94221  0.521081  
1.77014  0.571081  
2.16465  0.462038  
2.35043  0.42552  
1.80641  0.55479  
0.898743  1.11816  
0.926324  1.10288  
2.41569  0.413978  
2.44207  0.409563  
1.78997  0.559773  
0.792157  1.26297  
1.95176  0.512565  
0.828602  1.20753  
2.10928  0.474362  
1.17102  0.861042  
1.67018  0.603698  
2.5719  0.388957  
1.18962  0.859343  
1.61603  0.623702  
1.69199  0.595004  
2.22067  0.450366  
2.30451  0.433966  
1.60017  0.633104  
2.08316  0.480662  
0.725002  1.37931  
1.57081  0.64449  
0.74195  1.348  
0.933333  1.08239  
0.838051  1.19431  
0.906473  1.10942  
2.13356  0.468778  
2.66728  0.374918  
2.77153  0.360878  
2.80187  0.356937  
2.64136  0.378654  
2.48399  0.402627  
2.47437  0.404539  
1.58383  0.640216  
2.0534  0.487169  
2.51325  0.397912  
2.6786  0.373343  
1.981  0.50837  
2.33108  0.429436  
2.84695  0.351343  
2.14416  0.466463  
