0.995124  0.0136095  
4.77991e-073  1.00144  
0.872674  0.102878  
0.966991  0.0639728  
0.799747  0.141732  
0.531074  0.28799  
0.629077  0.250778  
0.926485  0.0857575  
0.414551  0.377813  
0.217819  0.583832  
0.397727  0.399658  
0.72775  0.188412  
0.675318  0.230014  
0.577013  0.265159  
0.493098  0.336404  
0.910941  0.0895266  
0.287264  0.521902  
0.757927  0.18  
0.577679  0.261913  
0.290921  0.489689  
0.449885  0.371946  
0.0386988  0.837661  
0.0202473  0.915349  
0.527246  0.328083  
0.468102  0.341455  
0.120488  0.684834  
0.244049  0.565819  
0.0262925  0.872509  
0.307044  0.477309  
0.255821  0.522187  
0.763825  0.157051  
0.0919537  0.745962  
0.465682  0.364843  
0.178813  0.63549  
0.695637  0.210739  
0.162859  0.66276  
0.139311  0.666748  
0.70728  0.205017  
0.372032  0.412901  
0.254376  0.539764  
0.529874  0.316631  
0.177842  0.65843  
0.0571987  0.825233  
0.108237  0.710238  
0.0310934  0.861199  
0.211937  0.611994  
0.104231  0.719711  
0.647241  0.235647  
0.135735  0.682065  
0.244788  0.555704  
0.351482  0.443931  
0.0854564  0.774351  
0.0872227  0.752493  
0.194847  0.626756  
0.3289  0.475324  
0.0609815  0.799736  
0.643165  0.238207  
0.0699124  0.792373  
0.334062  0.45659  
0.782189  0.150828  
0.364682  0.431641  
0.058665  0.814513  
0.198368  0.620699  
0.780545  0.152694  
0.33208  0.468709  
0.367018  0.413753  
0.209102  0.61577  
0.0778479  0.784213  
0.366959  0.430113  
0.345616  0.451092  
0.0119511  0.916758  
0.00749014  0.943038  
0.0117543  0.926832  
0.00442465  0.954293  
0.0825502  0.783096  
0.701446  0.207537  
0.029433  0.870311  
0.0116657  0.935218  
0.347843  0.450364  
0.00860117  0.938633  
0.00223931  0.962709  
0.107211  0.714602  
0.00406837  0.958104  
0.00189304  0.96764  
0.105956  0.719317  
0.0012561  0.974908  
0.00068857  0.984494  
0.000795222  0.97939  
0.00175857  0.971537  
0.000949006  0.978907  
8.3279e-005  0.994606  
0.000189991  0.99147  
0.0003375  0.987585  
1.81251e-005  0.998186  
0.000385292  0.985231  
4.60371e-005  0.996061  
0.000328722  0.988716  
0.000206646  0.99038  
0.00152956  0.973003  
2.19041e-005  0.997974  
