0.906754  0.187377  
0.226042  0.675014  
0.0152325  0.884292  
0.861567  0.251719  
0.738232  0.395942  
0.682917  0.466983  
0.972401  0.0552815  
0.813492  0.301137  
0.850756  0.256907  
0.985363  0.0295339  
0.000375949  1.00092  
0.707849  0.4184  
0.937535  0.121603  
0.520688  0.663973  
0.925715  0.143567  
0.623956  0.536025  
0.968979  0.0622288  
0.95989  0.0803097  
0.983171  0.0347317  
0.980698  0.0397878  
0.857194  0.252385  
0.913223  0.171998  
0.804171  0.329681  
0.879591  0.220575  
0.58317  0.582513  
0.534563  0.663176  
0.796726  0.340324  
0.641438  0.526691  
0.670333  0.511264  
0  1.1129  
0.847122  0.262897  
0.769154  0.364954  
0.823113  0.282997  
0.577954  0.597616  
0.880987  0.196026  
0.551208  0.638827  
0.742813  0.379931  
0.773192  0.350375  
0.697861  0.459246  
0.608283  0.569132  
0.571566  0.636256  
0.717365  0.40193  
0.981568  0.0701487  
0  1.98994  
4.9393e-006  1.30504  
0.00373548  1.07769  
0.000289149  1.27346  
0.13933  0.988835  
0.103809  1.05542  
0.269591  0.911664  
0.029208  1.05825  
0.210482  0.960089  
0.687327  0.473116  
0.214948  0.951026  
0.480161  0.746136  
0.34193  0.875545  
0.960932  0.0889481  
0.879591  0.220832  
0.57911  0.59926  
0.568306  0.652869  
0.428752  0.752765  
0.857044  0.265033  
0.672208  0.522232  
0.94833  0.138947  
0.370415  0.857211  
0.754056  0.384359  
0.520688  0.738807  
0.938619  0.191202  
0.401476  0.788129  
0.386454  0.831712  
0.738232  0.398771  
0.773192  0.357763  
0.724992  0.423224  
0.304352  0.895286  
0.942953  0.147759  
0.634264  0.55919  
0.716762  0.4568  
0.801924  0.345233  
0.525308  0.719155  
0.535269  0.695837  
0.81392  0.318646  
0.619087  0.57035  
0.300001  0.897088  
0.835084  0.285911  
0.414123  0.765798  
0.919992  0.196424  
0.540583  0.679633  
0.888084  0.200885  
0.852942  0.274951  
0.72364  0.449288  
0.382392  0.839783  
0.794367  0.357549  
0.644353  0.534897  
0.830931  0.303307  
0.899892  0.198127  
0.608283  0.585049  
0.407936  0.781702  
0.551607  0.66026  
0.596524  0.587201  
0.823402  0.311949  
