0.0424537  5.37868  2.11137e-005  
8.73676e-008  3.45605  2.29818  
1.24217e-007  4.20658  1.76068  
7.21679e-006  2.06624  3.11517  
0.000254029  3.64771  0.379757  
0.0605457  0.0101787  2.71013  
0.00807979  0.0106864  2.57849  
0.0082296  1.22416  2.32432  
0.051361  1.6059  0.848723  
0.116717  1.34391  0.116457  
1.26028  0.101583  0.0292373  
0.455977  0.663142  1.20997  
0.31036  0.37573  1.44373  
0.415857  0.956036  0.810643  
0.181073  0.607301  1.69263  
0.886137  0.462762  0.991436  
0.0975779  0.741263  1.5418  
0.363394  0.125517  1.40069  
0.284629  0.353354  1.59814  
0.552189  1.09701  0.474603  
0.320634  1.08493  0.835568  
0.362073  0.437753  1.36643  
0.287864  0.133581  1.66539  
1.04253  0.130504  0.749708  
0.30368  0.244468  1.56343  
0.675203  0.880924  0.96452  
0.730061  0.772002  1.06666  
1.10078  0.45812  0.683775  
0.832993  0.818864  0.896571  
1.1182  0.301381  0.442377  
0.980577  0.308692  1.11921  
0.870184  0.525749  0.741444  
0.103767  1.11031  0.453328  
0.695882  0.290769  1.16571  
0.738784  0.551141  1.0333  
1.06668  1.01727  0.315355  
0.190644  0.693102  1.59756  
0.547295  0.891987  1.03683  
0.358035  0.495965  1.36061  
0.705874  0.774155  0.941202  
1.11827  0.315485  0.24928  
1.93414  0.194045  0.595712  
0.620875  0.451115  1.39538  
0.625831  1.49644  0.588546  
1.7744  0.531422  0.191129  
1.67783  0.594558  0.268647  
1.41942  0.398124  0.998912  
1.65257  0.504049  0.399901  
1.38312  1.08776  0.424657  
0.872223  1.46973  0.663824  
1.06282  1.31171  0.51023  
0.69516  1.44259  0.764652  
0.900778  1.3724  0.534433  
1.56672  0.650038  0.841621  
0.815603  1.40873  1.00565  
1.62015  0.548612  0.879076  
1.51211  0.63537  0.844381  
1.46447  0.921099  0.816683  
0.789201  1.446  0.757596  
1.48458  0.771908  0.732169  
1.02988  0.833918  1.37919  
0.747509  1.29179  1.0346  
1.26335  1.14846  0.978307  
1.23985  0.699523  1.23751  
1.45331  0.969932  0.954549  
0.644742  1.06383  1.19827  
1.08932  0.773101  1.39376  
1.60321  0.949058  0.686743  
1.36056  1.2085  0.725907  
1.32835  0.944215  1.1008  
0.852851  1.36444  0.999013  
1.1747  0.72517  1.20985  
1.06817  1.16695  1.06381  
1.31663  1.0407  1.14309  
0.855825  1.43469  0.789092  
0.758139  1.20016  1.16072  
1.0296  0.858823  1.36332  
1.12321  0.738473  1.28575  
0.955496  1.12933  1.19362  
1.11296  1.25826  0.913253  
1.33802  1.18065  0.931715  
1.1649  0.661825  1.31888  
1.29779  0.686128  1.30894  
1.07013  1.11868  1.12584  
1.05682  1.01164  1.23261  
1.27329  1.26949  0.688231  
1.40524  0.653371  1.28598  
1.21587  0.620519  1.33999  
1.09836  0.895845  1.30799  
1.03732  1.33285  0.721555  
0.991827  1.29854  0.983916  
1.22062  1.24805  0.866025  
1.13069  1.2784  0.889964  
0.878632  1.43277  0.990982  
1.0328  1.33567  0.899311  
1.30092  0.975152  1.17564  
1.07281  0.886829  1.32673  
0.894652  1.3318  1.01149  
1.26963  0.60999  1.34924  
1.14431  0.995814  1.2058  
