0.601439  0.573281  
0.612411  0.563205  
0.789015  0.329168  
2.36866e-013  2.90774  
0  3.81297  
3.93857e-039  3.78702  
5.89892e-038  3.77762  
1.62076e-038  3.77799  
9.64775e-038  3.77077  
9.97603e-059  3.79341  
0.999711  2.65413  
0  3.81889  
0.864742  2.79321  
0.69227  3.00375  
0.824586  2.8565  
0.919152  2.74197  
0.749886  2.90858  
0.741048  2.93537  
0.453946  3.23755  
0.470646  3.22364  
0.887419  2.77155  
0.700422  2.95913  
0.845732  2.81488  
0.144037  3.59693  
0.487234  3.18616  
0.407943  3.28228  
0.616476  3.05866  
0.434973  3.25411  
0.381212  3.30511  
0.431991  3.27111  
0.4862  3.20442  
0.153908  3.57615  
0.791564  2.87429  
0.605775  3.07033  
0.717175  2.94348  
0.769634  2.89286  
0.234013  3.47354  
0.131448  3.61401  
0.562083  3.11275  
0.377634  3.32995  
0.972762  2.68986  
0.514957  3.17506  
0.398594  3.29564  
0.207952  3.51819  
0.0726334  3.68535  
0.166083  3.56492  
0.0502579  3.70473  
0.649019  3.02917  
0.251634  3.46502  
0.0109394  3.75172  
0.177956  3.55125  
0.635539  3.04447  
0.942706  2.71941  
0.0998332  3.64211  
0.983577  2.67297  
0.215911  3.49566  
0.550867  3.12625  
0.350678  3.3473  
0.186475  3.53872  
0.885059  2.77221  
0.355585  3.33006  
0.586295  3.08176  
0.292107  3.43841  
0.530063  3.15429  
0.0794276  3.66566  
0.577046  3.10156  
0.826167  2.83649  
0.196304  3.52512  
0.0634256  3.69862  
0.834709  2.82419  
0.226028  3.49129  
0.66102  3.00853  
0.0353408  3.71937  
0.322301  3.38021  
0.349855  3.36913  
0.334286  3.36957  
0.778707  2.88465  
0.956126  2.70582  
0.307002  3.39786  
0.936249  2.73145  
0.664801  3.00519  
0.519011  3.1678  
0.292491  3.4162  
0.261151  3.4533  
0.9954  2.66742  
0.11767  3.63425  
0.035012  3.72845  
0.310789  3.38486  
0.298238  3.4088  
0.960302  2.70011  
0.0225453  3.74023  
4.43947e-037  3.77293  
0.711171  2.95846  
0.274646  3.44176  
0.546979  3.14249  
0.58432  3.09232  
0.646643  3.04295  
0.545104  3.15115  
0.0957555  3.65748  
0.923714  2.73667  
