1.42221  -2.35397e-015  22.776  
28.1131  -2.31336e-016  2.23832  
0.0500627  0.310717  0.531809  
0.147212  2.00244  2.11291e-005  
1.82538  1.95002  2.10188e-006  
16.0952  -8.22898e-016  7.96203  
25.1356  -2.56064e-016  2.47758  
11.4605  -4.50796e-016  4.36172  
7.76794  -1.72196e-015  16.661  
3.09955  -2.08492e-015  20.1729  
5.69447  -1.0924e-015  10.5697  
4.08327  -1.43477e-015  13.8822  
9.14349  -5.06445e-016  4.90016  
5.78621  -1.31856e-015  12.7579  
27.1202  -3.4838e-016  3.37078  
1.45223  -2.24597e-015  21.7311  
26.4967  -4.77156e-016  4.61677  
5.85808  -7.09437e-016  6.86423  
6.23852  -5.8149e-016  5.62627  
6.92892  -5.37733e-016  5.20289  
4.71988  0.715208  0.000441723  
8.31243  -5.77358e-016  5.58629  
6.30551  -7.62985e-016  7.38233  
7.99283  -7.8226e-016  7.56884  
4.15613  -3.22563e-016  3.12099  
6.66333  -5.18283e-016  5.0147  
3.36558  -3.05536e-016  2.95625  
3.65447  0.554071  0.000709851  
2.5558  0.455948  0.00279935  
0.11676  1.52991  4.04229e-005  
0.778134  1.93378  2.91824e-005  
1.07413  -2.69314e-016  2.60578  
1.51964  -2.98184e-016  2.88511  
2.38481  -1.33743e-016  1.29405  
1.68149  -1.47455e-016  1.42671  
1.77104  -1.71801e-016  1.66228  
2.03988  -7.66304e-017  0.741445  
0.827438  1.35636  0.000514894  
0.681392  -1.87034e-016  1.80966  
0.614647  -1.9786e-016  1.91441  
2.25227  0.625679  0.000602521  
0.769242  1.14819  0.00138579  
2.51396  -1.4038e-016  1.35826  
0.911104  -2.26512e-016  2.19164  
1.00447  -2.10728e-016  2.03892  
1.52454  -3.5968e-017  0.348012  
0.0648165  -1.22427e-016  1.18456  
0.852004  -2.13588e-016  2.06659  
0.135568  1.11332  0.158509  
0.615134  1.41311  0.000597248  
0.210829  1.47824  0.00870137  
0.654602  0.381009  0.289543  
2.15908  -1.01391e-016  0.98102  
2.45634  0.371953  0.00419068  
0.175064  1.01153  0.0120837  
0.240238  -1.62082e-016  1.56824  
0.101255  0.91772  0.191889  
0.537624  -1.13876e-016  1.10181  
1.23232  -2.65893e-017  0.257268  
0.564847  0.0393915  0.451383  
2.07516  0.556255  0.0132423  
0.511816  0.83495  0.0337319  
0.274079  0.99207  0.146086  
1.31592  -2.15172e-017  0.208192  
0.727047  0.483566  0.0933602  
0.277073  0.365152  0.490575  
0.439765  0.228392  0.314342  
1.34005  -2.74955e-017  0.266035  
2.13354  -8.66029e-017  0.837935  
0.229738  0.432743  0.528037  
0.984019  0.0345592  0.124452  
0.190519  -1.05608e-016  1.02182  
0.0891264  -1.66803e-016  1.61392  
1.05308  0.658422  0.00323643  
0.430502  0.127482  0.513661  
0.0814416  -1.5385e-016  1.48859  
0.0897735  0.741194  0.368079  
1.17114  -1.52183e-016  1.47246  
0.0506977  0.309066  0.617036  
0.191219  0.266097  0.711711  
0.485679  -2.0405e-017  0.555399  
1.4001  -2.67992e-017  0.259298  
0.0966708  0.875008  0.192305  
0.0799769  -1.15119e-016  1.11384  
0.9188  0.591473  0.00706576  
0.741913  0.101977  0.403579  
0.669981  0.157472  0.245745  
0.393618  0.761879  0.197537  
0.700301  0.114881  0.125563  
0.0596806  0.529129  0.529219  
1.07718  0.103976  0.0795113  
0.478071  0.638025  0.0939513  
0.246526  0.802984  0.176476  
0.379269  0.583752  0.440042  
0.171774  0.724991  0.417265  
1.14531  -8.842e-017  0.855516  
0.353446  0.59626  0.231232  
0.330064  -8.40456e-017  0.813191  
0.258161  0.251774  0.673402  
0.408003  0.190314  0.330711  
