0  2.54593  
1.11542  4.22617e-020  
9.38884e-019  1.74101  
5.02344e-015  1.5655  
9.1062e-012  1.23856  
0.504218  0.0355977  
8.04594e-012  1.42365  
0.312172  0.0372374  
0.0358283  0.445318  
1.55944e-014  1.4757  
0.035075  0.553913  
0.887152  0.0158663  
2.12379e-006  1.07167  
0.0236934  0.754068  
1.0341  3.58067e-018  
0.0226356  0.804332  
0.0318444  0.602561  
0.543775  0.03391  
0.0371656  0.354718  
2.45149e-007  1.18969  
1.44446e-006  1.10969  
4.17184e-007  1.15276  
0.0300008  0.670245  
0.604781  0.0338532  
0.0377655  0.256637  
0.0374523  0.285667  
1.41107e-005  1.00338  
0.820996  0.0190427  
0.0107847  0.92074  
0.0162299  0.849417  
0.764414  0.0236104  
0.0361722  0.418142  
0.0386659  0.209179  
0.0282802  0.704373  
0.202817  0.0406588  
0.22414  0.0383134  
0.271859  0.0374218  
4.60948e-014  1.44246  
0.682652  0.0294975  
0.920579  0.0108546  
0.0366479  0.383061  
0.734605  0.0249933  
0.158998  0.0409131  
0.00184915  0.983704  
0.00725257  0.952483  
0.0397744  0.166936  
0.0393866  0.196519  
0.0139262  0.885521  
0.620377  0.0306935  
0.515653  0.0349731  
0.710182  0.0279061  
0.656576  0.0305439  
0.123402  0.0427611  
0.157348  0.0416115  
0.79622  0.022458  
0.959254  0.00700016  
0.277457  0.0373793  
0.0103771  0.947222  
0.307585  0.037297  
0.0407147  0.154118  
0.940447  0.0101656  
0.03762  0.282329  
0.0324062  0.57836  
0.0369143  0.371149  
1.01187  5.28368e-018  
0.0929144  0.0486318  
0.720378  0.0260088  
0.660163  0.0296866  
0.0421233  0.13556  
0.0294764  0.692121  
0.986725  0.00136902  
0.81736  0.0200169  
0.798381  0.0208764  
0.0344545  0.566602  
0.0295072  0.67561  
0.0532915  0.0821311  
0.0155951  0.862526  
0.0827419  0.0554845  
0.929792  0.0107485  
0.107929  0.0458688  
0.0154295  0.869424  
0.997357  2.76303e-005  
0.61726  0.0325542  
0.119373  0.0434991  
0.00162218  0.991948  
0.104097  0.0483423  
0.0139762  0.880933  
0.0517303  0.0931635  
0.0591348  0.0782622  
0.977333  0.00388336  
0.0431073  0.128636  
0.21534  0.0405176  
0.973229  0.00643673  
0.0707703  0.0620121  
0.0669379  0.0667915  
1.00524  3.23739e-017  
0.0440816  0.115689  
0.0325029  0.574334  
0.0285573  0.699557  
0.0592402  0.0709438  
