1.00044  0  
2.65179e-042  4.76939  
5.25157e-040  1.85076  
3.641e-039  1.05574  
0.867249  0.152478  
0.0514115  0.9742  
0.790841  0.211077  
0.12399  0.880313  
0.705376  0.298818  
0.523474  0.492789  
0.886869  0.115405  
0.0762171  0.952306  
0.300709  0.73017  
0.546439  0.463281  
0.305486  0.717927  
0.365909  0.666858  
0.618168  0.398396  
0.502119  0.5032  
0.252072  0.756364  
0.323204  0.684842  
0.637185  0.382896  
0.900053  0.101162  
0.0860944  0.935373  
0.56844  0.440221  
0.556606  0.459805  
0.771665  0.22861  
0.92426  0.0769722  
7.61955e-045  7.88176  
0.988581  0.0118679  
0.581596  0.426725  
0.785232  0.215258  
0.344012  0.683265  
0.209218  0.800919  
0.717972  0.28595  
0.758681  0.243151  
0.657233  0.353147  
0.433569  0.567124  
0.937287  0.0632041  
0.473345  0.530956  
0.727691  0.273974  
0.447816  0.558911  
0.464965  0.538664  
0.59259  0.420254  
5.31382e-007  1.03065  
0.918683  0.0818988  
0.981719  0.0184119  
0.767632  0.235376  
0.571936  0.436601  
0.218219  0.78795  
0.607573  0.411518  
0.23567  0.770143  
0.481695  0.523794  
0.108384  0.904588  
0.910494  0.0911507  
0.710912  0.291515  
0.95978  0.0422557  
0.360119  0.675766  
0.596879  0.413089  
0.609496  0.399369  
0.355593  0.680612  
0.745282  0.257775  
0.460394  0.547074  
0.194397  0.810394  
0.976187  0.0272873  
0.906538  0.0953906  
0.496143  0.50926  
0.950782  0.0496826  
0.491357  0.512138  
0.739731  0.263506  
0.220311  0.78563  
0.453961  0.549457  
0.64038  0.379631  
0.246829  0.763979  
0.955296  0.0468686  
0.653996  0.356668  
0.97093  0.0291586  
0.106789  0.915966  
0.451647  0.555533  
0.734849  0.272194  
0.941893  0.0627978  
0.550594  0.460555  
1.33356e-044  7.96317  
9.22497  0  
1.88737  0.00909131  
9.13129  0.00749935  
3.2875e-042  7.88426  
1.0434e-006  1.04726  
0.929688  0.176962  
1.59617  0.0479354  
0.710402  0.423957  
0.379355  0.899155  
0.914073  0.305829  
0.529711  0.63491  
0.470183  0.730638  
0.20874  0.939543  
1.6726  0.0227157  
0.0960177  0.990718  
0.508745  0.642224  
0.083285  1.03587  
0.000400092  1.04079  
