1.14382  1.62244e-070  
1.83124e-056  1.02978  
0.31196  0.550027  
0.321322  0.47787  
0.496716  0.0119092  
0.848455  0.00796738  
0.391772  0.0239318  
0.309336  0.72641  
0.343164  0.0767443  
0.157218  0.968828  
0.959064  0.00290955  
0.814267  0.00859101  
4.70353e-070  1.40588  
0.0778715  0.996849  
0.123354  0.97733  
0.269632  0.739313  
1.02027  2.236e-020  
0.216619  0.876869  
3.09193e-005  1.00683  
1.24442e-069  1.35196  
0.727023  0.00943074  
0.325326  0.422946  
0.91993  0.00569927  
0.170174  0.939973  
0.998274  0.00055219  
0.257765  0.799048  
0.194186  0.916003  
2.51919e-066  1.07943  
0.170157  0.948636  
0.0831015  0.994088  
0.000272701  1.00521  
2.14665e-054  1.01942  
0.104219  0.993764  
0.00270796  1.00349  
0.341783  0.19873  
1.02591  7.50501e-048  
0.301389  0.728916  
0.0588502  1.00025  
0.0255711  1.00171  
1.64688e-068  1.10425  
1.02271  3.42302e-038  
0.337814  0.240327  
2.62475e-066  1.03869  
0.340796  0.209141  
0.10516  0.99103  
5.78967e-011  1.00876  
0.301809  0.72707  
0.000573145  1.00357  
0.343058  0.180945  
0.31137  0.691031  
0.336275  0.248016  
0.255424  0.874279  
0.335627  0.380318  
1.06994e-068  1.26835  
2.64147e-069  1.33531  
0.338849  0.233404  
0.162924  0.962738  
1.08624e-054  1.02112  
1.10471e-070  1.53784  
4.14385e-070  1.87498  
1.02726  7.51482e-048  
6.31078e-070  1.5285  
1.26851e-069  1.35385  
2.3737e-068  1.22022  
3.71402e-068  1.10921  
0.336969  0.333614  
2.27614e-068  1.31817  
0.930306  0.0302584  
0.724148  0.0431313  
0.657046  0.0438668  
0.328773  0.506732  
0.333805  0.433449  
0.9906  0.0121731  
0.325778  0.571986  
0.427372  0.0634097  
0.312665  0.671584  
0.197803  0.955442  
0.303504  0.73237  
0.346276  0.161564  
0.0256012  1.00335  
0.579533  0.0471759  
0.855818  0.0389769  
0.232766  0.912359  
0.358839  0.130436  
0.884781  0.036043  
0.802645  0.0400215  
0.776737  0.0416677  
0.104467  1.00192  
0.60644  0.0442355  
0.270572  0.817169  
0.495225  0.0550506  
0.341063  0.209305  
0.216088  0.919928  
5.64534e-058  1.04397  
0.163238  0.964594  
0.265081  0.873313  
0.255765  0.875446  
0.337369  0.268587  
0.524096  0.0485205  
0.293037  0.763369  
