1.24753  4.3834e-017  0.23655  
0.361051  0.000548349  1.76041  
0.207591  1.24241  7.74593e-017  
0.22306  1.10512  4.15669e-020  
0.141705  0.0379974  0.760508  
0.237378  0.016944  1.38719  
0.374514  6.70621e-005  0.913431  
0.270339  0.000982924  1.72078  
0.224678  0.00292452  1.40136  
0.166898  0.981828  0.0950031  
1.16318  4.14474e-016  0.265351  
0.247308  1.0629  0.00242514  
0.729943  1.95404e-015  0.859854  
0.185889  1.21098  0.000282023  
0.170175  0.905607  0.183669  
0.174717  0.846084  0.194738  
0.401854  0.0857124  0.609716  
0.572722  0.00416318  0.5273  
0.311447  0.592497  0.422188  
1.09829  0.0781389  0.109203  
0.383983  0.277443  0.335849  
0.514785  0.0407354  0.451266  
0.548647  0.787621  2.52927e-019  
1.0305  0.209998  7.7422e-020  
0.4064  0.055044  0.484064  
0.449172  1.04721e-009  0.63499  
0.629099  0.134013  0.413749  
0.982694  6.71252e-016  0.313772  
0.89164  0.487504  8.23086e-020  
0.370683  0.739056  0.0750485  
1.06681  8.65178e-007  0.201967  
0.676244  0.346741  0.154695  
0.990428  0.174253  0.0300784  
0.379377  0.525388  0.133212  
0.705992  2.43043e-005  0.382075  
0.291238  0.457688  0.430443  
0.80741  0.433655  2.8846e-016  
0.473373  0.336045  0.232816  
0.382666  0.658258  0.117422  
0.995875  0.0136294  0.167965  
0.17851  0.617785  0.19876  
0.656057  0.354001  0.211507  
0.852188  0.299179  1.76975e-018  
0.372834  0.40186  0.394327  
0.937566  0.100801  0.0892356  
0.519229  2.45197e-011  0.682809  
0.597026  0.0609148  0.423862  
0.534003  0.376498  0.189907  
0.780636  0.144559  0.06367  
0.660389  0.000810753  0.519537  
0.417309  0.455691  0.095875  
0.726583  0.305056  0.0420312  
0.877307  9.24454e-007  0.293224  
0.145528  0.328676  0.521581  
0.383677  0.779586  1.19803e-018  
0.693535  0.116244  0.210179  
0.393276  4.32981e-010  0.726096  
0.377481  0.245709  0.404809  
0.461726  1.40551e-012  0.751066  
0.580953  0.53457  0.0115142  
0.90221  0.107686  0.085084  
0.362379  0.227813  0.43922  
0.153421  0.698745  0.19738  
0.523451  0.56148  6.32011e-018  
0.789954  0.0684923  0.217971  
0.464751  0.46987  0.0888789  
0.707576  0.72497  4.2402e-020  
0.396557  0.00513899  0.690244  
0.794956  0.0373803  0.232765  
0.74865  0.257422  5.04916e-016  
0.40754  0.205712  0.306734  
0.390297  0.266228  0.274045  
0.586692  0.190958  0.278635  
0.403467  0.00248003  0.707725  
0.195834  0.606094  0.423498  
0.544472  0.344771  0.228491  
0.449839  0.554092  0.093672  
0.760844  0.198351  0.0471308  
0.838008  0.133313  0.0416796  
0.738611  0.096246  0.131144  
0.765911  0.0861696  0.177551  
0.831834  0.118057  0.0908351  
0.522939  0.536335  0.0684893  
0.993058  5.76318e-016  0.253603  
0.427974  0.395533  0.120366  
0.402095  0.703429  0.0438373  
0.918864  0.00134022  0.174793  
0.3739  0.726128  0.0562049  
0.577556  0.682442  2.18403e-019  
0.823313  0.000143617  0.279324  
0.658725  0.674918  7.55387e-020  
0.463607  0.39139  0.111953  
0.932155  0.140234  0.0314456  
0.534014  0.394376  0.105899  
0.777015  0.000975667  0.293631  
0.923832  0.19597  0.0338272  
0.429992  0.0738219  0.444668  
0.432852  0.559164  8.23929e-018  
0.811683  0.232883  2.99893e-015  
0.814998  0.599631  3.20378e-018  
