0.0717882  -3.08583e-015  29.8573  
0.00225255  0.643297  0.35858  
31.2474  -1.51242e-016  1.46336  
0.00318113  1.11054  0.154575  
1.02608  0.0644995  1.72981e-008  
3.70045  -1.8102e-015  17.5147  
23.0662  -4.11801e-016  3.98442  
21.7016  -5.5462e-016  5.36628  
2.94248  -1.95214e-015  18.8881  
24.5195  -1.45175e-016  1.40466  
23.6066  -3.17903e-016  3.07591  
6.53001  -1.70589e-015  16.5055  
0.763803  -2.0997e-015  20.3158  
0.498766  -2.75952e-015  26.7  
13.1461  -1.0952e-015  10.5968  
7.22535  -2.29664e-015  22.2213  
1.84919  -1.68339e-015  16.2879  
0.116332  -2.96022e-015  28.6419  
13.9237  -4.75132e-016  4.59719  
30.5732  -2.11764e-016  2.04895  
25.8348  -4.53859e-016  4.39135  
0.624912  -2.18723e-015  21.1627  
10.6076  -9.56421e-016  9.25394  
25.2269  -3.7432e-016  3.62177  
28.1056  -1.8675e-016  1.80692  
0.233633  -2.81291e-015  27.2166  
0.141434  -2.86902e-015  27.7595  
1.45774  -2.46258e-015  23.8269  
10.184  -1.99223e-015  19.276  
4.92668  -1.87062e-015  18.0993  
26.9999  -2.74827e-016  2.65912  
2.65941  -2.31642e-015  22.4128  
2.35261  -2.0668e-015  19.9975  
7.67475  -2.22641e-015  21.5418  
4.73124  -2.41688e-015  23.3848  
17.7849  -6.00763e-016  5.81274  
12.7577  -1.10564e-015  10.6977  
15.899  -1.27998e-015  12.3846  
26.2301  -1.92837e-016  1.86582  
5.84467  -1.67204e-015  16.178  
0.0876032  -3.01784e-015  29.1994  
3.9806  -2.01219e-015  19.4691  
27.7058  -4.31905e-016  4.17894  
29.3139  -1.60449e-016  1.55244  
6.86596  -1.21715e-015  11.7766  
11.549  -1.0321e-015  9.98617  
4.16029  -1.46532e-015  14.1778  
26.7777  -4.02629e-016  3.89567  
0.38381  0.920137  0.128074  
8.3792  -1.32388e-015  12.8093  
11.4167  -1.47489e-015  14.2705  
12.0612  -8.33978e-016  8.06924  
29.0735  -2.95841e-016  2.86244  
28.696  -3.96259e-016  3.83405  
14.1935  -6.25679e-016  6.05382  
10.823  -1.06135e-015  10.2692  
14.5117  -1.40105e-015  13.556  
2.37574  -2.40917e-015  23.3102  
21.466  -5.83663e-016  5.64729  
18.7118  -7.05291e-016  6.82411  
16.6506  -5.16328e-016  4.99578  
11.026  -7.28203e-016  7.0458  
19.0398  -7.58852e-016  7.34234  
16.4129  -1.0947e-015  10.5919  
8.50741  -2.50081e-015  24.1968  
3.85213  -1.91099e-015  18.49  
30.1275  -2.54126e-016  2.45882  
5.37144  -2.47379e-015  23.9354  
18.5635  -1.57772e-015  15.2654  
21.1162  -4.9169e-016  4.7574  
30.2939  -3.55181e-016  3.43658  
6.0437  -1.60489e-015  15.5283  
8.19651  -2.22475e-015  21.5258  
8.81606  -5.46741e-016  5.29005  
0.67222  -2.36951e-015  22.9264  
16.1413  -1.24724e-015  12.0678  
21.4668  -6.67177e-016  6.45534  
0.583329  -2.61929e-015  25.3432  
5.57157  -2.53564e-015  24.5338  
9.18308  -2.33503e-015  22.5928  
12.266  -1.02453e-015  9.91291  
24.9738  -1.22081e-016  1.18121  
12.6404  -7.41453e-016  7.174  
20.4456  -8.30456e-016  8.03515  
27.4418  -2.07937e-016  2.01191  
12.6452  -1.62568e-015  15.7295  
0.806462  0.172156  4.61706e-008  
7.56486  -1.97597e-015  19.1187  
17.4342  -1.25554e-015  12.1481  
19.2189  -8.65501e-016  8.37424  
0.305241  0.53994  0.300968  
28.419  -2.34596e-016  2.26986  
29.7742  -2.45783e-016  2.3781  
9.42788  -2.45548e-015  23.7582  
0.0612881  -2.70056e-015  26.1295  
24.9208  -2.84376e-016  2.75151  
0.0813497  -3.07921e-015  29.7932  
15.4954  -1.50427e-015  14.5547  
9.62878  -2.21106e-015  21.3934  
7.04399  -1.18233e-015  11.4397  
