0  1.90825  
2.74094  1.35924e-049  
1.79268  3.27682e-049  
5.07673e-012  1.33174  
1.43228e-014  1.58982  
1.31434  2.25632e-025  
1.32242e-011  1.00552  
1.16668  2.21171e-012  
0.402436  0.0363801  
1.26215  1.33638e-022  
1.04471  3.59161e-010  
0.532478  0.0342624  
0.714589  0.026397  
0.593281  0.0317378  
0.289542  0.0372371  
0.0370054  0.316424  
0.0193764  0.812039  
0.0331036  0.562829  
0.77408  0.0227248  
0.0376044  0.25002  
0.0312161  0.611077  
0.675787  0.0289271  
0.354927  0.0367257  
0.0347137  0.49592  
0.536285  0.0338874  
0.0240585  0.757796  
0.0355076  0.458171  
0.824083  0.0185715  
0.0408552  0.14436  
0.0110124  0.910004  
0.0300555  0.641472  
1.31277  5.53652e-025  
0.629621  0.0302737  
0.25895  0.0375335  
0.0368583  0.3371  
0.642791  0.0300131  
0.0366758  0.364122  
0.00981897  0.949995  
0.0283301  0.703021  
0.0290677  0.674153  
0.0389602  0.182813  
0.386548  0.0365481  
0.926134  0.00814294  
0.0359602  0.435671  
0.939982  0.00686236  
0.960833  0.0040263  
0.0385146  0.201426  
0.0364903  0.384086  
0.0338919  0.528971  
0.903202  0.0109031  
0.0189272  0.838804  
8.60351e-005  0.997578  
0.0359792  0.418013  
0.0363823  0.400985  
0.851637  0.0156471  
0.240974  0.0376975  
0.0342917  0.527129  
0.0294152  0.662396  
0.0256102  0.73015  
0.0382214  0.226159  
0.171851  0.0392051  
0.798061  0.0205842  
0.998632  1.29624e-005  
0.00287633  0.972573  
0.0132067  0.881046  
0.361612  0.0366582  
0.130077  0.0420899  
0.0421088  0.132379  
0.0119477  0.89877  
0.0850204  0.0515196  
0.140576  0.0409423  
0.0242056  0.753994  
0.220432  0.0380402  
0.0503121  0.0886301  
1.02084  9.76633e-008  
0.112388  0.0443169  
0.0464988  0.100876  
0.793348  0.0207771  
0.196051  0.0391341  
0.0700549  0.0604664  
0.0379743  0.234246  
0.157994  0.0403372  
0.198172  0.0386651  
0.886746  0.0138179  
0.982281  0.00203022  
0.0264231  0.715627  
0.874574  0.0146897  
0.043745  0.115833  
0.014488  0.869268  
0.225371  0.0378887  
0.0161481  0.862993  
0.0988809  0.0470587  
0.866715  0.0148476  
0.974943  0.00400095  
0.895316  0.0133765  
1.01296  8.26612e-007  
0.0898966  0.0494046  
0.0168786  0.850872  
0.0386063  0.189382  
0.106581  0.0454976  
