8.50242e-022  1.2931e-015  21.118  
9.17384e-015  4.54257e-044  12.6124  
1.83058e-010  8.5417  6.92739e-042  
0.486635  1.51477  2.30177e-050  
2.10043  0.550283  2.00609e-048  
1.62075e-021  8.70385e-016  14.2145  
0.312069  2.82946e-023  3.67544  
1.42648e-007  2.77783  7.23012e-042  
1.77849e-005  1.39836e-029  6.36477  
4.28825e-008  5.20847  2.92104e-041  
8.03882e-007  0.933556  2.25818  
1.65677e-021  7.22641e-016  11.8016  
4.71263e-008  6.07908  8.14132e-042  
3.06075e-020  6.89174e-016  11.2551  
2.88471e-010  8.2666  1.49585e-041  
1.10716e-008  7.12561  3.99621e-041  
2.50458e-005  0.75537  1.19202  
5.82212e-009  7.30495  1.00017e-041  
3.9817e-020  6.41455e-016  10.4758  
0.336973  1.48533e-023  2.62824  
3.53647e-006  2.78059e-030  7.08074  
4.49571e-008  5.79926  1.247e-041  
3.51946e-016  4.79426e-016  9.71283  
7.94253e-020  6.21168e-016  10.1444  
1.77057  0.783349  6.14631e-049  
2.6508e-010  2.41976e-034  7.77996  
3.52126e-016  2.91529e-016  7.46575  
1.49893  2.51036e-032  0.086981  
2.54167e-016  5.12495e-016  9.34244  
0.330735  1.66576e-023  2.57978  
2.11212e-009  1.54089e-036  7.32066  
1.97945  1.0361  3.17183e-049  
5.12127e-013  3.47095e-039  8.34823  
3.75277e-013  6.27635e-041  8.61082  
0.200829  0.971134  0.208151  
1.83107e-010  2.86552e-035  8.11906  
1.40481  6.26417e-006  1.9487e-042  
1.95468e-010  7.40627e-038  7.94832  
2.69784e-016  4.95732e-016  9.21715  
1.09946  1.89348e-028  0.127335  
6.79291e-011  1.41452e-035  8.27177  
0.00389132  0.857668  1.14935  
1.25805  2.48777e-006  1.2425e-040  
0.219898  1.17056  6.89611e-048  
1.60093e-016  5.32513e-016  9.0811  
1.15861e-006  1.3231  6.05397e-047  
0.0980453  1.23083  3.12414e-048  
0.957333  0.242074  0.391523  
0.866619  0.206207  0.459166  
0.379096  0.670341  0.768004  
4.85659e-010  7.06984e-039  8.01876  
0.826238  0.334192  0.469084  
1.21001e-014  3.60473e-043  8.68322  
0.0606143  0.572191  0.869251  
0.733116  0.285515  0.704212  
0.608578  0.834836  0.359972  
0.593631  0.480634  0.673138  
1.01749  0.0229011  0.286837  
0.651473  0.527465  0.583396  
0.900563  0.41324  0.232808  
0.430581  0.0824366  0.995068  
6.79342e-017  1.10945  0.298649  
4.73193e-016  2.54439e-016  8.77416  
0.750865  0.71617  0.00233322  
5.10769e-016  1.89584e-016  8.89755  
0.481885  0.366531  0.834825  
0.814871  0.106783  0.570451  
0.283504  1.09858  0.00662772  
8.77516e-017  1.43309  5.81078e-014  
0.554805  0.449198  0.714913  
7.58338e-017  5.65102e-016  9.31155  
1.03364e-014  1.3924e-043  8.82356  
0.785591  0.147194  0.62525  
0.511143  0.612887  0.622188  
6.5563e-015  1.55516e-041  9.01376  
5.38573e-016  1.05473e-016  8.96264  
3.31683e-005  0.902222  1.03769  
0.516263  0.930987  0.0520212  
0.668952  0.436288  0.627764  
0.781294  0.029342  0.722641  
0.0526404  1.07032  0.0106785  
1.1692  0.00483382  6.68493e-042  
0.465914  0.0432064  0.950772  
0.936014  0.499304  1.8178e-041  
0.587236  0.547024  0.605656  
0.0964338  0.798531  0.804332  
0.407851  0.903269  0.355813  
0.445849  0.64977  0.788024  
0.41263  0.186587  0.909022  
0.354655  0.785227  0.514177  
0.464406  0.40851  0.819992  
0.395097  0.235581  0.923363  
7.62933e-017  1.24596  0.00022228  
0.0807783  1.00399  0.0145942  
0.345798  0.765617  0.550868  
0.397934  0.276995  0.907047  
1.05949  0.017071  0.0240803  
1.18941  1.28191e-005  1.14096e-040  
0.825028  0.439282  0.415613  
0.467487  1.45514  2.4087e-050  
