6.41154  3.19738e-091  1.06992e-028  
3.50948  8.94951e-034  2.21332e-062  
7.77488e-038  6.14055  5.48041e-056  
1.32143e-037  1.30211e-049  7.86868  
6.41186  3.16473e-087  1.65338e-029  
2.28771e-085  0.0025629  3.66449  
0.124534  5.58346  3.06801e-053  
5.59345  5.64277e-084  4.83087e-026  
4.57288e-067  4.62641  6.34088e-021  
3.27696e-077  9.80053e-012  6.33743  
4.82614  3.78893e-054  1.69675e-048  
4.10632  4.37815e-055  6.22025e-033  
2.77955e-028  1.79776  0.984682  
1.56965  1.56965  4.53903e-056  
4.29692  1.66735e-059  5.98351e-029  
4.18334e-031  3.04765e-049  5.75114  
7.12265e-031  3.05365e-051  7.41261  
8.64466e-036  6.68856e-042  5.06009  
2.45675e-057  3.85599  5.42052e-020  
1.86158e-009  5.98877  2.96139e-048  
1.32746e-035  1.10542e-049  6.6801  
0.363005  1.2795  0.0132396  
0.531751  2.10858  4.66278e-020  
0.629062  4.13915  2.27439e-053  
5.13703  2.4857e-066  4.01682e-033  
0.133087  1.04167e-058  1.94445  
1.04237  2.80468  1.09627e-059  
3.35606e-078  7.50917e-012  6.88969  
3.15359  0.0739425  2.54563e-059  
1.52173e-034  3.57385  0.0678163  
1.38716  0.0125256  0.137989  
3.1153e-029  0.0629079  2.34248  
4.80954e-074  4.32078e-011  4.66581  
5.44025e-076  2.96046  0.576569  
3.49574e-011  8.70026e-033  3.3156  
1.64267e-082  0.15745  3.57247  
0.0693053  1.17242e-055  2.08314  
7.94394e-006  0.123129  1.63133  
0.0160928  7.60564e-030  3.00835  
2.00135  0.281187  1.77251e-052  
0.702056  1.15358  0.0246473  
3.49572  7.14643e-030  7.15267e-030  
3.99009e-009  3.14601  1.04547e-037  
2.73774  2.16923e-030  0.80807  
1.08273e-080  3.30933  0.603352  
1.85097  0.387973  2.44565e-052  
1.95691e-037  8.58427e-007  3.97175  
0.787046  2.46566  1.35484e-053  
1.66086e-069  2.30587  0.324613  
0.00902487  1.9247e-005  2.44967  
0.0138318  2.10517e-055  3.18409  
0.90537  0.666245  5.54868e-007  
5.10184  4.34174e-061  1.55719e-030  
7.28494e-009  0.771747  0.506027  
9.67676e-009  1.19988e-045  5.52078  
1.61883  5.74703e-061  1.13825  
2.58006  0.00224778  1.23512e-056  
1.74037  0.0304994  0.0312628  
0.554286  0.42153  0.42153  
2.2053  0.00485603  0.000834245  
0.240168  0.122158  0.696081  
1.82194e-028  1.60082e-050  7.16039  
6.44901e-006  3.02989e-055  7.12419  
2.22364e-005  2.77684e-051  4.56461  
2.40403  0.116965  7.37307e-053  
9.49858e-014  3.45962  2.2239e-031  
9.49427e-012  2.69213  7.57338e-035  
1.28139e-075  3.06778e-011  5.31947  
1.24919e-037  1.96541e-045  5.25909  
0.0996538  0.999479  0.0763729  
0.00730505  2.12806e-005  2.65251  
2.96506  1.6177e-006  3.28767e-032  
1.08732  1.08732  3.40544e-025  
0.398628  7.44689e-018  0.610418  
1.2513  0.539747  3.40239e-052  
2.80639  0.0706957  7.56788e-059  
2.35495e-067  4.32104  0.000136715  
1.19956  5.32102e-050  0.899781  
1.4565e-029  3.05213e-048  5.62354  
0.000398669  2.54028  8.32997e-021  
7.15597e-013  4.43662  3.08113e-034  
2.06466  0.336876  3.60622e-058  
0.102296  0.496456  0.239484  
0.000251747  0.180493  1.4917  
9.21401e-064  4.20041  0.0607494  
3.11974e-028  0.54848  0.818169  
2.47912e-029  0.71209  1.12064  
8.2484e-014  0.89223  0.678926  
2.8966e-070  5.75864e-007  4.19943  
1.20326e-013  2.13749  0.397762  
1.29681e-031  0.482637  2.70509  
0.099055  0.902429  0.388972  
1.18724  2.70152e-044  1.25301  
0.2927  0.081799  0.550065  
0.000961618  0.030159  1.43898  
0.00664093  1.01044e-061  4.39  
6.00236e-081  4.54818  0.00264468  
6.03087e-083  0.707586  1.29479  
2.43773  0.0220039  1.74936e-051  
1.167e-009  1.70759e-041  4.3633  
