1.01199  1.43544e-070  
1.44287e-158  2.24075  
1.38178e-152  1.74609  
6.0304e-150  1.19218  
1.84032e-154  1.90097  
8.83605e-148  1.14374  
0.332673  0.295197  
0.336466  0.140675  
0.334009  0.221097  
0.616963  0.00973363  
1.55485e-144  1.06049  
0.33587  0.203702  
0.31089  0.546202  
0.000127118  1.00264  
0.240754  0.824589  
0.330186  0.335715  
0.328748  0.364363  
0.315607  0.507152  
0.669424  0.00969829  
0.326633  0.399857  
0.163944  0.950268  
0.74601  0.00908494  
0.784781  0.00874881  
0.0462108  1.0003  
0.0681115  0.992765  
0.252339  0.796607  
0.576126  0.01015  
0.320926  0.458081  
0.318529  0.489146  
0.103785  0.987085  
0.17856  0.933685  
0.837736  0.00807357  
0.216298  0.880005  
2.47487e-149  1.17958  
0.4924  0.0123352  
0.29152  0.667079  
0.27058  0.750379  
0.868056  0.00722607  
0.23332  0.853582  
0.338168  0.102978  
0.521088  0.0111736  
0.285469  0.687041  
0.310554  0.579543  
0.189262  0.921612  
0.230233  0.859699  
0.722797  0.00941873  
0.145192  0.961522  
0.322978  0.421887  
0.974262  0.00183742  
4.412e-140  1.03061  
0.682467  0.00943808  
0.27458  0.733894  
0.20424  0.915482  
0.277133  0.716098  
0.435677  0.0159148  
0.322069  0.437649  
0.368969  0.032867  
0.28231  0.70233  
0.126433  0.974243  
0.109345  0.980009  
0.955754  0.00287549  
0.560946  0.0102923  
0.263315  0.769002  
0.306723  0.603391  
0.297119  0.639605  
0.941892  0.00454887  
0.80595  0.00862223  
0.293049  0.647928  
0.358226  0.0440058  
0.817537  0.00839327  
0.418457  0.0176804  
0.996207  0.00126454  
0.454251  0.0144901  
0.206388  0.898949  
0.257863  0.784943  
0.474612  0.0127678  
0.0516146  0.993849  
0.2136  0.894681  
0.301407  0.62194  
0.341747  0.083356  
9.09605e-141  1.04449  
0.307314  0.586798  
0.916297  0.00513867  
0.387447  0.0249137  
0.923537  0.00475268  
0.541736  0.0107617  
0.897944  0.00592961  
0.402081  0.0234972  
0.882909  0.00711576  
0.30313  0.61698  
0.345095  0.0752168  
0.724856  0.00927388  
0.340498  0.0992156  
0.346637  0.0643931  
0.409206  0.0209851  
0.357126  0.0534958  
0.464102  0.0136311  
0.263301  0.777965  
0.351472  0.0593723  
0.53542  0.0108232  
