0.00584616  -3.34811e-015  32.395  
32.9931  -3.20016e-019  0.00309635  
1.81344e-008  0.244379  16.6263  
1.32004e-005  9.63926  9.62651e-010  
7.98153  1.56567  9.23988e-014  
6.55155  -2.80933e-015  27.1819  
0.000824052  2.85669  10.3591  
1.35095  -2.61267e-015  25.2792  
0.962645  -2.9597e-015  28.6369  
0.0503642  -3.20228e-015  30.9839  
18.9212  -4.12937e-016  3.99541  
10.1421  -2.37681e-015  22.9971  
0.351747  -2.85135e-015  27.5885  
15.4398  -1.00232e-015  9.69804  
0.000471671  -3.10228e-015  30.0164  
30.3563  -2.68789e-016  2.60069  
3.26526  5.0993  5.16991e-010  
4.22131  -2.70407e-015  26.1635  
10.9344  -1.81173e-015  17.5295  
11.5937  -1.46129e-015  14.1389  
0.00377321  7.98451  1.71436  
13.8682  -1.5201e-015  14.7079  
12.8391  0.0473711  4.53219  
20.6692  -1.25827e-015  12.1745  
2.19426  -2.52461e-015  24.4272  
2.42844  5.60951  3.34723  
20.1135  -1.17218e-015  11.3415  
5.76525  4.1613  0.899736  
24.9562  -4.99689e-016  4.83479  
1.89098  -1.88403e-015  18.2291  
19.7507  -1.48186e-015  14.3379  
3.8255  0.616884  10.0735  
21.7685  -8.3354e-016  8.065  
28.8239  -2.24622e-016  2.17336  
14.4413  -9.50426e-016  9.19594  
14.8533  -1.29483e-015  12.5283  
17.4154  -6.7388e-016  6.52019  
21.5739  -8.69322e-016  8.41121  
12.3028  0.00243174  5.782  
0.00328571  8.83726  4.81611e-011  
0.00897801  -2.09373e-015  20.2581  
9.34601  -2.02188e-015  19.5629  
16.6946  -1.5593e-015  15.0872  
9.48815  -1.61226e-015  15.5996  
29.4283  -4.954e-016  4.79329  
6.20522  2.30436  0.281829  
3.18422  3.57969  2.89742  
10.9535  -1.34803e-015  13.043  
5.0464  4.29915  0.738334  
16.218  -7.62771e-016  7.38026  
3.92447  3.2492  2.38991  
9.93968  0.108565  10.071  
0.0450466  -3.02086e-015  29.2287  
4.34765  1.92438  6.97833  
18.0899  -9.88236e-016  9.56177  
7.51009  -2.44185e-015  23.6264  
8.46589  -1.13728e-015  11.0039  
0.772192  4.65541  3.76812  
13.3214  -1.35761e-015  13.1357  
21.2676  -1.23943e-015  11.9923  
29.8655  -1.6845e-016  1.62986  
0.204146  8.42899  4.59361e-011  
4.61573  4.69941  4.76448e-010  
22.713  -6.83077e-016  6.60918  
2.12199  5.96254  1.4277  
31.0566  -4.4848e-016  4.33931  
13.4849  -1.56835e-015  15.1747  
24.3105  -2.45741e-016  2.37769  
0.0192881  -3.1846e-015  30.8129  
26.5594  -3.65642e-016  3.5378  
25.4789  -5.44696e-016  5.27026  
1.72534  -1.99189e-015  19.2727  
21.9842  -5.83952e-016  5.65009  
18.4272  -9.39108e-016  9.08644  
2.52242  6.85853  1.17788  
5.33864  0.447594  7.07606  
2.97774  6.49362  0.110662  
11.8588  -1.74266e-015  16.8613  
21.0994  0.812262  1.05633  
4.46667  -2.32149e-015  22.4618  
2.77679  7.40923  3.76427e-011  
27.118  -1.09837e-016  1.06274  
30.9907  -5.28316e-017  0.511177  
6.87252  -2.31105e-015  22.3608  
16.9503  -1.63183e-015  15.7889  
0.00450963  6.31239  6.04511  
15.9365  -1.56697e-015  15.1614  
7.24363  1.49625  0.182996  
4.01114  4.38841  0.670096  
31.4392  -4.90548e-017  0.474635  
0.654193  -1.90811e-015  18.4621  
9.28547  1.17527  1.17527  
6.21324  0.137851  9.3787  
17.643  -7.70374e-016  7.45382  
5.99513  0.419222  6.62753  
7.00635  -2.68257e-015  25.9554  
5.38354  2.14879  2.95014  
9.00068  -2.27796e-015  22.0406  
2.71899  7.35071  5.054e-008  
16.9502  -1.40523e-015  13.5965  
