0.00787388  -2.18131e-015  21.1055  
5.96629e-006  11.7386  1.41643e-017  
8.13372e-007  3.8655  14.6865  
23.1502  -1.12562e-016  1.08911  
1.05582  2.1307  0  
0.0952705  7.34813  6.75645e-020  
21.2265  -2.17156e-016  2.10111  
0.256906  4.69652  0.0325327  
18.1415  -1.8735e-016  1.81272  
19.9531  -3.16034e-016  3.05782  
22.5683  -1.8239e-017  0.176473  
0.283556  -1.99928e-015  19.3442  
4.87705  -1.83816e-015  17.7853  
0.349167  6.38512  3.42541e-020  
5.33495  -1.66022e-015  16.0636  
1.09878  -1.7813e-015  17.2352  
0.0278124  -2.11174e-015  20.4323  
20.1745  -3.46457e-016  3.35218  
17.2637  -2.70026e-016  2.61267  
14.2353  -3.18285e-016  3.0796  
0.573636  3.74537  0.0259441  
15.0039  -2.93556e-016  2.84033  
0.436529  2.64666  0.0757078  
10.8207  -4.88258e-016  4.72419  
16.4736  -2.668e-016  2.58145  
0.318966  -2.03963e-015  19.7347  
4.07568  -1.2373e-015  11.9716  
0.359368  6.57173  2.77945e-020  
9.35892  -4.21962e-016  4.08273  
9.68936  -7.63714e-016  7.38939  
0.866342  -1.6129e-015  15.6058  
7.57176  -6.99565e-016  6.76871  
17.8128  -2.99017e-016  2.89317  
1.73589  -1.17166e-015  11.3365  
12.2952  -7.30397e-016  7.06703  
1.75705  -1.82119e-015  17.6211  
8.30106  -1.62733e-016  1.57454  
7.00008  -1.15854e-015  11.2096  
2.03679  -1.29815e-015  12.5603  
4.42599  -1.41356e-015  13.6771  
6.00769  -1.27232e-015  12.3105  
13.1343  -3.73526e-016  3.61408  
8.18473  -8.51823e-016  8.2419  
0.137081  2.04392  0.245214  
11.2037  -5.74121e-016  5.55496  
12.4188  -6.10362e-016  5.90561  
0.91316  0.0323129  3.25133  
11.5885  -8.68613e-016  8.40435  
7.82221  -7.96337e-016  7.70504  
8.50779  -9.3307e-016  9.02801  
12.0559  -2.36123e-016  2.28463  
9.2247  -7.98392e-016  7.72492  
8.86003  -8.30636e-016  8.0369  
2.13534  -1.43406e-015  13.8754  
2.93477  -9.06923e-016  8.77503  
6.09174  -1.09583e-015  10.6028  
6.37081  -6.37449e-016  6.1677  
5.73663  -1.35742e-015  13.1338  
0.106586  0.965206  0.744442  
16.1922  -2.53464e-016  2.45242  
13.8073  -6.53268e-016  6.32076  
3.26424  -1.33764e-015  12.9425  
5.2328  -1.02407e-015  9.90846  
5.52666  0.318283  0.848755  
8.66855  -8.16203e-016  7.89725  
12.7234  -3.59276e-016  3.47621  
4.81669  -1.46776e-015  14.2015  
2.13165  0.0127803  1.28595  
0.308243  0.780154  0.989724  
0.0955132  2.63783  2.63783  
9.86907  -5.64325e-016  5.46018  
3.47201  -1.05801e-015  10.2368  
6.79116  -9.98336e-016  9.6595  
2.56951  -1.57997e-015  15.2872  
10.2559  -3.55671e-016  3.44133  
9.79047  -8.68949e-016  8.4076  
2.70339  -1.5043e-015  14.555  
0.286601  1.28111  0.301008  
7.26203  -5.88315e-016  5.6923  
7.37179  -6.59352e-016  6.37963  
3.6185  -5.626e-016  5.44349  
5.05482  -1.12228e-015  10.8588  
15.919  -3.1135e-016  3.0125  
15.3199  -3.00237e-016  2.90497  
4.22326  -9.48413e-016  9.17647  
11.3103  -2.75943e-016  2.66991  
13.7  -3.08135e-016  2.98139  
0.731263  0.536656  0.413911  
0.261891  1.68158  0.131165  
0.513524  1.53334  0.098467  
15.5134  -3.08824e-016  2.98806  
6.6614  -9.79267e-016  9.47499  
3.52516  1.13579  0.00786758  
10.6001  -2.07341e-016  2.00615  
3.14716  -9.63153e-016  9.31908  
5.64549  -1.38734e-015  13.4233  
3.82674  0.392409  0.599747  
3.85636  0.362428  0.365032  
13.3554  -2.61336e-016  2.52858  
0.501215  0.627028  0.483612  
