1.86966e-032  3.05339e-016  4.98656  
1.24579  0  0.318648  
1.54218  1.34404  0  
2.01312e-016  3.28767  2.22522e-048  
8.083  2.39844e-045  1.86519e-033  
2.49495e-031  1.79042e-016  2.92398  
2.08636e-031  2.86838e-016  4.68442  
1.17745e-016  6.26656e-018  1.92564  
6.89251  5.70123e-009  0  
6.15271  7.38195e-046  3.0311e-028  
3.50376  1.48077e-042  7.77942e-034  
2.90576  0  2.91235e-013  
2.55484  4.97351e-040  3.90185e-036  
1.96773  7.80431e-008  0  
5.57355  1.67092e-040  1.26495e-037  
3.89202  5.42048e-041  3.42795e-036  
0.000444558  2.46348  0  
5.85719  1.08826e-042  2.71187e-037  
5.11316  2.54965e-041  3.26155e-037  
4.3034  1.51861e-040  1.29635e-036  
7.4143  1.23553e-009  0  
7.8443  1.54892e-045  4.04904e-032  
1.29348e-016  2.11242  3.46591e-047  
4.68276  4.24958e-008  0  
3.77944e-007  3.10111  0  
7.19534  4.33376e-009  0  
4.14463  0  4.08324e-028  
0.000373561  2.7252  0  
1.74623e-016  2.85181  1.99335e-047  
1.76837  0.685276  1.20973e-037  
0.652517  1.55384  6.03022e-037  
1.0852  0.471601  0.149806  
2.03901e-027  9.52053e-017  1.55482  
1.19634  0.734709  0.0688653  
1.20751e-016  1.97202  0.265137  
1.35216  0.832319  1.6533e-033  
2.1686e-017  0.35416  1.35667  
5.18814e-028  1.06978e-016  1.74708  
0.138406  0.498516  0.863553  
4.22954e-005  1.79925  0.0683052  
7.91165  5.61105e-012  0  
1.65936  2.85457e-037  3.53673e-035  
0.016632  1.31119  0.00414724  
7.31392  3.64322e-046  1.69375e-028  
0.000198748  1.70054  0.0416822  
0.47419  0.972374  0.370991  
0.33163  0.333577  1.18466  
0.792896  1.06788  0.019609  
0.0110202  1.15572  0.505743  
5.00145  1.67464e-042  4.85316e-037  
1.42199  0.214641  5.3842e-014  
8.34371e-018  9.04389e-017  1.48325  
0.602305  0.360091  0.747297  
0.41787  1.02031  0.359116  
0.554623  0.670756  0.613989  
0.745603  1.47788  1.32871e-036  
0.692622  0.135572  0.917592  
0.530815  0.0875047  1.08719  
5.47529e-017  5.48023e-017  1.26514  
4.83511  1.09435e-040  5.66409e-037  
4.90949  1.22882e-041  1.47622e-036  
0.0135379  0.596232  0.827584  
1.00811  0.00178343  0.432608  
0.389091  0.297549  1.0372  
1.48803  0.00508347  9.78316e-034  
4.73988  1.8465e-008  0  
1.25424  0.123273  0.202227  
0.29046  0.400239  0.999927  
9.02646e-017  1.47413  0.330678  
1.47006  0.626896  2.35661e-015  
2.47988e-013  2.01495  9.92552e-029  
0.845794  0.771355  0.292793  
0.507658  0.883933  0.571117  
0.0913803  0.434134  1.0982  
0.314717  0.778378  0.588957  
0.89503  0.0995651  0.7005  
0.98194  0.265601  0.569932  
0.0575319  1.052  0.256248  
0.000241892  1.37371  7.88726e-032  
3.69445e-029  1.14804e-016  1.8749  
9.99854e-017  4.58414e-017  1.79633  
0.201828  0.702631  0.708206  
0.357853  0.32273  0.973827  
0.253261  0.93881  0.45936  
0.203758  0.380329  1.06547  
6.94558e-005  1.74045  0.148006  
0.952132  0.218889  0.666394  
0.945449  0.392203  0.527305  
0.030163  0.547643  0.951883  
0.371788  1.14097  6.79146e-006  
0.956216  0.448321  0.405468  
0.676779  0.894629  0.498849  
0.575191  0.920439  0.228323  
0.0785394  0.715186  0.736738  
0.829121  0.571993  0.456855  
0.00641734  0.556828  1.12535  
0.30136  0.450637  0.914756  
0.901376  0.581912  0.293811  
0.262462  0.924631  0.550136  
1.28264  0  4.5958e-013  
