1.82581  0.547893  
7.60277  0.131776  
3.36614  0.299638  
3.59176  0.282612  
3.93323  0.256788  
2.03908  0.494451  
3.83462  0.265617  
4.86678  0.208451  
4.02394  0.255943  
4.9702  0.202803  
5.66135  0.17701  
5.57769  0.179807  
6.78773  0.147523  
6.88124  0.145614  
5.97937  0.168575  
4.44295  0.225674  
2.38026  0.422021  
6.71906  0.149601  
2.64512  0.381068  
2.5639  0.394548  
2.77638  0.368155  
4.54197  0.223555  
6.06206  0.166001  
2.69809  0.374142  
6.63633  0.151421  
7.49915  0.133636  
7.0363  0.142269  
4.74446  0.21329  
3.6965  0.275043  
7.43784  0.134734  
4.27815  0.234654  
4.80398  0.208908  
2.11494  0.474928  
2.99248  0.337022  
3.05703  0.328822  
5.90314  0.170029  
5.73974  0.174762  
7.26421  0.138046  
2.20705  0.458175  
5.02916  0.202436  
4.33749  0.232303  
2.83345  0.362521  
3.63309  0.277063  
4.38643  0.229455  
3.22371  0.312376  
6.26515  0.159851  
5.17412  0.194827  
2.51095  0.399615  
4.21588  0.23876  
2.44442  0.417182  
7.37331  0.1359  
2.25147  0.447109  
6.11989  0.163961  
1.96818  0.510735  
3.17974  0.318813  
6.57842  0.1523  
4.58584  0.219574  
1.87532  0.533416  
7.10035  0.141095  
4.67974  0.218093  
6.33175  0.158657  
5.86188  0.170989  
6.43991  0.155483  
3.303  0.304218  
5.50068  0.183162  
2.94803  0.34308  
2.87771  0.356329  
6.48187  0.154361  
5.08126  0.197834  
7.57347  0.132218  
6.96657  0.144052  
5.2396  0.193895  
2.30872  0.43797  
4.09772  0.251539  
3.27983  0.306907  
5.81134  0.174097  
6.94961  0.144515  
2.47911  0.415876  
2.90969  0.346722  
4.14585  0.25071  
6.38875  0.156648  
5.3318  0.188189  
4.18084  0.242381  
3.76366  0.267668  
2.156  0.469801  
3.13772  0.324837  
6.224  0.16128  
5.29131  0.190514  
3.76246  0.274985  
7.13183  0.140446  
7.31558  0.136875  
5.77836  0.174635  
1.90225  0.526849  
6.16199  0.162847  
4.67985  0.216285  
1.93504  0.521777  
7.1986  0.139229  
2.2952  0.442405  
5.37017  0.18683  
5.39623  0.186707  
