1.82879  0.548696  
7.75817  0.129838  
5.33966  0.187811  
2.5798  0.395983  
5.1601  0.19793  
2.76438  0.373059  
3.8174  0.265115  
6.50725  0.154059  
2.24757  0.463865  
2.83018  0.356365  
2.09582  0.485486  
1.97735  0.509685  
6.38291  0.157475  
1.90158  0.526748  
5.49433  0.187389  
4.9091  0.2049  
5.05481  0.198667  
7.19272  0.139479  
5.72209  0.176475  
4.19692  0.239599  
2.49712  0.408251  
2.95674  0.34728  
5.83358  0.171671  
3.62738  0.279623  
4.81906  0.208921  
7.43072  0.135944  
3.19658  0.316119  
4.9904  0.203133  
3.92568  0.256916  
6.91892  0.146767  
2.27936  0.441872  
4.3268  0.234897  
3.38758  0.296704  
6.70616  0.149342  
6.80251  0.147277  
2.05661  0.489192  
4.53856  0.220718  
7.31454  0.137009  
2.36364  0.430062  
3.95833  0.255381  
6.08069  0.165793  
4.25605  0.236868  
6.60867  0.153353  
4.06124  0.255198  
3.70377  0.27774  
7.12566  0.140717  
7.52578  0.133221  
3.5467  0.283834  
7.29491  0.138395  
3.30339  0.315448  
5.98945  0.167403  
4.10245  0.249331  
7.0218  0.144027  
6.31976  0.158441  
2.43536  0.415589  
6.26605  0.160175  
7.06769  0.141555  
6.94953  0.144155  
3.31023  0.305849  
6.63716  0.151286  
3.01637  0.338093  
6.21343  0.161573  
4.47136  0.225644  
6.77762  0.14846  
4.60479  0.218569  
4.39913  0.230819  
7.46779  0.135487  
3.51049  0.288478  
6.16868  0.162299  
6.12276  0.164388  
7.66519  0.131193  
5.66783  0.177491  
3.06708  0.33074  
4.75667  0.210837  
2.39771  0.422698  
5.87852  0.170449  
5.91756  0.169606  
3.15381  0.318818  
5.63614  0.178798  
3.70019  0.278635  
7.59184  0.132816  
3.44659  0.295072  
7.60156  0.131768  
5.96123  0.168625  
7.68921  0.130887  
3.45927  0.293179  
3.11915  0.321954  
7.73547  0.130515  
2.97729  0.340619  
4.63413  0.218157  
5.54515  0.186721  
3.08973  0.324884  
4.66904  0.217227  
4.73913  0.215266  
5.59125  0.180243  
4.44492  0.226282  
5.58658  0.186057  
5.52326  0.186932  
4.41938  0.229401  
4.70093  0.215432  
