0.999991  0.000600272  
0.00338708  0.949029  
0.000101205  0.999374  
0.0454478  0.794219  
0.656613  0.191982  
0.755311  0.133453  
0.0139575  0.886588  
0.0590012  0.763902  
0.0566571  0.790763  
0.462864  0.324428  
0.162241  0.60175  
0.0127895  0.914513  
0.387049  0.381029  
0.839675  0.0866679  
0.730369  0.14602  
0.275981  0.477392  
0.371035  0.392671  
0.302048  0.456287  
0.00142155  0.993205  
0.423639  0.350079  
0.173287  0.585061  
0.556276  0.256055  
0.209255  0.544157  
0.239301  0.521402  
0.491865  0.309981  
0.0212734  0.860295  
0.0597968  0.758634  
0.679349  0.181089  
0.670119  0.18988  
0.0176375  0.876444  
0.809844  0.101961  
0.31786  0.439415  
0.308768  0.446308  
0.227658  0.530796  
0.516008  0.282141  
0.0411725  0.800663  
0.505012  0.290533  
0.221539  0.536091  
0.799122  0.109808  
0.134602  0.636366  
0.116368  0.667907  
0.824752  0.0970437  
0.544194  0.266951  
0.94286  0.0296908  
0.0052361  0.93237  
0.590326  0.255118  
0.0123109  0.917422  
0.368856  0.400823  
0.700253  0.166414  
0.790407  0.114086  
0.328571  0.43303  
0.185683  0.574854  
0.336679  0.420726  
0.291741  0.465885  
0.0107378  0.93027  
0.170596  0.596181  
0.265993  0.488065  
0.591749  0.239767  
0.0276637  0.842831  
0.78139  0.12074  
0.951838  0.0265078  
0.285609  0.467679  
0.764734  0.129124  
0.457105  0.333815  
0.923313  0.0510574  
0.72389  0.15088  
0.123846  0.651971  
0.775889  0.126944  
0.621242  0.215374  
0.026444  0.850447  
0.713626  0.159296  
0.141699  0.631865  
0.595465  0.229336  
0.095985  0.695096  
4.94085e-014  1.01252  
0.879106  0.0630593  
0.396023  0.375488  
0.974332  0.0166349  
0.0325773  0.828993  
0.0721363  0.732203  
0.356557  0.407535  
0.934273  0.0385816  
0.187274  0.571028  
0.260836  0.510018  
0.43317  0.344438  
0.244567  0.512252  
0.890735  0.0577624  
0.0568051  0.78085  
0.093367  0.710242  
5.60684e-014  1.05181  
0.999919  0.0272249  
0.537201  0.295612  
0.696907  0.217801  
0.75432  0.171379  
0.0257233  0.872505  
0.610175  0.269014  
0.0574165  0.786577  
0.383075  0.404288  
0.354976  0.444017  
0.209255  0.574218  
