0.485505  0.990623  
0.552243  0.768503  
0.842183  0.53076  
9.08232  1.99009e-009  
15.8768  1.04244e-014  
17.8144  1.32841e-015  
11.0328  1.74861e-009  
1.00342  0.212626  
1.00002  0.380692  
1.02931  0.20172  
1.00252  0.268512  
0  1.36788  
1.00002  0.360854  
1.04576  0.000540082  
0.197597  1.00271  
0.18781  1.0924  
0.991699  0.748978  
0.253546  1.08708  
1.08196  0.182015  
0.974287  0.788917  
0.99601  0.713535  
1.00067  0.361087  
0  1.36981  
1.00002  0.45778  
1.09873  0.0834618  
0.807533  0.888414  
1.02266  0.218662  
0.248824  1.12297  
0.900163  0.80437  
15.1323  1.9887e-009  
9.86747  2.36787e-009  
17.021  5.56249e-010  
0.99435  0.747465  
0.996833  0.707467  
0.929867  0.804018  
0.858316  0.829511  
23.7474  1.77083e-015  
0.765509  0.988109  
0.789985  0.982933  
0.821284  0.853569  
0.755272  0.991189  
0.956273  0.798659  
0.99982  0.605695  
0.812653  0.869061  
0.838652  0.83989  
0.735733  0.99444  
0.997554  0.698767  
0.983918  0.780751  
0.983643  0.781691  
0.719416  0.995412  
0.90336  0.80422  
0.604939  1.07738  
0.79417  0.98156  
0.952357  0.800043  
0.803396  0.923259  
0.801006  0.956486  
0.889666  0.80649  
0.782368  0.984319  
1.13828  0.000587861  
0.617606  1.06  
0.617809  1.00201  
22.1457  7.23723e-010  
0  1.37213  
17.8477  2.34556e-009  
0.255849  1.15442  
0.463326  1.14788  
1.08395  0.215502  
1.00036  0.668829  
1.00195  0.364882  
0.59952  1.11318  
1.03811  0.252753  
0.823171  0.854231  
0.953196  0.800748  
1.00414  0.362341  
0.999853  0.700377  
0.995856  0.751825  
0.802652  0.969273  
0.986907  0.782891  
0.80353  0.927473  
0.757182  0.997621  
0.974489  26.1604  
0  28.7692  
20.503  0.793663  
1.18419  0.972392  
42.7554  1.39725e-009  
34.0572  0.00280109  
37.0458  0.00022344  
35.1051  0.139284  
42.8985  1.40193e-009  
35.8879  0.00515603  
2.63925  1.82379  
0  30.7553  
2.31489  25.8329  
20.5924  0.797122  
35.8722  0.00752675  
43.2051  1.41195e-009  
0  30.7982  
8.23723  1.87421  
3.62699  16.9634  
36.5634  1.20053  
