9.40079  0.106398  
2.15008  0.465126  
3.71335  0.269612  
3.34272  0.314948  
2.2833  0.438348  
7.53741  0.132839  
7.40175  0.135224  
3.1974  0.319111  
8.60843  0.116181  
6.84901  0.1461  
7.31509  0.136769  
5.39647  0.187319  
8.16058  0.122569  
9.09072  0.110069  
6.6435  0.150644  
6.37071  0.157397  
8.44726  0.118426  
4.72789  0.215339  
5.53916  0.182684  
8.29736  0.120778  
3.90746  0.264454  
7.21691  0.138662  
2.6129  0.383159  
8.52825  0.11729  
2.7419  0.372135  
8.96525  0.11168  
3.10491  0.327604  
7.63715  0.131065  
7.1532  0.139856  
4.3391  0.231836  
6.53749  0.153364  
5.05506  0.2011  
8.72467  0.11463  
4.1245  0.243595  
3.29431  0.315878  
5.45922  0.184064  
4.63963  0.217452  
7.76305  0.128889  
5.62185  0.178663  
5.73663  0.175239  
2.93603  0.34407  
7.0659  0.141636  
3.80531  0.26611  
4.58534  0.219709  
6.74491  0.14843  
4.50786  0.222861  
5.81285  0.173852  
6.3053  0.158928  
4.8574  0.206729  
7.68982  0.13011  
4.2858  0.236009  
5.27844  0.190068  
6.47191  0.154637  
6.92991  0.144697  
3.02155  0.335536  
4.03972  0.249263  
4.43108  0.227999  
8.36156  0.119759  
9.251  0.108107  
6.09613  0.164466  
8.04691  0.124593  
7.8323  0.127763  
5.67503  0.176739  
7.94361  0.125919  
4.96252  0.203233  
8.11653  0.123341  
9.37888  0.106631  
5.99618  0.168449  
3.96031  0.25547  
7.88079  0.126935  
5.92549  0.169445  
6.24299  0.16046  
2.80223  0.360294  
4.94211  0.204119  
4.21811  0.23802  
9.14672  0.109336  
9.28463  0.107714  
8.88536  0.112557  
6.03728  0.166516  
8.82698  0.113305  
4.18387  0.241914  
3.77276  0.268278  
4.80162  0.211173  
7.01702  0.14278  
3.04842  0.33087  
2.54638  0.393043  
6.97276  0.143474  
4.00987  0.25295  
2.35009  0.425546  
2.85927  0.356148  
4.45849  0.227592  
5.19805  0.194461  
8.93068  0.112005  
5.25495  0.192615  
5.11131  0.199689  
2.5922  0.386175  
5.86717  0.173543  
6.15466  0.162703  
6.71328  0.14974  
5.17542  0.194817  
