1.82879  0.548696  
8.01198  0.127466  
5.1601  0.19793  
5.98945  0.167403  
5.49433  0.187389  
3.30826  0.303873  
5.72209  0.176475  
2.5798  0.395983  
1.97735  0.509685  
2.43536  0.415589  
4.9904  0.203133  
4.81906  0.208921  
6.50725  0.154059  
2.24757  0.463865  
2.09582  0.485486  
7.0218  0.144027  
4.25605  0.236868  
3.18609  0.31473  
6.60867  0.153353  
4.04625  0.252641  
6.38291  0.157475  
3.95833  0.255381  
6.12276  0.164388  
2.36364  0.430062  
7.12566  0.140717  
5.05481  0.198667  
3.40124  0.296917  
6.70616  0.149342  
7.60156  0.131768  
3.34634  0.302813  
6.26605  0.160175  
2.27936  0.441872  
4.40176  0.227984  
6.16868  0.162299  
6.80251  0.147277  
2.05661  0.489192  
2.68789  0.377862  
3.8696  0.261231  
7.52578  0.133221  
3.60828  0.286759  
2.75315  0.369722  
6.31976  0.158441  
4.19692  0.239599  
3.35232  0.29955  
5.58658  0.186057  
6.77762  0.14846  
4.60479  0.218569  
7.46779  0.135487  
3.28794  0.305014  
2.92307  0.344208  
2.82839  0.359988  
3.79731  0.271895  
5.66783  0.177491  
4.75667  0.210837  
2.9904  0.340456  
7.59184  0.132816  
4.70093  0.215432  
3.02648  0.331895  
4.63413  0.218157  
2.83897  0.353729  
5.54515  0.186721  
2.71753  0.371613  
3.10122  0.324259  
4.73913  0.215266  
2.89591  0.353424  
3.23243  0.31244  
3.06667  0.328837  
3.38452  0.297893  
3.45927  0.293179  
5.52326  0.186932  
3.8174  0.265115  
3.26479  0.307727  
3.19585  0.314112  
3.70377  0.27774  
3.07906  0.328305  
3.05526  0.33188  
2.69597  0.375947  
2.90185  0.346817  
3.40499  0.296197  
3.14112  0.319786  
3.00346  0.334696  
3.16463  0.318231  
3.24002  0.310556  
3.18594  0.315677  
3.00302  0.338905  
3.58153  0.289114  
9.46482  0.144803  
2.8913  0.374593  
7.2316  0.1869  
6.10185  0.190901  
5.58235  0.202286  
4.72984  0.234432  
3.96813  0.268312  
4.67014  0.240265  
3.08341  0.333641  
3.68149  0.28786  
3.4809  0.294333  
3.81909  0.271854  
2.99355  0.356262  
3.23382  0.313643  
