1.01546  2.60659e-006  
1.4217e-114  1.34115  
0.323762  0.424453  
3.85961e-111  1.02262  
0.865316  0.00760665  
0.336934  0.157892  
1.01634  7.43498e-048  
0.333412  0.225412  
0.820507  0.00807983  
2.36325e-112  1.04939  
0.309963  0.540687  
0.32019  0.467098  
0.0284696  1.00236  
0.305427  0.58055  
0.349645  0.0623269  
2.32034e-114  1.20147  
0.709924  0.00930409  
0.262299  0.766099  
0.269891  0.739114  
0.636887  0.00958319  
0.300442  0.605557  
0.749799  0.00912044  
0.290444  0.660705  
0.193527  0.912129  
0.178221  0.928143  
7.53959e-104  1.01561  
0.299189  0.626291  
0.559198  0.0102464  
0.276362  0.718212  
0.96747  0.00220451  
0.49528  0.01175  
0.0503246  0.996093  
0.994903  0.000552777  
0.28096  0.711544  
0.200347  0.901006  
0.376951  0.0318731  
1.3438e-103  1.01278  
1.27327e-005  1.00338  
0.597389  0.00986641  
1.0084  0.000131913  
0.212918  0.888071  
0.21185  0.897973  
0.109677  0.986593  
0.0703362  0.993349  
0.240739  0.846197  
0.113779  0.981747  
0.093165  0.988685  
0.24963  0.823232  
0.000139347  1.00318  
3.91144e-114  1.16913  
2.36108e-111  1.03718  
1.01075  6.37761e-006  
6.06427e-005  1.00322  
4.90495e-006  1.00472  
1.62167e-006  1.00656  
0.0166968  1.00317  
3.60846e-008  1.01065  
5.13372e-113  1.11472  
3.68413e-112  1.03923  
3.12332e-113  1.21628  
2.15742e-113  1.22312  
0.0553053  1.00255  
6.08897e-112  1.04027  
4.45721e-112  1.06044  
4.91522e-006  1.00683  
1.01447  6.92485e-006  
1.01429  7.8967e-005  
9.12947e-005  1.00433  
1.24927e-112  1.20897  
1.01644  4.1764e-011  
1.01621  4.91198e-006  
1.24359e-007  1.01268  
2.70483e-007  1.01068  
0.0285138  1.00392  
1.00903  0.000388021  
3.86175e-111  1.02318  
0.0387351  1.00282  
0.300834  0.930654  
0.163329  0.994829  
0.292053  0.940806  
3.0087e-114  1.24415  
0.15351  0.99647  
2.53776e-102  1.01371  
0.290929  0.946503  
1.01915  1.53848e-027  
0.305456  0.708095  
0.717641  0.0434489  
0.335266  0.289033  
0.445885  0.200134  
0.217428  0.949609  
0.138746  0.999036  
0.170598  0.983023  
0.126451  0.99917  
0.09677  1.00025  
0.0733627  1.00204  
0.00566922  1.00398  
0.295825  0.93605  
0.116053  0.999265  
3.14861e-114  1.35719  
1.01667  4.17736e-011  
