1.8664e-009  3.60195e-044  3.23912  
1.31748e-010  8.0656  3.09479e-041  
0.628778  2.59364  9.18764e-054  
7.31481  1.80198e-007  8.34365e-048  
4.05348e-033  6.61983e-017  1.0811  
1.65686  2.96353e-041  2.33529  
2.03552  5.50714e-042  1.60323  
6.48442  8.36956e-008  1.91117e-046  
6.02769e-011  7.5197  2.27582e-010  
2.28482  1.15956e-038  0.0186398  
6.13917  5.33146e-009  2.05244e-042  
2.78674  4.78434e-041  0.373702  
3.92082e-009  6.59432  5.11039e-044  
1.98654  8.30643e-042  1.56489  
3.42226e-007  5.5425  4.29526e-044  
1.17185  0.0779729  2.48849e-053  
5.61691  1.63486e-008  3.39075e-042  
9.96468e-011  6.06869  2.53388e-038  
0.174058  5.22803  1.39947e-046  
6.7182e-011  7.00417  8.02755e-039  
2.54889e-012  6.14754  2.84151e-009  
4.0507e-017  5.87107e-017  1.16488  
2.9953e-016  4.8917  4.04798e-008  
6.59747e-013  7.87551  1.82596e-010  
3.63291  2.17312e-008  2.01014e-044  
2.7933e-016  4.56181  0.000662788  
1.76763  6.91911e-008  0.464744  
4.05567  1.08441e-038  0.0217575  
4.8792  1.89071  1.04849e-053  
4.25082  4.84532e-013  3.97194e-041  
4.43627  4.12631e-042  0.186632  
5.23408  5.34647e-039  0.00275551  
3.32154  1.15206e-038  0.0969512  
0.516112  3.0972  1.73151e-051  
6.36879  8.62222e-008  1.50676e-047  
7.75784e-013  6.82019  1.41809e-009  
3.67655e-008  4.76205  2.19766e-010  
3.06164  2.52245e-008  1.81473e-045  
1.11887  0.93399  0.341418  
0.1394  5.44666  1.60523e-053  
5.52211  2.10016e-042  0.232312  
1.1258e-013  3.51421  2.48541e-008  
2.74488e-007  2.24434  3.70831e-005  
0.749547  0.824641  0.600894  
1.02407  0.41523  0.750239  
0.127166  2.32617  8.23817e-009  
0.769439  0.633609  0.751016  
0.567481  0.852568  0.711058  
0.00263316  3.25445  1.41253e-044  
2.42255e-006  2.02845  3.35159e-005  
0.939329  1.08842  0.250402  
3.31327  5.30635e-035  0.00359071  
2.0612e-016  3.36619  0.00225321  
7.23883e-013  2.61586  0.974743  
5.02365  8.80047e-008  1.61925e-047  
0.212983  1.33984  0.130066  
0.00158256  3.85945  9.64636e-045  
0.00503689  4.04031  3.16143e-046  
0.00318486  4.34168  5.59233e-046  
2.8969  5.47469e-041  0.152355  
0.830581  0.29045  0.802868  
0.368296  1.27525  1.09657e-005  
0.144337  1.0019  0.519686  
0.486547  0.375776  0.93477  
0.0459139  1.50638  0.65384  
2.3906e-009  4.31544  1.00166e-009  
0.534935  0.192938  0.8618  
0.716075  0.543294  0.785452  
0.887206  1.12265  0.260705  
4.61223  1.58542e-013  2.1875e-041  
3.74773  1.47369e-034  0.00211713  
4.74922  2.85722e-035  8.45487e-005  
0.00285052  3.66435  2.53145e-045  
0.00224435  4.11222  1.49147e-045  
0.00410157  2.95216  2.46537e-045  
0.123777  1.8661  0.1793  
3.88469  1.15667e-035  0.00361381  
0.0622308  1.43022  0.197742  
0.00769235  2.52118  2.42087e-045  
0.242673  0.30093  0.999842  
0.422569  1.46317  3.19309e-047  
3.85557  1.02356e-041  0.674045  
7.84958e-014  7.98436  1.12103e-009  
1.05224  0.622203  0.6208  
0.277287  0.516172  0.87864  
0.299712  1.14297  0.0813593  
0.138897  1.66469  0.0539957  
1.70673e-016  2.78731  0.0131883  
0.909719  0.125064  0.868627  
2.98456  1.1736e-034  0.00476582  
0.0942898  2.79262  1.32045e-045  
0.823869  1.97739  2.01299e-047  
0.230587  0.569038  0.898101  
1.16267  0.354129  0.630341  
0.00478687  2.89338  2.69667e-045  
0.185406  1.1761  0.408463  
0.801248  1.22356  0.020167  
2.01925e-011  1.75523  0.230224  
6.89291e-010  6.93842  2.66228e-041  
0.0013055  1.74625  0.855442  
