0.0329772  1.00246  
0.298357  0.636922  
0.331596  0.318515  
1.04148  6.36501e-009  
0.330237  0.359549  
0.264283  0.771934  
0.435129  0.0163955  
0.405382  0.022739  
0  1.04934  
0.325069  0.436881  
0.286602  0.697012  
0.346907  0.0811447  
0.627546  0.0100184  
1.2104e-048  1.02617  
0.958246  0.00262281  
0.000398601  1.00422  
0.930208  0.00462677  
0.161746  0.95834  
0.855003  0.00789059  
0.139344  0.978265  
0.317413  0.615893  
0.273497  0.737654  
2.62637e-045  1.01484  
0.185174  0.927428  
0.000224063  1.00751  
0.0953284  0.989876  
0.326552  0.424141  
6.81681e-005  1.00924  
0.247661  0.844665  
0.146143  0.960831  
0.393705  0.0251026  
0.252486  0.814561  
2.24839e-047  1.02049  
0.322123  0.483442  
0.00284814  1.00346  
7.86994e-047  1.01989  
1.00129  0.00118546  
0.49735  0.0119583  
0.0969092  0.982606  
0.347847  0.0694317  
0.143324  0.96648  
0.0786726  0.999615  
0.205922  0.911883  
1.14601  7.92656e-018  
0.991438  0.00143483  
0.0176808  1.00264  
7.96288e-045  1.01203  
9.91777e-049  1.03785  
1.02657  3.9156e-006  
9.03242e-050  1.04346  
0.344356  0.217812  
1.13406  9.31668e-010  
9.91578e-049  1.04009  
0.0336331  1.00156  
8.58701e-050  1.04808  
0  1.05158  
1.04327  3.02803e-008  
0.332765  0.50234  
0.426833  0.214386  
0.315645  0.640757  
0.584032  0.171713  
0.817901  0.167077  
0.975658  0.0155183  
0.263441  0.917964  
0.481177  0.196542  
0.315432  0.789518  
0.945832  0.130221  
0.301214  0.826007  
0.912022  0.143601  
0.720245  0.167656  
0.677345  0.167912  
0.150735  0.996223  
1.03018  0.00572935  
0.206039  0.99522  
0.250076  0.974931  
0.112738  0.999468  
0.0786783  0.999688  
0.0435587  1.00316  
0.0112301  1.00409  
0.219465  0.985697  
0.2285  0.980376  
0.246434  0.979874  
0.0603071  1.00204  
0.057966  1.00294  
2.12868e-048  1.03539  
1.84003e-048  1.04217  
0.00206138  1.00447  
3.8977e-048  1.02852  
1.77611e-049  1.04849  
0.000545589  1.00548  
7.03304e-005  1.01261  
0.000241137  1.00916  
2.26366e-047  1.02551  
8.00465e-045  1.01734  
2.31358e-045  1.02008  
3.81347e-047  1.02336  
1.375e-046  1.02179  
7.03187e-045  1.01762  
7.37426e-005  1.01117  
0.000132675  1.01042  
