2.20083  0.454423  
9.09717  0.109925  
3.31203  0.310099  
3.51921  0.291676  
3.65675  0.277067  
2.73065  0.370871  
8.56847  0.116907  
2.89022  0.352871  
8.7108  0.114808  
3.81689  0.263515  
7.17899  0.139455  
5.05247  0.199231  
4.84876  0.208369  
7.30918  0.136882  
4.10729  0.244041  
5.5194  0.181441  
3.89959  0.258252  
6.17245  0.162097  
6.82308  0.146695  
8.422  0.120154  
9.00056  0.111105  
4.9732  0.20214  
6.37233  0.156991  
5.31124  0.189132  
5.73941  0.174677  
3.99798  0.251467  
2.94848  0.341965  
5.15813  0.195614  
4.72571  0.212357  
6.27523  0.15948  
6.8952  0.145166  
4.23525  0.238516  
4.20119  0.238768  
2.27531  0.439502  
8.07092  0.124  
5.19509  0.193974  
4.91055  0.206412  
5.82322  0.171892  
6.74327  0.148537  
5.33188  0.188144  
5.43238  0.184483  
3.24002  0.310556  
2.50996  0.399221  
6.01905  0.166212  
3.14984  0.328668  
3.60681  0.280587  
7.79994  0.128247  
3.04315  0.33595  
4.03273  0.250767  
7.9957  0.12513  
6.44727  0.155792  
4.33524  0.237221  
5.6227  0.178548  
8.3158  0.120281  
7.11416  0.140602  
2.46008  0.406515  
4.40176  0.227984  
3.20166  0.322374  
6.95648  0.143847  
4.58222  0.220153  
8.50059  0.117648  
6.30538  0.158647  
6.99715  0.143023  
4.62764  0.217009  
3.54766  0.28562  
9.09158  0.109997  
7.44496  0.134407  
3.09388  0.332906  
5.95089  0.168451  
4.44344  0.225779  
7.49442  0.133484  
4.5319  0.222655  
7.59234  0.131716  
4.49175  0.223246  
2.56609  0.3905  
6.06736  0.165788  
8.94017  0.111914  
5.45268  0.18425  
7.72458  0.12947  
3.84397  0.262153  
2.63577  0.379718  
8.14897  0.122735  
6.48428  0.154255  
6.69947  0.14962  
8.7686  0.114181  
8.2575  0.121499  
8.21213  0.121945  
7.93405  0.126329  
8.46972  0.119302  
6.53198  0.153262  
2.31274  0.433352  
2.58812  0.386582  
2.41563  0.414083  
5.68567  0.176757  
8.12556  0.123077  
5.92504  0.168883  
6.63271  0.150824  
7.05397  0.141889  
4.34371  0.234735  
7.39879  0.135281  
