0.0398176  0.803645  
0.00344213  0.950344  
0.0546884  0.789989  
0.167141  0.600493  
0.17468  0.589114  
0.311146  0.469299  
1.63758e-009  1.00565  
0.793163  0.122975  
0.408788  0.370302  
0.210023  0.553456  
0.117539  0.671697  
0.152031  0.619499  
0.0571837  0.763426  
0.0553282  0.773746  
0.872554  0.0707169  
0.0677374  0.761973  
0.524622  0.284137  
0.0413088  0.79922  
0.616226  0.224487  
0.0904733  0.709378  
0.209573  0.560812  
0.99443  0.0107119  
0.291621  0.484631  
0.355164  0.405752  
0.074733  0.75046  
0.000615181  0.976299  
0.012012  0.89051  
0.655317  0.198096  
0.00463969  0.946091  
0.467525  0.361897  
0.338665  0.427528  
0.72356  0.156456  
0.157686  0.609858  
0.136353  0.636842  
0.0840182  0.734265  
0.0430242  0.799139  
0.0351629  0.825321  
0.0065665  0.920166  
0.26205  0.528333  
0.024422  0.845024  
0.0848096  0.717034  
0.225853  0.538576  
0.00784354  0.912177  
0.249217  0.529191  
0.190959  0.575577  
0.00112154  0.968656  
0.00128293  0.964197  
0.205363  0.565678  
0.000902796  0.973439  
0.0405704  0.801346  
0.0193934  0.862494  
0.00200689  0.962246  
0.0384212  0.824962  
0.000307416  0.986723  
0.29962  0.473901  
0.00084647  0.97423  
0.485927  0.341675  
0.00285305  0.95308  
0.00153974  0.962539  
0.00954838  0.90254  
0.0109749  0.896832  
0.319276  0.451178  
0.0147507  0.880918  
0.000727191  0.974722  
0.249178  0.531652  
0.00200765  0.95578  
0.190645  0.585208  
0.00546646  0.931184  
0.00244236  0.954638  
0.128796  0.642449  
0.151058  0.633879  
0.101358  0.700515  
0.0305508  0.82572  
0.167181  0.594791  
0.951627  0.0595791  
0.509724  0.309085  
0.609988  0.260676  
0.281738  0.516644  
0.302419  0.469738  
0.277771  0.526785  
0.0820041  0.747374  
0.283474  0.494797  
0.316909  0.45467  
3.68929e-007  2.54639  
0.94944  0.125065  
2.43087e-006  1.19178  
0.821115  0.146415  
5.59766e-006  1.00654  
0.508982  0.357374  
0.580281  0.287302  
0.767974  0.206236  
0.343469  0.429613  
0.287918  0.50423  
0.117686  0.686051  
0.715687  0.234203  
0.62578  0.273428  
0.685535  0.259136  
0.0217462  0.887201  
0.423109  0.389896  
0.433968  0.373764  
