0.0288739  -3.25025e-015  31.4482  
0.0207557  8.42669  0.546452  
32.0485  -1.51462e-017  0.146548  
0.0195879  6.95612  0.77539  
0.979865  0.220304  1.59341e-008  
0.0216228  1.57449  0.0302814  
0.0713311  -2.93597e-015  28.4073  
0.0706595  -2.84426e-015  27.5199  
30.5044  -9.83473e-017  0.951569  
0.74253  -2.57681e-015  24.9322  
28.7718  -3.01054e-016  2.91288  
22.8796  -3.72263e-016  3.60186  
28.0226  -4.95882e-016  4.79796  
7.17775  -2.4604e-015  23.8058  
21.6389  -4.11912e-016  3.9855  
25.3681  -4.20466e-016  4.06826  
26.7091  -4.42692e-016  4.28331  
24.2235  -3.97543e-016  3.84647  
26.5478  -2.52091e-016  2.43913  
1.3204  -2.22371e-015  21.5157  
2.37098  -2.39618e-015  23.1845  
0.326918  -2.54731e-015  24.6467  
17.1668  -3.72219e-016  3.60145  
3.42023  -2.30289e-015  22.2819  
1.92028  -2.14604e-015  20.7643  
24.8996  -2.67379e-016  2.58706  
8.35742  -9.56734e-016  9.25697  
9.58602  -8.92427e-016  8.63477  
1.4096  -1.7339e-016  1.67765  
5.22137  -2.33791e-015  22.6207  
4.03815  -1.66099e-015  16.0711  
4.57065  -1.48946e-015  14.4114  
4.76257  -1.75406e-015  16.9716  
18.6669  -3.94545e-016  3.81746  
3.03748  -2.04916e-015  19.8269  
1.15495  -2.11527e-015  20.4665  
10.6679  -1.03468e-015  10.0111  
17.9163  -4.04301e-016  3.91185  
24.5442  -3.42328e-016  3.31223  
5.89112  -1.78893e-015  17.309  
21.1734  -3.5241e-016  3.40978  
0.185863  1.04528  0.196148  
12.5072  -1.19024e-015  11.5163  
17.7455  -4.22913e-016  4.09194  
14.5259  -6.14162e-016  5.94238  
4.99619  -1.40463e-016  1.35906  
11.4119  -6.96266e-016  6.73679  
5.67364  -1.84097e-015  17.8125  
6.47697  -8.13272e-016  7.86889  
0.390851  0.975711  0.995455  
6.9355  -1.37835e-015  13.3363  
7.92798  -1.53556e-015  14.8575  
12.0273  -1.21333e-015  11.7397  
14.4178  -9.20387e-016  8.90529  
1.79044  -1.16509e-015  11.273  
7.50695  -1.69658e-015  16.4154  
14.1636  -1.01412e-015  9.81224  
14.7704  -1.07718e-015  10.4224  
10.2666  -7.41714e-016  7.17653  
3.32308  -1.99195e-015  19.2733  
11.2286  -7.20063e-016  6.96704  
15.623  -9.1585e-016  8.8614  
0.564076  0.863817  3.58328e-008  
4.36939  -1.42388e-015  13.7769  
1.2949  -8.46933e-016  8.19458  
2.72632  -1.81248e-015  17.5369  
6.14639  -1.36113e-015  13.1698  
0.197693  1.28689  0.0247501  
13.905  -7.65058e-016  7.40239  
13.1402  -5.72795e-016  5.54213  
3.68865  -2.09722e-016  2.02918  
13.3794  -1.05523e-015  10.21  
1.98435  -1.29128e-015  12.4939  
15.7587  -6.8525e-016  6.6302  
13.6537  -1.14039e-015  11.034  
20.5203  -4.10499e-016  3.97182  
19.114  -3.91207e-016  3.78516  
8.94664  -1.25338e-015  12.1272  
7.36019  -1.30737e-015  12.6496  
2.23404  -5.39718e-016  5.2221  
9.24925  -4.64576e-016  4.49506  
2.88555  -1.92495e-015  18.625  
3.22596  -1.97598e-015  19.1188  
16.679  -3.93553e-016  3.80786  
14.7998  -1.11658e-015  10.8035  
4.32896  -1.58655e-015  15.3508  
19.6208  -3.85067e-016  3.72575  
6.34476  -1.9059e-015  18.4407  
12.8496  -6.61349e-016  6.39894  
0.571131  -2.05059e-016  1.98407  
9.96381  -1.13618e-015  10.9932  
5.60037  -9.84097e-016  9.52173  
9.71241  -5.27768e-016  5.10647  
10.5095  -8.36695e-016  8.09553  
4.44815  -1.44954e-015  14.0252  
15.2562  -5.74589e-016  5.5595  
6.86243  -2.3633e-016  2.28664  
11.8615  -9.72622e-016  9.4107  
2.18648  -1.43942e-015  13.9273  
14.8569  -2.90829e-016  2.81394  
