1.39501e-016  2.27822  0  
5.4109  0  0.291218  
1.60125e-016  7.18243e-029  2.61503  
8.23112  2.37577e-012  3.32299e-096  
1.12027e-019  7.03637e-017  1.14913  
1.19486e-016  1.46317e-027  1.95135  
4.51268  7.43382e-082  3.32015e-082  
6.38697  0  0.118222  
3.98428  1.42141e-014  5.20021e-083  
3.28572  1.52498e-011  1.2795e-094  
5.77403  9.10376e-083  2.68741e-082  
5.29529  7.59409e-090  6.57391e-016  
6.61687  6.46556e-011  5.05611e-096  
7.80828  2.43072e-012  3.15228e-096  
1.01871e-016  1.94114e-018  1.66397  
7.51435  1.69848e-013  1.74857e-094  
2.2918  0.00160049  1.65288e-093  
0.64891  1.6514  0  
8.06568  3.13994e-013  3.74182e-095  
0.0108216  1.94149  0.133993  
1.86908  1.85541e-092  5.77222e-014  
6.96737  2.01384e-011  9.69134e-097  
0.0417945  2.01305  0  
4.36037  1.64251e-082  4.67489e-017  
2.5991  2.98282e-090  3.52375e-014  
7.27328  1.10123e-013  1.87615e-094  
8.45433e-017  1.80721e-017  1.41189  
0.528663  0.596415  0.643117  
5.5698  5.44244e-011  9.36245e-096  
0.337419  1.48563  0.0449478  
0.0371101  1.07825  0.0744591  
7.10385e-005  1.28055  0.722848  
1.64833  0.257059  0  
1.56527  0.65493  7.95004e-094  
2.09835  0.0201428  1.03168e-086  
0.0198035  1.27736  0.0881669  
4.16459  2.89016e-091  1.51833e-014  
0.591208  1.38753  0.0405578  
3.15323  9.78899e-014  1.73912e-093  
1.4031  0.0326633  4.009e-087  
0.0550101  1.59834  0.0397149  
0.221759  0.423891  0.918257  
1.97846  0.200684  1.18899e-093  
0.728353  0.77446  0.316817  
1.28824  0.0667884  0.16382  
0.616791  0.744113  0.35733  
0.00030857  1.00516  0.495828  
0.769281  0.529944  0.439097  
9.87521e-005  1.04854  0.531809  
4.11689  8.52341e-011  0  
0.455132  0.273899  0.873961  
0.976747  0.554726  0.148783  
7.80085e-017  2.63976e-017  1.34494  
0.0192312  0.290039  1.05282  
0.27962  0.271471  0.949601  
1.63757  0.828399  0  
0.565852  0.5328  0.809272  
1.17744  0.0892871  5.80538e-087  
2.93417  1.23949e-088  1.39222e-014  
5.4698  4.5995e-082  4.81956e-082  
0.0925748  0.46043  0.984572  
0.16835  0.931402  0.32673  
2.74288  9.58079e-011  0  
1.20122  2.5626e-094  0.986615  
0.33361  0.343495  0.919106  
1.07193  0.574827  0.131308  
7.18227  1.7465e-012  1.46538e-093  
0.934764  0.360815  0.360972  
3.04637  2.69584e-082  8.04119e-082  
6.93333e-017  3.06665e-017  1.23811  
2.62842  0.000775935  2.43648e-081  
0.433362  0.2321  1.03061  
2.84577  2.24058e-013  1.56954e-093  
0.0856733  1.04225  0.252862  
0.883172  0.58858  0.189961  
0.583669  0.1615  0.958248  
7.0581  2.64397e-012  2.55307e-095  
0.841378  0.471203  0.289478  
0.962095  0.671593  3.29451e-097  
0.784313  0.935485  0.207816  
0.863589  0.877094  0.209539  
0.334214  0.899079  0.382032  
0.403106  0.859051  0.330434  
7.11839  6.60819e-089  1.52637e-016  
0.549175  0.164836  0.830001  
0.0555917  0.638065  0.85357  
0.388045  0.920075  0.308414  
0.743163  0.608923  0.288407  
1.13429  0.231306  0.112214  
3.00648  7.21578e-090  8.63346e-016  
1.08309  0.391068  0.160113  
1.36374  0.0525308  6.70967e-087  
5.32388  3.65596e-090  5.64074e-015  
1.56091e-019  6.87132e-017  1.12217  
2.03998  0.000777138  1.89101e-081  
1.331  0.0141177  1.23498e-081  
6.98416  4.24509e-012  4.74052e-097  
3.18184e-017  6.61492e-017  1.19878  
5.3913  1.14072e-015  4.02884e-083  
1.12041  0.404542  0.133099  
