0.442564  -9.38785e-016  25.5525  
1.21383  0.314456  0  
0.0128843  0.00163048  0.929048  
28.9222  -1.24955e-016  3.40111  
0.0167731  0.979534  0  
3.16404  -8.40355e-016  22.8734  
28.4989  -1.0646e-016  2.8977  
21.7661  -7.95365e-017  2.16488  
5.99314  -7.43097e-016  20.2261  
7.65458  -8.06324e-016  21.9471  
0.716796  0.0895024  0.22307  
0.89878  -9.16841e-016  24.9553  
12.5374  -4.28933e-016  11.675  
18.0039  -4.53356e-016  12.3398  
27.6829  -1.13865e-016  3.09927  
12.8933  -2.4891e-016  6.775  
25.6328  -1.27118e-016  3.45999  
15.2403  -1.82222e-016  4.95985  
2.05735  -8.1762e-016  22.2546  
14.6514  -2.05596e-016  5.59607  
8.04999  -5.59733e-016  15.2352  
25.2787  -1.60357e-016  4.36472  
1.57671  -2.86355e-017  0.779423  
1.43041  -8.70775e-016  23.7014  
2.51597  -7.74553e-016  21.0823  
0.862837  -7.92319e-016  21.5659  
12.0174  -4.11142e-016  11.1908  
6.81989  -6.16109e-017  1.67697  
13.3996  -3.35221e-016  9.1243  
0.871935  -8.89456e-016  24.2099  
22.6247  -1.63059e-016  4.43827  
10.2281  -3.11511e-016  8.47895  
6.51396  -6.64273e-016  18.0807  
10.8832  -5.50185e-016  14.9753  
26.7903  -1.02083e-016  2.77857  
20.6889  -1.98206e-016  5.39491  
5.52967  -6.86011e-016  18.6724  
11.5551  -3.76304e-016  10.2425  
6.14691  -5.80881e-017  1.58109  
1.90191  -7.55848e-016  20.5732  
17.3481  -2.84855e-016  7.75338  
23.2218  -1.43244e-016  3.89892  
20.2125  -1.68649e-016  4.59042  
24.1418  -9.41286e-017  2.56206  
24.7099  -1.56265e-016  4.25333  
26.2094  -1.46631e-016  3.9911  
5.54331  -8.60439e-016  23.4201  
2.76395  -6.41948e-016  17.473  
15.7667  -2.62439e-016  7.14325  
10.8167  -4.23412e-016  11.5247  
8.16088  -6.49965e-016  17.6912  
19.5772  -2.68163e-016  7.29907  
13.9412  -2.96382e-016  8.06715  
27.1786  -1.00558e-016  2.73705  
16.5767  -4.41432e-016  12.0152  
15.5227  -3.45859e-016  9.41384  
23.3914  -1.49996e-016  4.08269  
16.8522  -3.41773e-016  9.30262  
4.66328  -4.69529e-016  12.78  
3.40149  -6.28363e-016  17.1032  
0.327239  -9.25524e-016  25.1916  
18.1244  -2.30713e-016  6.27971  
6.91068  -4.54982e-017  1.2384  
18.9969  -2.17098e-016  5.90913  
22.197  -1.86722e-016  5.08232  
21.2097  -8.13346e-017  2.21382  
22.9549  -1.83611e-016  4.99765  
12.0302  -5.35079e-016  14.5642  
4.28517  -5.95161e-016  16.1995  
7.12734  -7.26823e-016  19.7832  
19.5867  -2.21987e-016  6.0422  
19.3289  -1.49188e-016  4.0607  
2.1982  -8.84499e-017  2.40749  
13.7662  -4.73496e-016  12.888  
18.2035  -4.6262e-016  12.5919  
4.96152  -4.22977e-017  1.15129  
16.0623  -3.57882e-016  9.7411  
19.8533  -2.38887e-016  6.5022  
26.3182  -1.52023e-016  4.13788  
14.1798  -4.98387e-016  13.5655  
23.8296  -1.65614e-016  4.50779  
0.48593  0.568539  0  
10.6313  -4.33076e-016  11.7878  
4.73613  -7.64214e-016  20.8009  
0.405366  -8.59162e-016  23.3853  
18.3968  -2.79807e-016  7.616  
20.4816  -1.66682e-016  4.53687  
17.1842  -3.83481e-016  10.4379  
9.77332  -6.17027e-016  16.7947  
0.258509  0.853008  0.0792447  
16.2083  -2.0892e-016  5.68654  
21.4006  -1.90373e-016  5.18172  
0.329176  -7.78559e-016  21.1914  
2.71998  -6.99913e-016  19.0507  
8.91909  -8.13395e-016  22.1396  
14.5021  -5.02943e-016  13.6895  
4.11428  -3.1901e-016  8.68304  
9.45713  -5.71765e-016  15.5627  
5.33289  -3.29086e-016  8.95732  
9.35955  -5.67325e-016  15.4419  
