0.0306214  0.992141  
36.9059  -9.03934e-016  
1.4336  -3.5113e-017  
2.32822  -5.70249e-017  
25.8819  -6.33923e-016  
11.5877  -2.83817e-016  
0.498778  0.523619  
23.1684  -5.67463e-016  
25.1901  -6.1698e-016  
36.1171  -8.84614e-016  
3.258  -7.97979e-017  
6.28604  -1.53964e-016  
24.5535  -6.01388e-016  
0.0296422  0.99233  
35.6299  -8.7268e-016  
16.6988  -4.09002e-016  
23.6605  -5.79514e-016  
9.81989  -2.40518e-016  
20.9179  -5.12341e-016  
32.951  -8.07066e-016  
31.0766  -7.61158e-016  
29.0968  -7.12665e-016  
36.4484  -8.92729e-016  
17.8692  -4.3767e-016  
21.6788  -5.30978e-016  
10.5158  -2.57562e-016  
14.612  -3.57891e-016  
22.7602  -5.57464e-016  
1.01801  2.24407e-017  
21.4293  -5.24866e-016  
34.3832  -8.42145e-016  
10.8585  -2.65957e-016  
15.4247  -3.77796e-016  
5.35132  -1.3107e-016  
29.5953  -7.24877e-016  
18.1853  -4.45411e-016  
13.3363  -3.26646e-016  
15.0614  -3.68898e-016  
22.1267  -5.41949e-016  
30.5721  -7.48799e-016  
26.1836  -6.41314e-016  
7.68948  -1.88338e-016  
24.195  -5.92607e-016  
11.0931  -2.71703e-016  
24.9259  -6.10508e-016  
3.93313  -9.63338e-017  
8.69147  -2.1288e-016  
0.0581302  0.985418  
16.226  -3.97423e-016  
28.5056  -6.98186e-016  
12.6994  -3.11046e-016  
19.3613  -4.74216e-016  
19.7415  -4.83528e-016  
28.7089  -7.03166e-016  
36.7439  -8.99966e-016  
19.1911  -4.70046e-016  
14.8988  -3.64915e-016  
7.03305  -1.7226e-016  
15.6593  -3.83543e-016  
5.03222  -1.23254e-016  
2.64098  -6.46853e-017  
0.548963  0.4882  
27.7643  -6.8003e-016  
30.1175  -7.37666e-016  
14.3009  -3.50271e-016  
18.8239  -4.61053e-016  
28.9659  -7.09459e-016  
27.4372  -6.72018e-016  
8.45268  -2.07031e-016  
26.8889  -6.58589e-016  
35.3304  -8.65346e-016  
22.5706  -5.52821e-016  
8.30884  -2.03508e-016  
35.0178  -8.57688e-016  
28.2426  -6.91744e-016  
31.9526  -7.82612e-016  
0.0239167  1.22703  
12.4567  -3.05101e-016  
22.3855  -5.48288e-016  
31.3718  -7.68387e-016  
32.4562  -7.94947e-016  
19.9495  -4.88622e-016  
8.07981  -1.97898e-016  
18.5557  -4.54484e-016  
29.9801  -7.34302e-016  
1.0344  2.2802e-017  
0.570568  0.507415  
0.506961  0.53165  
0.0296426  0.992346  
1.04492  2.30339e-017  
0.0296443  0.992401  
0.518849  0.544117  
0.58925  0.524028  
1.10405  2.43373e-017  
0.0297085  0.994552  
0.553219  0.58016  
0.031893  1.06768  
1.17079  2.58084e-017  
0.636934  0.613752  
0.0322091  1.07826  
