36.1171  -8.84614e-016  
14.3009  -3.50271e-016  
34.3832  -8.42145e-016  
10.3988  -1.27348e-016  
10.4589  -2.04936e-016  
4.92688  -9.6539e-017  
3.258  -7.97979e-017  
5.80236  -1.13694e-016  
0.770167  0.28095  
0.370887  0.864161  
5.03088  -9.85769e-017  
6.16356  -1.20771e-016  
0.21437  1.01884  
4.11684e-012  1.12316  
6.46585e-027  1.40551  
1.11613  -1.36687e-017  
5.01291  -9.82248e-017  
2.1576e-028  2.0289  
1.87614  -2.29761e-017  
1.21949e-026  1.36462  
1.65513  -2.02695e-017  
1.82693  -2.23734e-017  
1.70692  -2.09037e-017  
1.32369  -1.62105e-017  
2.45454  -3.00595e-017  
2.67282  -3.27326e-017  
1.13448  -1.38934e-017  
2.40205  -2.94166e-017  
2.6589  -3.25622e-017  
10.4136  -1.2753e-016  
1.50942  -1.84851e-017  
1.26802  -1.55287e-017  
0.623996  0.623996  
1.75569  -2.1501e-017  
2.03007  -2.48612e-017  
2.54797  -3.12037e-017  
1.28654  -1.57556e-017  
2.7778  -3.40182e-017  
1.2293  -1.50546e-017  
1.45311e-031  2.83976  
6.37726e-027  1.52606  
3.13043  -3.83367e-017  
1.72163  -2.10839e-017  
1.80314  -2.20821e-017  
1.77863  -2.17819e-017  
2.14772  -2.6302e-017  
3.15604  -3.86504e-017  
2.73883  -3.35409e-017  
2.36401  -2.89507e-017  
1.48253  -1.81558e-017  
1.99981  -2.44907e-017  
1.9709  -2.41365e-017  
3.07091  -3.76078e-017  
2.89543  -3.54589e-017  
1.62673  -1.99217e-017  
1.60636  -1.96722e-017  
2.88283  -3.53044e-017  
1.35189  -1.65559e-017  
1.90806  -2.3367e-017  
2.11205  -2.58651e-017  
1.57283  -1.92616e-017  
2.52934  -3.09754e-017  
3.00599  -3.68127e-017  
1.40023  -1.71479e-017  
3.24361  -3.97227e-017  
1.37073  -1.67866e-017  
2.15711  -2.6417e-017  
2.27784  -2.78955e-017  
1.46484  -1.79391e-017  
3.18234  -3.89724e-017  
2.50924  -3.07293e-017  
3.21803  -3.94095e-017  
1.56749  -1.91962e-017  
3.10703  -3.80502e-017  
1.94187  -2.3781e-017  
2.29746  -2.81357e-017  
1.26045e-032  3.98774  
2.4893  -3.04851e-017  
2.33937  -2.8649e-017  
2.1843  -2.675e-017  
2.94649  -3.60841e-017  
2.92453  -3.58151e-017  
1.70506e-031  3.33213  
6.44323e-027  1.54184  
1.22886e-026  1.3751  
1.63726e-032  5.17989  
0.638037  0.638037  
0.0667516  1.34188  
2.5092e-028  2.35952  
1.17708  0.168663  
8.63286e-027  1.41149  
0.817442  0.583295  
1.17879  1.73233e-017  
0.487255  0.960866  
1.00404  0.316342  
1.74496e-032  5.52063  
1.18647  1.7436e-017  
2.03567e-031  3.97823  
2.7006e-028  2.53951  
0.739496  0.843746  
