33.0336  -7.28181e-016  
1.08946  0.00890897  
6.96001  -1.53424e-016  
31.2403  -6.8865e-016  
30.5583  -6.73616e-016  
20.0842  -4.42729e-016  
30.2008  -6.65736e-016  
18.7416  -4.13133e-016  
1.01295  3.30102  
24.9404  -5.49776e-016  
7.99057  -1.76141e-016  
15.3952  -3.39367e-016  
19.7874  -4.36186e-016  
17.1043  -3.77041e-016  
11.5754  -2.55165e-016  
10.0996  -2.22632e-016  
20.4949  -4.51783e-016  
24.3289  -5.36298e-016  
13.1296  -2.89424e-016  
9.40921  -2.07413e-016  
29.2113  -6.43923e-016  
14.7525  -3.25199e-016  
12.1203  -2.67175e-016  
23.262  -5.1278e-016  
19.6287  -4.32688e-016  
15.7388  -3.46941e-016  
16.278  -3.58826e-016  
12.533  -2.76273e-016  
0  4.11007  
24.1974  -5.33398e-016  
21.2967  -4.69456e-016  
21.0823  -4.6473e-016  
21.6631  -4.77534e-016  
7.18974  -1.58488e-016  
14.9397  -3.29326e-016  
12.7767  -2.81644e-016  
17.5334  -3.865e-016  
26.2334  -5.78279e-016  
27.0089  -5.95375e-016  
24.621  -5.42736e-016  
8.96709  -1.97667e-016  
16.4984  -3.63685e-016  
10.9038  -2.40359e-016  
8.78303  -1.9361e-016  
8.40581  -1.85295e-016  
28.9038  -6.37146e-016  
14.1003  -3.10822e-016  
23.5336  -5.18767e-016  
26.0064  -5.73276e-016  
8.20722  -1.80917e-016  
13.7493  -3.03084e-016  
16.942  -3.73464e-016  
25.8141  -5.69036e-016  
16.6075  -3.6609e-016  
13.493  -2.97434e-016  
26.5283  -5.8478e-016  
13.8572  -3.05463e-016  
7.44733  -1.64166e-016  
22.104  -4.87253e-016  
18.5253  -4.08365e-016  
10.6162  -2.3402e-016  
9.68425  -2.13476e-016  
14.5323  -3.20345e-016  
18.2339  -4.01941e-016  
10.349  -2.2813e-016  
4.11963  6.05411e-017  
0.592376  3.48755  
3.0198  0.975382  
0  4.11079  
2.06047  2.06047  
2.51905  1.86335  
2.68899  1.72676  
3.22414  0.82299  
1.015  3.3077  
4.04418  0.285948  
4.13533  6.07719e-017  
1.22169  3.14832  
3.76348  0.501455  
3.1976  0.892351  
3.63955  0.633729  
3.82146  0.50432  
3.10203  1.00194  
0  4.11417  
2.07864  2.07864  
2.55392  1.90762  
4.06106  0.456331  
2.84503  1.82696  
1.01778  3.31677  
3.32491  0.978063  
4.14235  6.08749e-017  
0  4.11547  
3.13467  1.01248  
3.85027  0.513019  
2.85945  1.83622  
2.08687  2.08687  
4.15788  6.11032e-017  
1.02546  3.34178  
2.64842  1.97821  
4.08786  0.459343  
4.17967  6.14234e-017  
