5.49073  5.49073  4.80425e-036  
1.41386e-032  0.0259352  13.6166  
1.47193e-032  1.74258e-013  15.7031  
0.0010535  1.41321e-032  15.008  
5.7034e-006  0.971451  2.19807  
1.65078e-023  0.0166458  5.33384  
1.03683  0.957497  0.194381  
3.9754  0.00882087  7.50501  
2.03302e-014  0.322011  3.53252  
5.35432e-022  1.23529  2.59076  
4.6305  4.6305  1.56484e-032  
1.42553e-032  3.44075  8.72519  
1.43593e-032  2.59124  8.93284  
1.42269  1.44162e-032  10.8625  
1.42217e-032  1.74031  12.1365  
0.999771  0.00171468  11.1806  
2.30145  0.00692747  10.2038  
0.161304  1.4341e-032  11.3396  
3.82387  0.129608  4.71053  
3.13996  1.46656e-032  9.8725  
4.59804  4.59804  2.97519e-032  
2.83905  0.162283  5.05376  
3.86843  0.134771  4.01794  
4.2392  4.2392  3.80713e-031  
1.42294e-032  0.795341  12.6877  
3.64689  3.39372e-005  7.85512  
1.41507e-032  3.76561  7.7114  
3.93737  1.51344e-032  8.2317  
1.43364e-032  3.58911  8.04733  
3.8423  2.4242e-012  8.6386  
3.83634  0.103954  4.23292  
4.04522  3.93354  0.148232  
1.4302e-032  2.00703  11.9487  
0.00942405  1.41963e-032  14.5595  
4.21548  4.21548  5.32273e-031  
1.44514e-032  2.42016  9.75605  
0.0217711  0.000278659  13.8845  
1.45919e-032  0.172893  11.5646  
3.00921  1.49446e-032  9.52233  
1.43392e-032  2.32852  10.1205  
1.46727e-032  0.0541794  13.0247  
1.41412e-032  2.1975  10.6279  
0.0200276  0.00221744  14.25  
4.00879  4.00879  7.18967e-014  
1.44707e-032  0.0544863  12.8105  
0.0661956  2.3704e-010  12.3829  
2.86737  8.69102e-014  9.2203  
2.33036  0.00692552  10.0068  
1.4826e-032  1.17092  10.7312  
1.46416e-032  0.000192664  15.6076  
4.2449e-008  1.4248e-032  15.2003  
1.42471e-032  2.12094  11.2937  
1.45049e-032  0.0653592  12.514  
1.14777  4.34369e-008  10.4846  
0.0210483  1.43003e-032  14.0301  
2.4677  0.00703773  9.5533  
3.99816  0.107476  4.22493  
1.44921e-032  1.21162  10.3895  
3.96698  0.00809489  7.53141  
0.0398725  1.84824e-011  13.3953  
1.0522  2.37046e-011  11.085  
1.30822  1.46063e-032  10.5472  
1.44299e-032  1.06146  10.7504  
2.64286  1.6641e-007  9.07429  
1.42153e-032  2.08783  11.4309  
0.0195708  0.00961436  13.5554  
1.45288e-032  0.00152364  15.4009  
1.44675e-032  0.0204393  14.2383  
0.0404889  0.004423  13.1462  
2.34503  0.0021947  10.2797  
1.3074  1.52176e-032  10.9134  
0.0738078  0.00361937  11.7716  
2.46443  0.00162725  9.80309  
3.80911  3.36683e-009  8.78142  
1.45135e-032  0.0434091  13.2505  
0.110854  7.56345e-011  11.7049  
1.13567  5.80692e-007  10.7714  
3.80972  3.03503e-009  7.91045  
1.44797e-032  0.000240801  15.4318  
3.98561  1.49643e-032  8.12317  
0.0510398  1.42121e-032  12.6646  
3.73037  0.00874405  7.82724  
3.88725  0.012267  7.75872  
3.94031  3.93941  0.0596342  
1.04686  9.78588e-009  11.0288  
0.0738059  0.00171483  11.8924  
2.60576  7.39007e-006  8.90732  
1.24371  1.26877e-011  10.6093  
2.56743  2.50835e-006  10.1496  
5.14147e-006  1.41821e-032  15.1297  
0.105052  0.00107012  12.0688  
1.24934  0.00154279  10.2947  
2.49042  0.0114985  9.0268  
2.73938  9.45517e-010  9.22586  
4.02097e-015  0.00564577  14.8028  
1.45124e-032  0.0882583  11.9937  
0.00163227  0.00966064  14.6698  
0.0405004  0.00144344  13.3325  
2.69618  1.73606e-008  9.25737  
0.020069  0.0070578  13.9769  
