12.9173  2.10305e-018  
2.3887e-136  20.7816  
1.55466e-148  23.7631  
16.0612  1.31383e-023  
19.3961  1.71939e-046  
1.8859e-010  1  
11.7778  0.00608261  
8.82279e-012  1.5919  
8.39065e-012  4.02694  
4.24703e-011  1.04384  
1.2568e-010  1.00008  
1.00508  0.0159083  
7.61455e-011  1.03753  
7.68204e-010  1  
0.859537  0.859711  
0.646223  0.998739  
1.3995  0.014978  
8.09444e-062  50.4213  
5.63537e-037  35.535  
1.15863e-011  1.85927  
1.05026  0.0190727  
5.42615e-011  1.1408  
1.12214e-011  3.74012  
1.88253e-010  1.00025  
19.5061  1.00274e-043  
3.02618e-084  51.8282  
1.98877e-034  26.4222  
1.39977e-037  38.0678  
1.04546e-130  64.9302  
8.97811e-012  3.97958  
9.43814e-010  1  
9.35225e-010  1  
8.70078e-011  1.05998  
15.8874  0.008205  
18.726  6.11967e-010  
1.50516e-034  33.3342  
0.646225  0.998744  
0.93456  0.93456  
7.14139e-010  1.00002  
8.74073e-010  1.00001  
4.98365e-010  1.00007  
3.47932e-037  50.8254  
3.5496e-037  39.3578  
5.18673e-029  28.7344  
6.55274e-037  37.9936  
8.99835e-012  3.98855  
6.34771e-011  1.5554  
3.97317e-010  1.00202  
1.04136e-049  54.6795  
35.4844  1.08148e-039  
3.99314e-067  57.4018  
1.05728e-106  85.5261  
1.80973e-077  80.75  
9.92116e-010  1  
1.01123e-009  1  
9.00142e-011  1.27566  
9.9387e-011  1.16078  
17.0342  0.00879726  
1.73422e-036  35.7295  
4.09281e-029  32.6818  
21.2875  6.95678e-010  
1.06136  0.0192744  
1.54652e-034  34.2501  
1.44687e-036  37.8673  
8.74081e-010  1.00001  
1.46921e-036  37.2632  
2.69871e-029  33.9102  
7.19815e-010  1.0008  
1.21665e-061  75.7867  
60.6154  1.06429e-008  
1.39181e-057  61.1531  
2.39214e-061  67.5652  
67.8483  2.11026e-016  
33.5119  1.78995e-008  
1.30285e-048  55.7916  
9.88225e-062  78.0378  
1.05486e-078  88.4001  
9.24625e-012  4.11263  
7.79849e-037  39.357  
5.41052e-037  54.8955  
6.30836e-036  36.201  
4.14126e-029  33.0658  
8.6417e-011  1.55616  
8.93812e-011  1.55552  
37.529  2.00451e-008  
68.1841  2.1207e-016  
3.27347e-064  122.288  
34.3437  20.0623  
1.53036e-058  73.688  
20.9064  36.576  
5.56315e-062  93.6368  
22.5114  22.5114  
17.627  47.9602  
10.6215  52.1023  
2.76396e-063  103.693  
4.77804e-064  118.608  
1.70472e-037  55.9395  
63.6819  1.63573e-008  
1.34339e-056  62.7507  
3.86541e-048  59.8774  
