4.55999  1.10779e-015  
2.71243  0.0152242  
6.84363  2.99841e-016  
0.434999  0.15717  
2.93899  0.0112989  
4.21828  0.0013569  
0.146083  0.281662  
1.37708  0.0611948  
2.92942  0.0115468  
0.0275832  0.59126  
2.3855  0.0232258  
0.557479  0.126999  
4.38993  0.000775599  
2.72228  0.0131336  
0.245598  0.205698  
0.12608  0.341671  
1.09758  0.0814243  
0.0823002  0.345669  
3.06434  0.0109083  
4.01667  0.00256607  
1.83913  0.0366136  
3.21922  0.00730955  
0.0105336  0.801011  
0.00858721  0.814841  
1.18162  0.0729801  
4.32035  0.000935391  
0.0657281  0.456246  
5.52411e-007  1.2716  
0.145402  0.339567  
1.11008  0.0752497  
3.96375  0.00267488  
0.458112  0.141098  
3.15452  0.00943418  
3.61287  0.00566858  
0.15611  0.280821  
0.422886  0.157616  
0.0789471  0.416092  
5.30715e-007  1.66218  
1.75143  0.0419429  
3.39821  0.00579  
3.58241  0.00576374  
1.22225  0.0709546  
0.797624  0.103529  
2.69462e-012  2.47323  
1.51385e-007  2.46582  
0.201205  0.654268  
0.0904677  0.982883  
0.148609  0.724923  
0.0103307  1.51577  
4.1595e-010  4.03315  
4.74593  0.0521018  
0.805098  0.267204  
2.35218  0.131342  
3.67619  0.0786118  
0.379407  0.299703  
1.91238  0.146494  
1.65885  0.178651  
0.0189428  1.26441  
0.261179  0.528563  
0.00145444  2.12308  
0.00438512  1.82715  
0.0535978  1.22311  
0.141421  0.798909  
0.0728272  1.108  
7.47195e-012  8.91006  
1.36357e-005  3.30236  
5.18747e-005  2.93899  
2.14651e-007  5.76927  
4.91489  0.165143  
0.00218447  2.66591  
6.96137e-007  4.67422  
3.90045  0.313829  
5.19979e-006  4.3858  
1.71288e-005  3.40889  
0.0191196  1.90567  
1.00048  0.491873  
0.00112567  3.27212  
0.497561  0.591125  
1.40033  0.449108  
0.679741  0.511007  
0.242045  1.0138  
3.59907  0.352211  
2.70894  0.37061  
0.383534  0.944317  
0.234035  1.40805  
3.15554  0.362442  
3.1496  0.362909  
1.58344  0.443021  
1.82603  0.440622  
2.09535  0.40313  
2.39376  0.3902  
0.165622  1.59815  
1.99028  0.415961  
0.108442  1.72605  
0.0874236  1.79202  
0.223492  1.48229  
2.63033  0.375195  
2.45582  0.37578  
3.77537  0.342039  
0.368403  0.951593  
