0.951099  0.0285299  
0.414505  0.373644  
0.971661  0.0153644  
0.414342  0.380982  
0.47197  0.333728  
0.0751578  0.730659  
0.0261868  0.848431  
0.572011  0.249539  
0.470415  0.333764  
5.59243e-011  1.19028  
0.50225  0.312966  
0.0371103  0.809454  
0.0358462  0.813366  
0.323157  0.462852  
0.676507  0.178123  
4.4973e-008  1.12532  
0.124126  0.658086  
0.448527  0.357271  
6.64109e-006  1.055  
0.402385  0.393344  
0.446569  0.360476  
0.466357  0.356308  
9.59875e-015  1.76535  
0.0339678  0.819978  
0.288109  0.468253  
0.91924  0.0477699  
0.520375  0.292378  
0.240705  0.519037  
0.86958  0.0730605  
0.324901  0.457028  
0.666243  0.204762  
0.578858  0.243937  
0.183336  0.578019  
0.473939  0.32873  
0.0231889  0.866531  
0.204011  0.550227  
0.0023255  0.95498  
0.137163  0.632884  
0.113943  0.665825  
0.00148875  0.974462  
0.0527724  0.77757  
0.0121163  0.913223  
0.414959  0.370288  
0.389037  0.410596  
0.0227798  0.870904  
0.0612982  0.755316  
0.160777  0.602932  
0.46918  0.354416  
0.379156  0.417341  
0.414342  0.373719  
0.00463144  0.939728  
0.436876  0.366913  
0.000517867  0.977522  
0.196074  0.561532  
0.0518543  0.779076  
0.401291  0.39843  
2.39004e-005  0.999341  
0.0410242  0.798193  
0.017579  0.872293  
0.0582374  0.763241  
0.365344  0.424937  
0.479279  0.319311  
0.0529048  0.771103  
0.517866  0.293391  
0.163239  0.597284  
0.0985977  0.693648  
0.276641  0.506214  
2.62357e-008  1.16501  
0.332538  0.451692  
0.260124  0.512882  
1.20056e-012  1.63851  
0.409251  0.392965  
0.362388  0.428573  
0.522423  0.290769  
0.412361  0.388523  
0.444558  0.362461  
0.469295  0.349741  
0.383649  0.410802  
0.333166  0.438087  
0.969164  0.0389773  
1.71722e-012  1.84045  
7.27628e-011  1.19147  
2.96586e-012  1.66018  
0.902188  0.103035  
0.766104  0.205443  
0.216653  0.581029  
0.0956892  0.758443  
8.52484e-005  1.0022  
0.52339  0.296903  
0.453436  0.364365  
0.0304675  0.855907  
0.315598  0.496265  
0.687014  0.228247  
0.0673878  0.769371  
0.254865  0.529623  
0.34687  0.444948  
0.640571  0.247614  
0.236775  0.561576  
0.580513  0.279144  
0.619646  0.251354  
