0  1.04295  
0.968982  0.0232848  
0.940521  0.0450721  
0.17144  0.608753  
0.0693237  0.760137  
0.19096  0.592499  
0.0877387  0.718649  
0.787342  0.133594  
0.451518  0.343826  
0.34673  0.420767  
0.702488  0.172807  
0.483108  0.327436  
0.100599  0.711524  
0.772458  0.158061  
0.91941  0.0627107  
0.0573523  0.79063  
0.160033  0.647841  
0.125473  0.687545  
0.213253  0.567269  
0.371067  0.413042  
0.856085  0.0842024  
0.428932  0.351968  
0.879864  0.0705539  
0.74234  0.158491  
0.327834  0.441521  
0.25961  0.495538  
0.813265  0.120014  
0.845707  0.0962716  
0.0472945  0.827935  
0.69359  0.198703  
0.392796  0.406637  
1.63471e-010  1.00055  
0.13468  0.667048  
0.251331  0.526665  
0.899348  0.0689793  
0.395459  0.388457  
0.151705  0.652732  
0.419818  0.371962  
0.505202  0.327072  
0.068645  0.785378  
0.584938  0.261246  
0.825134  0.106202  
0.414749  0.381814  
0.283398  0.490922  
0.64087  0.220109  
0.536853  0.280865  
0.55726  0.2698  
0.521211  0.294371  
0.664629  0.202378  
0.322872  0.453668  
0.034433  0.850596  
0.301348  0.481828  
0.0462338  0.831968  
0.0259392  0.875896  
0.619583  0.223818  
0.700612  0.187566  
0.0286147  0.851372  
0.219444  0.560441  
0.555649  0.269864  
0.514591  0.316239  
0.316179  0.467302  
0.746319  0.158432  
0.131821  0.681109  
0.53141  0.284357  
0.229809  0.550862  
0.520614  0.311272  
0.271756  0.491437  
0.244222  0.54275  
0.616666  0.230837  
0.651399  0.216463  
0.81931  0.111254  
0.00764745  0.930638  
0.249918  0.53389  
0.60964  0.240336  
0.235471  0.547658  
0.655973  0.209475  
0.606962  0.243934  
0.597474  0.250337  
0.00892594  0.917944  
0.00653373  0.939488  
0.0205824  0.896427  
0.313893  0.475747  
0.310249  0.481499  
0.000195189  0.98715  
0.018423  0.907585  
0.662456  0.205015  
0.00550629  0.948801  
0.0206872  0.889555  
0.000631289  0.978468  
5.23899e-005  0.994265  
0.00325468  0.956867  
0.595731  0.254531  
0.001954  0.964006  
0.593515  0.259476  
0.0140903  0.915585  
0.0236289  0.881881  
0.0220415  0.882688  
0.0012658  0.967901  
0.588456  0.259523  
0.00375161  0.952406  
