4.61194  0  1.3042e-009  
1.58679e-060  4.38758e-014  6.06067  
1.57889e-026  6.0248  4.27733e-013  
3.70442  5.82616e-050  1.38623e-077  
0  3.26313  0.000397134  
3.86177e-028  2.65006e-020  4.56833  
5.07013e-028  1.04493e-020  5.99777  
0.00244014  4.97836  8.68774e-022  
2.40716e-020  0.00032701  2.90708  
6.76003e-056  5.70659  2.18312e-012  
1.81629e-006  4.39737  8.8928e-018  
0  0.281783  3.44877  
1.12105e-054  0.348044  2.64096  
0.00864798  2.80792  3.58773e-008  
1.51379  0  0.269911  
0.00518839  0  4.13553  
0.244783  2.466  9.20957e-011  
3.33609  0  1.0704e-005  
1.67695e-012  0.00792469  1.77167  
0.817518  0.965734  0.593475  
3.02937  0  0.000248555  
6.36013e-005  4.30161  7.4129e-013  
4.76668e-031  2.16332  4.5589e-006  
0.855395  0.427437  0.957615  
1.39172e-009  1.89848e-038  3.7792  
0.735343  0.0427259  1.08991  
0.15525  2.58583  1.01358e-031  
2.17297  0  0.000810759  
3.4954  3.80399e-025  3.34716e-039  
2.27401e-043  3.60124  1.18742e-007  
4.88204e-013  0.0238283  2.02332  
5.10948e-013  0.0516982  1.94983  
0  0.0928914  4.0486  
0.521737  1.37507  5.23094e-018  
0.817606  0.680408  0.326116  
2.5095  4.12133e-013  5.6147e-021  
0.282931  3.80921e-023  2.41461  
0.438148  1.31921  0.0244447  
1.9576  0  0.176309  
4.61543e-019  2.05151  0.000395878  
0.618485  1.00912  0.0998685  
0.0732897  1.85911  2.00532e-005  
0.402456  1.68575  8.14664e-021  
6.5131e-032  0.816166  1.48221  
0.0351227  2.78351  2.9923e-006  
0.00239315  0.740533  0.740344  
1.2349  0  0.457973  
0  3.36064  2.48107e-007  
2.88946  3.14455e-025  7.78466e-039  
3.77933e-005  3.80396  1.2447e-009  
0.707621  0.0286166  1.1907  
2.15079e-043  1.28324  1.24057  
0  0.0947765  3.53724  
0  0.389017  2.0013  
2.36295  1.34084e-010  9.59634e-017  
1.41007e-050  1.42751  1.44204  
1.95941  0  0.0113215  
0  3.25617  0.00410936  
0.367185  1.5609  7.32214e-007  
1.20947  0.320945  0.637024  
0.871551  0.00393045  0.859373  
1.99446  4.29536e-010  1.58238e-016  
5.15961e-005  3.72854  3.71165e-010  
0.13141  0  3.73461  
0.923883  0  0.910974  
0.865435  0.406177  0.439159  
0  0.591278  1.98866  
1.73701  3.88385e-008  3.74904e-008  
0.592664  1.23214  4.68721e-018  
0.271139  0.0927897  1.30511  
0.22254  2.31875e-021  2.13278  
1.36302  0  0.317129  
0.177053  1.73807  1.44391e-006  
0.10566  1.48935  0.000157137  
4.67471e-022  0.0160817  2.35286  
1.31976  0.275251  0.00276361  
1.17405  0  0.730691  
0.291385  1.60837  5.05359e-005  
3.70212e-013  0.19776  1.71233  
2.10792e-005  3.82224e-020  2.20782  
0.0926802  3.35072  1.90134e-010  
3.601e-016  1.98945e-005  3.51233  
0.310373  1.78255  3.31528e-008  
0.0642984  1.7887  0.000131238  
1.34626e-047  4.94436e-016  3.635  
0.701869  1.22169  0.00157374  
0.274343  1.41007e-016  2.04168  
6.85111e-016  0.00236324  2.2877  
1.38895e-012  0.00902445  1.4674  
1.35477  0.00806723  0.00816468  
0  1.79369  0.00620567  
1.4437  0  1.09348  
0  5.23647  0.00196704  
5.71707  3.18732e-008  1.47757e-007  
1.42287e-005  0.000981333  6.7206  
2.70875  7.00305e-008  1.25799e-012  
0.0185618  5.59109  1.51903e-005  
3.38864  0  0.0059265  
0.00101531  5.2738e-011  5.06811  
0  0.293273  3.83834  
