0.37678  0.0546146  
0.293396  0.77762  
2.50624  7.61127e-031  
1.2973  3.26517e-006  
0.320178  0.574873  
0.958809  0.00762925  
1.46787  5.01529e-025  
0.283325  0.79812  
0.419578  0.0295331  
1.22736  0.00032043  
0.321493  0.508799  
0.194951  0.96574  
0.355468  0.128664  
0.947858  0.00879848  
2.52938  7.44048e-034  
0.00832221  1.00035  
0.405585  0.0366107  
0.337625  0.418015  
0.356473  0.111237  
0.234371  0.880887  
0.340919  0.217637  
0.380771  0.0496229  
0.298263  0.77594  
0.271609  0.800324  
4.5609e-017  1.02697  
0.636052  0.022633  
0.324763  0.490647  
0.368405  0.0846228  
0.120122  0.99328  
0.172752  0.969425  
0.267626  0.843284  
0.440692  0.0234606  
0.263842  0.866057  
0.408169  0.0350314  
0.0554805  0.99815  
1.47571e-017  1.03591  
0.156438  0.977869  
1.07752  0.000376553  
0.141814  0.989608  
0.415653  0.0313071  
1.46088e-016  1.00854  
0.363199  0.107387  
2.53279  4.17499e-037  
0.316518  0.608649  
0.369  0.0722248  
0.343177  0.191235  
0.0891227  0.997641  
1.49779  8.79098e-029  
0.232729  0.908104  
0.214135  0.92163  
0.305194  0.745919  
0.120465  0.993226  
1.49906  1.39686e-029  
1.40149  5.54663e-019  
0.203688  0.954833  
0.185489  0.967684  
0.145115  0.980973  
0.169989  0.976761  
0.756049  0.0214431  
0.0602141  0.997789  
1.05397  0.00059156  
1.35675  1.4302e-009  
0.312688  0.666056  
0.309418  0.722519  
0.110103  0.996076  
8.85007e-016  1.00278  
2.30529e-007  1.00143  
0.0240776  1.00013  
0.042239  0.998488  
0.0339566  0.998694  
0.198476  0.962675  
2.45749e-016  1.07241  
2.67653  4.41194e-037  
2.2747  2.38515e-028  
1.79748  2.76462e-027  
0.984642  0.0107869  
0.427398  0.0300291  
1.60987  1.1404e-024  
0.317016  0.609606  
0.342869  0.402901  
0.315579  0.802141  
0.343271  0.194443  
1.24013  0.00050499  
0.361454  0.112941  
1.48396  9.62016e-020  
1.1378  0.00445082  
0.391996  0.0597295  
1.30828  0.000303838  
0.234387  0.938466  
0.103652  0.998145  
0.273837  0.813775  
0.324376  0.518437  
1.05913  0.00865865  
0.337753  0.44575  
0.26662  0.875104  
0.185084  0.975456  
1.38586  1.08039e-005  
0.359373  0.182915  
0.262089  0.910339  
0.335123  0.505812  
