0.126441  1.00277  
0  1.07388  
29.1345  8.87953e-040  
5.79672  0.0029937  
12.3832  4.04684e-010  
0.240672  1.01349  
0.136242  1.03966  
0  1.07482  
0.171533  1.03526  
5.88356  0.00303855  
29.3086  1.94292e-023  
14.3764  4.69823e-010  
30.425  1.40531e-029  
54.6391  8.14988e-035  
54.7262  8.16288e-035  
36.2923  1.67632e-029  
0.142791  1.04435  
0.0614657  1.0837  
0.274606  1.03402  
6.04892  0.00312395  
0  1.19023  
34.455  2.28408e-023  
14.4555  4.72407e-010  
36.4792  1.68495e-029  
0.154249  1.05173  
0.2574  1.04906  
0.145643  1.06521  
6.21266  0.00320851  
0  1.22779  
34.9063  2.314e-023  
33.3944  1.83055e-005  
33.2961  1.90943e-005  
54.8289  8.1782e-035  
54.9341  8.19389e-035  
37.1078  1.71399e-029  
0.261637  1.0509  
6.24159  0.223498  
7.00988  0.00362024  
0.156145  1.0939  
0  1.25097  
34.8486  0.000340896  
34.1085  0.000966946  
35.4978  2.35321e-023  
35.2093  2.1516e-008  
35.0215  0.000293582  
0.280723  1.07817  
0.171872  1.10303  
13.7413  0.0539673  
26.6096  0.0412955  
37.837  1.74767e-029  
0  36.4944  
0.00653786  34.9296  
34.1101  0.000966993  
35.8037  2.37349e-023  
35.7093  5.03356e-006  
0.022058  31.6043  
56.3574  8.40619e-035  
56.718  8.45997e-035  
0.0137421  36.3717  
0.193625  1.23061  
8.43987e-018  77.2384  
0.417837  1.10181  
0.209695  1.10846  
44.2068  2.04188e-029  
37.0737  3.21448e-008  
35.9747  0.000388457  
38.0256  2.52078e-023  
36.721  2.39504e-005  
35.9029  0.000420498  
0  81.4142  
0.00102148  62.9784  
1.32976e-010  65.7784  
2.95378e-013  67.6477  
1.54659e-008  65.8994  
2.01383e-012  77.2364  
1.06031  35.1478  
56.9907  8.50065e-035  
0  89.6844  
0.00254623  64.3283  
8.49667  4.5537  
44.4123  2.05138e-029  
4.29729  14.293  
43.1859  5.33071e-012  
37.8541  4.40088e-006  
0.376846  53.2133  
40.1414  3.92245e-011  
1.01755e-012  83.0775  
9.0128  4.83031  
2.58035e-005  74.3428  
0.000352309  72.6362  
1.66745e-010  82.4831  
0  94.5537  
58.064  8.66074e-035  
1.15318  38.2262  
0.0027369  69.5237  
4.37338  14.545  
44.4175  9.63101e-007  
45.2096  2.0882e-029  
8.64174  8.63971  
0  129.977  
