1.00096  0  
0  1.34213  
0.200788  0.817549  
0.0615815  0.951338  
0.254027  0.753836  
0.551195  0.488657  
1.18353e-009  1.07498  
0.817196  0.207732  
0.705314  0.303083  
0.635539  0.392001  
0.404019  0.613906  
0.59812  0.407012  
0.00160876  1.01357  
6.83526e-013  1.22869  
0.447947  0.561889  
0.968114  0.0326056  
0.48309  0.526385  
0.370327  0.635715  
1.46482e-008  1.0251  
9.18219e-007  1.02246  
0.652817  0.349872  
0.475132  0.527933  
0.469181  0.540815  
0.854039  0.149396  
0.799182  0.228055  
0.871141  0.129446  
0.0555378  0.957165  
1.34857e-012  1.20013  
0.144761  0.878416  
0.799858  0.217468  
0.754823  0.248796  
0.809178  0.214237  
0.360027  0.648091  
0.774736  0.23035  
0.592866  0.411189  
0.680543  0.324051  
0.695642  0.311299  
0.857986  0.145172  
0.271031  0.734915  
0.97484  0.02637  
0.39953  0.616765  
0.699841  0.305316  
0.769841  0.233596  
0.686917  0.318516  
0.640466  0.373153  
0.585813  0.416413  
0.689095  0.315779  
5.33051e-010  1.08651  
2.9113e-010  1.11916  
0.277802  0.727413  
0.764896  0.237607  
0.0462334  0.962586  
0.285892  0.721008  
2.24102e-012  1.18525  
0.814616  0.208684  
0.98864  0.013466  
0.981651  0.0191281  
0.281416  0.722971  
0.265855  0.735486  
9.82713e-008  1.02252  
0.156303  0.867006  
5.36791e-009  1.05959  
5.40875e-009  1.05793  
3.32423e-012  1.14072  
3.58033e-012  1.2286  
2.1957e-012  1.23432  
1.01203e-011  1.2134  
1.98471e-010  1.16811  
3.90051e-010  1.12597  
1.58523  0.0435674  
2.18028  0.0224796  
0.469663  0.782673  
1.53218  0.18166  
0  7.36857  
7.18549  0  
2.27924  0.00107954  
1.55499e-008  1.05318  
1.12592  0.278762  
0.859548  0.335124  
0.608177  0.543723  
0.538439  0.776432  
0.556998  0.720856  
4.49178  2.50026e-006  
0.280961  0.792309  
0.0788582  0.978017  
2.91435e-013  1.36266  
0  8.09617  
11.0432  0  
5.02448  2.79677e-006  
8.3227e-013  1.71684  
2.1188  0.0582316  
3.69942  0.0266606  
0.638907  0.696166  
1.10328  0.404133  
1.75414  0.348057  
0.227621  1.14627  
3.97251  0.00267093  
9.71489e-013  1.45135  
3.49831e-010  1.20546  
8.11089e-012  1.23404  
