0.852086  0.100314  
0.0150993  0.915849  
0.592403  0.276307  
0  1.61178  
0.0535922  0.831515  
0.605943  0.245715  
3.79646e-015  1.4056  
0.296557  0.493699  
0.78856  0.126162  
0.955506  0.0685647  
0.000893149  1.04382  
0.995156  0.0254449  
0.988404  0.0449624  
0.280018  0.679193  
5.65117e-010  1.18724  
5.39504e-010  1.19209  
2.51649e-010  1.20565  
0.540342  0.37084  
3.9918e-013  1.25331  
5.41664e-014  1.42464  
7.37295e-015  1.49072  
4.21793e-015  1.54281  
0.0074846  1.13994  
1.36446e-012  1.30205  
0.997776  0.0553584  
0.329671  0.57802  
0.427342  0.496471  
0.809001  0.227757  
0.980156  0.0850061  
0.923096  0.134609  
0  1.61807  
0.246801  0.932724  
0.771541  0.29356  
0.0015263  1.17879  
0.724208  0.443647  
3.42435e-010  1.21355  
0.0628104  1.07902  
0.0183203  1.11855  
0.137871  1.03258  
4.79828e-015  1.54362  
1.11204e-014  1.4917  
5.44659e-014  1.4775  
1.79809e-013  1.42679  
1.37793e-013  1.44585  
3.9918e-013  1.42658  
0.0183203  1.1188  
0.228073  1.05055  
0.237233  1.0391  
1.20707e-015  1.73548  
2.51649e-010  1.36259  
6.94124e-011  1.36605  
4.32167e-011  1.38597  
2.07063e-012  1.41237  
0.337372  0.958102  
0.999117  0.0622638  
0.259568  1.03011  
0.000174223  1.22202  
1.60398e-015  1.65165  
4.74592e-010  1.23636  
2.82889e-010  1.31359  
0.697823  0.497732  
0.53566  0.533101  
0.981585  0.100555  
0.923096  0.172214  
0.385672  0.846249  
0.525476  0.708918  
0.348844  0.916843  
0.463624  0.731336  
0.000301837  1.21474  
0.347975  0.946161  
0.288515  0.994916  
0.206484  1.10752  
0.847801  0.373727  
3.82596e-010  1.26952  
0  2.01455  
1.03461e-014  1.60883  
4.53621e-014  1.55237  
1.37793e-013  1.51674  
7.70835e-014  1.54902  
2.335e-013  1.51069  
0.0786627  1.1296  
0.0207225  1.18945  
0.170696  1.12265  
4.75556e-005  1.29243  
0.337372  0.983725  
0  2.02238  
0.999471  0.114068  
0.55718  0.587929  
0.519135  0.764394  
0.745813  0.567185  
0.462386  0.871338  
3.08198e-010  1.32326  
0.989339  0.267056  
0.206484  1.11656  
0.849853  0.508973  
0.869688  0.414789  
0.996888  0.201621  
0.000221853  1.27262  
2.20075e-011  1.42519  
0.999705  0.44875  
