1.68159  0.595389  
7.50113  0.133363  
1.85078  0.540592  
3.53964  0.285111  
1.7552  0.570364  
3.87405  0.259286  
2.51907  0.398043  
2.87712  0.347821  
3.66995  0.275804  
2.38636  0.421655  
4.47346  0.226283  
5.13524  0.195275  
2.7068  0.371605  
4.5944  0.218509  
5.0222  0.200257  
2.63923  0.379614  
5.57615  0.179918  
3.77068  0.265503  
3.43642  0.294184  
3.97981  0.254842  
1.9533  0.512419  
5.52369  0.181788  
2.56728  0.395364  
2.98536  0.339657  
5.68281  0.177625  
3.15811  0.318786  
7.01691  0.142582  
6.93695  0.144256  
6.2933  0.159142  
4.2497  0.23646  
5.359  0.18729  
6.00101  0.166782  
7.10265  0.140831  
6.37419  0.157017  
4.14152  0.241861  
6.06321  0.166029  
4.1922  0.239678  
4.72317  0.212389  
5.94284  0.168335  
5.43994  0.184136  
3.72354  0.2712  
3.35241  0.30757  
3.21422  0.312682  
6.84253  0.146164  
2.79568  0.362076  
3.0972  0.328546  
6.16183  0.162699  
6.1122  0.163703  
7.17737  0.139336  
3.06022  0.329376  
4.08474  0.246858  
4.97951  0.204152  
4.77553  0.211547  
6.893  0.14509  
4.42277  0.22893  
2.80399  0.360047  
3.28509  0.308637  
4.31104  0.234375  
6.58357  0.15203  
5.27246  0.190192  
4.66768  0.215399  
5.8705  0.170603  
2.3555  0.431836  
7.06355  0.141734  
5.19278  0.19294  
3.00243  0.335092  
4.38079  0.229715  
7.24733  0.138766  
5.8039  0.172678  
4.81711  0.208662  
6.78643  0.147416  
2.1603  0.46685  
2.2081  0.454688  
2.12712  0.472103  
2.26238  0.44817  
4.63614  0.217533  
4.016  0.25188  
3.25858  0.309408  
5.89253  0.170002  
4.34106  0.23232  
7.39686  0.13566  
7.32585  0.13655  
4.04971  0.249218  
7.20252  0.138894  
6.21185  0.161201  
6.71127  0.149104  
6.64063  0.150718  
4.91607  0.204632  
4.86484  0.20639  
6.25252  0.160116  
4.92839  0.204481  
5.7604  0.173933  
6.47386  0.154804  
6.49704  0.154059  
2.19428  0.459557  
5.39221  0.185847  
1.99992  0.506296  
2.09355  0.479444  
2.31221  0.437763  
3.39168  0.295777  
