0.248131  -2.47346e-015  23.9322  
0.00254634  6.06245  0  
0.000230353  10.6402  7.01013e-029  
3.56143e-009  2.45694  4.60944  
25.4826  -1.94027e-016  1.87733  
25.287  -2.83069e-019  0.00273886  
20.8371  -5.45625e-017  0.527925  
3.90899e-007  6.56237  0.592211  
0.00132944  8.8198  5.81079e-029  
0.00801223  -2.29829e-015  22.2373  
3.68084e-006  2.94912  2.09034  
0.0169024  -2.36337e-015  22.8671  
4.11305e-009  2.12805  3.99242  
2.55666  -2.18087e-015  21.1013  
6.78951e-008  10.1453  0.915546  
9.96861e-007  9.3956  3.52696e-028  
12.0756  -3.72621e-016  3.60533  
14.6775  -7.42911e-016  7.18811  
19.3248  -2.79631e-016  2.7056  
4.30496  -2.14524e-015  20.7564  
20.045  -1.11297e-016  1.07686  
12.6338  -3.183e-016  3.07974  
9.53607  -6.24638e-016  6.04375  
0.0260968  5.25165  0  
15.8801  -1.33439e-016  1.2911  
1.37495  -2.07337e-015  20.0611  
14.125  -6.32118e-018  0.172055  
11.1034  -5.3123e-016  5.13997  
0.0012522  3.77443  5.09727e-028  
8.0312  -5.56048e-016  5.3801  
4.85803  -1.61261e-015  15.6029  
10.9558  -2.5744e-016  2.49089  
5.54127  -1.18028e-015  11.4199  
0.0350355  0.852089  10.4119  
2.70435  3.90874  0  
7.51357  -1.12715e-015  10.9058  
3.65576  -1.35614e-015  13.1215  
10.6756  -8.82503e-016  8.53875  
0.503306  1.14756  0.146436  
20.8252  -1.10822e-016  1.07227  
13.1004  -9.87666e-016  9.55626  
8.86291  -1.01127e-015  9.78468  
12.9337  -1.5629e-016  1.5122  
0.908308  -2.16399e-015  20.9379  
16.7113  -3.00958e-016  2.91195  
1.95296  5.04406  0  
7.00018  -8.79216e-016  8.50694  
6.23976  -1.89011e-015  18.288  
3.13398  -1.40233e-015  13.5683  
5.09581  -1.24021e-015  11.9998  
6.27342  -8.09452e-016  7.83193  
0.00979282  -2.02742e-015  19.6165  
1.65107  -1.33357e-015  12.9031  
18.3437  -3.11e-016  3.00912  
11.7052  -8.78806e-016  8.50297  
0.244245  -1.93671e-015  18.7388  
16.3401  -7.7289e-017  0.747818  
11.5724  -7.22354e-016  6.98921  
15.0468  -1.76276e-016  1.70557  
4.143  -1.27999e-015  12.3847  
0.000455283  4.48408  0.979089  
1.22283  -1.58138e-015  15.3008  
0.110599  1.39275  1.63551  
15.5452  -3.57535e-016  3.45937  
8.19319  -7.67131e-016  7.42245  
19.8804  -6.42109e-018  0.0621279  
3.77274  -1.106e-015  10.7012  
0.0425136  1.84766  0.235772  
3.39373  -1.4865e-015  14.3827  
0.212355  -1.99256e-015  19.2792  
10.333  -6.07509e-016  5.87801  
4.46439  -1.45523e-015  14.0803  
7.56679  -9.7427e-016  9.42665  
3.74786  -1.14099e-015  11.0398  
5.96073  -2.38211e-016  6.48379  
18.0215  -5.60032e-018  0.0541864  
8.47949  -7.92999e-016  7.67274  
6.22793  -1.20839e-015  11.6919  
2.77694  -9.68828e-016  9.37399  
7.97447  -9.58845e-017  2.60985  
9.93113  -7.20172e-016  6.9681  
3.02284  1.61231  0  
0.179517  -1.78949e-015  17.3144  
0.677571  -1.65625e-015  16.0252  
0.147256  -1.86052e-015  18.0017  
17.2597  -1.11321e-017  0.10771  
0.767841  -1.57159e-015  15.2061  
6.55192  -9.32306e-016  9.02062  
0.197087  -1.96464e-015  19.0091  
6.75341  -1.32437e-015  12.8141  
15.3716  -3.77946e-016  3.65685  
1.35293  -1.54548e-015  14.9534  
16.8335  -2.82078e-018  0.0767781  
0.297675  -1.72928e-015  16.7318  
0.000708089  4.50817  1.35923e-027  
19.0551  -1.05238e-016  1.01824  
4.94885  -1.81804e-015  17.5906  
18.6263  -1.07028e-017  0.103556  
3.9148  -1.4151e-015  13.692  
8.65609  -5.18761e-016  5.01932  
