1.5175e-023  2.27983e-016  3.72324  
2.28012  0.000120249  0  
0.0077504  6.29022  4.47897e-011  
6.34333  7.01829e-120  0.0333134  
6.36889  4.60967e-043  1.43045e-107  
1.06527  3.8351  1.06592e-113  
2.64131e-023  1.24837e-016  2.03875  
3.08635  8.19637e-005  0  
1.82802e-016  2.98538  5.27989e-011  
5.90751  1.93105e-042  1.40292e-107  
4.03329  7.12318e-044  8.35026e-104  
5.11296  1.28378e-119  7.62434e-005  
0.0210918  2.28901  2.32001e-011  
4.72362  5.25019e-044  4.6067e-104  
2.45006  8.51226e-015  1.89295e-116  
4.28989  5.4872e-044  6.5745e-104  
0.131706  1.90365  0.00515566  
6.27898  1.44634e-119  1.96057e-005  
5.08392  5.02256e-042  1.38944e-107  
1.33555e-016  2.18112  4.66948e-010  
1.96859  0.301664  1.1081e-115  
1.33464  1.60138  9.70593e-116  
0.343792  1.8165  1.32983e-007  
1.69486  2.17336e-116  0.14235  
1.52698  0.0432687  0.256424  
0.604493  0.49658  0.667792  
3.56215e-023  1.0296e-016  1.68147  
0.202458  4.38508e-117  1.38655  
0.176785  1.05286e-043  1.21073  
4.0849  6.35833e-044  6.44439e-104  
4.72958e-022  9.14741e-017  1.49389  
1.1351  8.65018e-119  0.829107  
1.21591e-016  1.39452e-018  1.98587  
1.43411  0.163758  0.016134  
0.0713135  3.53065e-118  1.80911  
1.68036  0.128001  2.54517e-114  
0.00909179  1.54062  0.00832503  
2.16366  0.011826  0  
0.177593  1.43039  0.000198592  
2.33353  3.74439e-011  3.63216e-113  
0.851582  1.35289  0.00831359  
1.20568  0.434691  0.0696555  
0.304556  7.06922e-117  1.12987  
0.0134031  1.1121  0.208905  
7.06942e-006  1.21276  0.238228  
0.558949  1.39748  0.00109902  
0.656076  0.570432  0.566039  
1.34137  0.101748  0.134456  
0.104223  5.8719e-117  1.43285  
1.29533  0.219291  0.0431706  
0.0284911  0.798816  0.88465  
0.760391  0.465431  0.58205  
0.993846  0.743626  0.125075  
0.802694  0.330839  0.550651  
0.968796  0.562688  0.164528  
0.227431  0.178858  0.968616  
0.245251  0.849759  0.475535  
1.09277e-016  4.88472e-018  1.78641  
0.686449  0.540946  0.50838  
0.350376  0.0879396  0.951057  
0.0709566  0.134532  1.01199  
2.6479e-005  1.02585  0.221707  
1.09425e-005  1.11287  0.240516  
0.513502  0.712982  0.580977  
2.44121  1.15191e-043  2.43963e-106  
2.23853  2.41316e-043  1.71299e-105  
0.773442  0.366472  0.543997  
0.718339  0.610732  0.376086  
7.74758e-017  1.26528  0.0110204  
1.04801  0.0697815  0.560899  
0.926967  2.04592e-117  0.619114  
0.838827  0.397453  0.421844  
0.958058  0.958051  0.0845441  
0.0514804  1.24587  0.0733979  
0.333819  0.0513462  1.00581  
0.719557  0.495216  0.500005  
0.605927  0.673567  0.456971  
0.436669  2.60062e-043  0.958197  
0.457305  0.909082  0.313968  
1.25184  0.900654  4.50133e-100  
2.10453  2.11362e-119  7.38098e-007  
2.03039  2.92296e-119  3.4245e-005  
1.10913  0.36843  0.29153  
0.285631  0.884383  0.392269  
0.00139493  0.00120486  1.08059  
1.14028  0.25108  0.285855  
1.00323  0.0884934  0.311636  
0.862473  0.632155  0.355941  
0.527058  0.763981  0.408006  
0.271894  0.84185  0.515573  
0.898138  0.286638  0.43427  
1.28134  0.984122  1.44487e-114  
0.480934  0.803972  0.615112  
0.27197  0.942336  0.328604  
0.0910623  0.958817  0.334339  
0.875073  0.279277  0.45145  
0.170729  0.159136  1.00995  
0.536384  0.687372  0.61451  
0.299151  0.235317  0.945367  
0.0022133  0.656019  0.915568  
