0.0272695  -2.36504e-015  22.8832  
0.00895431  9.55104  3.83607e-012  
23.7582  -2.4399e-016  2.36075  
4.86333e-006  9.24311  5.41914e-010  
1.51885  3.36525  0  
0.0303595  8.14224  1.74879e-012  
0.314713  5.71046  5.45907e-013  
1.15253  5.33315  9.9183e-017  
23.0517  -1.85376e-016  1.79362  
22.115  -3.17417e-016  3.0712  
0.0682126  -2.19772e-015  21.2643  
0.0394034  -2.31077e-015  22.3581  
14.7599  -1.59699e-016  1.54519  
21.1807  -2.73937e-016  2.6505  
20.6378  -3.01378e-016  2.91601  
19.8176  -3.57276e-016  3.45686  
0.780374  2.96126  0.000141147  
0.282525  -1.86822e-015  18.0761  
15.6513  -4.35675e-016  4.21542  
7.86194  -9.8103e-016  9.49205  
11.7888  -7.04965e-016  6.82096  
5.68878  -1.31262e-015  12.7004  
0.34248  -1.92463e-015  18.622  
4.24433  -1.80732e-015  17.4869  
18.2235  -3.65316e-016  3.53465  
0.335296  -1.97796e-015  19.1379  
0.703858  -2.03093e-015  19.6505  
0.67325  -2.07344e-015  20.0618  
3.16841  -1.37114e-015  13.2666  
15.4859  -3.54476e-016  3.42977  
12.1732  -9.05025e-016  8.75666  
9.59873  0.115322  0.802448  
3.87334  -2.82492e-016  7.68909  
4.66116  0.619921  0.13427  
4.07032  -1.39473e-015  13.4948  
0.368456  -2.13867e-015  20.693  
0.494855  -2.11495e-015  20.4634  
0.180837  2.2687  0.000184996  
1.34643  0.731484  4.88087  
7.41117  -1.10754e-015  10.7162  
13.2011  -6.50571e-016  6.29467  
3.33224  0.635542  0.0419283  
9.93025  -6.04789e-016  5.8517  
8.85516  -9.95938e-016  9.63629  
6.35612  -1.02134e-015  9.88211  
0.216507  1.93684  0.899043  
11.1971  -7.3048e-016  7.06783  
18.6669  -2.96887e-016  2.87256  
11.5623  -6.7274e-016  6.50916  
18.9701  -2.17397e-016  2.10344  
10.2004  -1.03817e-015  10.0449  
6.72909  -1.19331e-015  11.546  
12.5521  -4.75151e-016  4.59737  
5.49429  -9.42276e-016  9.11709  
2.74745  0.707615  0.0387663  
5.53728  -1.45411e-015  14.0694  
2.91704  -1.7315e-015  16.7533  
13.774  -4.65982e-016  4.50866  
13.3468  -4.24534e-016  4.10762  
6.09047  -9.3189e-016  9.01659  
6.09878  -1.54707e-015  14.9689  
8.45414  -1.15419e-015  11.1675  
1.27194  1.21734  0.360418  
14.3026  -2.67873e-016  2.59183  
3.10853  0.287938  0.348073  
19.3827  -2.88031e-016  2.78687  
2.00493  0.893835  1.08051  
8.05711  -1.27825e-015  12.3678  
16.3012  -3.39023e-016  3.28025  
9.15471  -5.56337e-016  5.38289  
5.00883  -1.25184e-015  12.1123  
6.66498  -1.24335e-015  12.0302  
8.6955  -5.46813e-016  5.29074  
2.24722  -1.72535e-015  16.6938  
17.8623  -3.36327e-016  3.25416  
13.6197  -1.07426e-015  10.3941  
10.9182  -8.10847e-016  7.84543  
8.08285  -1.05833e-015  10.2399  
16.9935  -3.38152e-016  3.27183  
6.53235  -1.50869e-015  14.5975  
5.74697  0.0306665  1.31716  
1.0333  -1.77432e-015  17.1676  
12.4447  -4.0529e-016  3.92142  
1.27257  -1.43609e-015  13.895  
0.951083  1.57292  1.12768  
7.02835  -1.59324e-015  15.4156  
16.7042  -2.67499e-016  2.58822  
9.94616  -7.53991e-016  7.29531  
13.1109  -5.30707e-016  5.13491  
1.63618  1.18653  0.293015  
9.29504  -5.78266e-016  5.59507  
1.10904  1.76081  0.817332  
11.3668  -7.4155e-016  7.17494  
17.6199  -3.44559e-016  3.33381  
10.5356  -8.51535e-016  8.23911  
6.84803  -1.26673e-015  12.2563  
9.37076  -5.69466e-016  5.50993  
1.65876  2.22597  0  
8.34157  -8.48106e-016  8.20593  
17.408  -3.34418e-016  3.2357  
