1.43086e-061  6.42626  
2.20436e-026  1.14107  
0.509562  0.317691  
0.960432  0.084728  
0.949752  0.093593  
2.30733e-036  1.19383  
3.02355e-064  12.7278  
0.837462  0.22785  
4.27545e-054  1.72552  
0.0613534  1.03396  
6.02112e-058  2.94211  
9.37946e-053  1.1967  
7.45986e-058  2.83716  
3.23341e-059  3.78516  
8.84177e-053  1.66962  
5.99265e-059  3.02961  
6.07752e-060  4.35194  
3.11845e-056  2.1276  
4.92334e-061  4.88784  
5.11792e-063  9.34092  
1.35692e-057  2.39829  
6.50474e-062  7.35991  
7.30548e-059  3.01023  
9.37946e-053  1.62752  
1.48724e-059  3.97713  
2.13904e-063  10.808  
1.49435e-059  3.80183  
1.86471e-062  9.28735  
9.37946e-053  1.29006  
2.46747e-060  5.65108  
8.09835e-063  9.9107  
2.21622e-063  12.534  
2.3663e-063  11.5238  
4.27545e-054  1.82568  
3.44267e-054  2.13614  
9.37946e-053  1.41541  
1.48724e-059  5.22425  
8.84177e-053  1.72474  
4.84705e-037  1.25278  
1.11693e-036  1.20761  
2.42352e-037  1.27918  
1.11681e-036  1.25048  
1.08036e-052  1.34465  
1.88082e-052  1.313  
1.35692e-057  3.1394  
0.515843  0.378141  
2.34626e-058  3.25298  
1.84545e-061  7.40243  
9.30308e-059  4.36003  
4.32423e-060  5.62612  
7.01036e-062  8.92172  
5.57965e-056  2.17911  
3.23341e-059  4.96308  
5.17278e-063  11.7108  
2.98161e-058  3.88817  
8.92489e-063  10.4406  
6.09369e-056  2.22272  
3.46623e-060  6.33218  
8.84177e-053  1.84064  
1.08036e-052  1.44359  
6.08902e-056  2.83096  
1.59374e-061  10.0014  
7.7119e-059  5.96205  
2.86173e-060  7.4356  
4.92334e-061  7.77704  
1.09303e-058  4.71936  
4.95858e-053  1.96646  
3.72752e-053  2.14994  
5.99265e-059  6.18118  
2.47942e-053  2.1887  
2.98162e-058  3.3305  
5.56742e-041  1.44131  
1.34059e-036  1.2166  
7.39958e-038  1.41307  
3.14325e-037  1.28358  
0.729678  0.468808  
5.58406e-037  1.26181  
7.36652e-063  12.3862  
2.30739e-036  1.24545  
1.05073e-060  7.88942  
1.33557e-058  5.81893  
5.27701e-061  9.21237  
2.98319e-058  4.89978  
5.15372e-061  9.73468  
6.84535e-058  3.57735  
1.03649e-062  11.162  
2.49201e-061  10.6574  
2.36115e-059  6.54486  
6.09369e-056  2.75328  
8.09835e-063  11.9136  
3.01512e-058  4.45296  
3.46623e-060  7.42444  
5.24369e-061  9.35879  
1.44913e-062  10.7294  
8.04436e-063  11.992  
6.02112e-058  3.98829  
2.22126e-059  6.77253  
4.3922e-058  4.13877  
2.16524e-054  2.2243  
1.08036e-052  1.91677  
