6.00742e-031  1.01481  
0.73485  0.285215  
0.617419  0.399821  
0  1.04295  
0.976622  0.0660114  
0.217454  0.804615  
0.859886  0.199495  
0.606411  0.438285  
0.128815  0.94657  
0.79957  0.23598  
0.181149  0.820688  
0.923094  0.100445  
0.4944  0.520815  
0.542334  0.464331  
0.421148  0.603412  
0.346307  0.685049  
0.367406  0.683565  
0.252273  0.776541  
0.44787  0.563688  
0.120362  0.953109  
0.648421  0.367128  
0.559003  0.447983  
0.978056  0.0382734  
0.0591769  1.00966  
0.850004  0.22846  
0.719435  0.32217  
0.769422  0.260809  
0.905317  0.153988  
0.942737  0.0979237  
0.520973  0.488816  
0.131757  0.90296  
0.103348  0.975415  
0.686303  0.342221  
0.868858  0.160685  
0.811319  0.231774  
0.329371  0.714332  
0.321745  0.727991  
0.327933  0.714781  
0.279724  0.738321  
0.643355  0.384396  
0.227503  0.776887  
0.370328  0.622093  
0.832687  0.230813  
0.565833  0.442779  
0.662299  0.36575  
0.0817959  0.985992  
0.177297  0.870301  
0.283355  0.752059  
0.786536  0.266151  
0.711904  0.348063  
0.758529  0.294455  
0.726114  0.34156  
0.447966  0.593319  
0.982635  0.0626817  
0.872444  0.188008  
0.351067  0.689607  
0.464834  0.564649  
0.149751  0.905101  
0.183351  0.880971  
0.879223  0.187122  
0.193571  0.825063  
0.227503  0.790339  
0.545229  0.46787  
0.983958  0.0447608  
0.19352  0.845177  
0  1.39164  
0.649969  0.367191  
8.08833e-009  1.27778  
0.103348  0.987943  
0.743402  0.321165  
0.79957  0.246243  
0.941225  0.109352  
0.371106  0.656619  
0.00115102  1.21815  
0.610746  0.439822  
0.0012443  1.15893  
0.627024  0.40104  
0.770701  0.275  
0.977941  0.0932844  
0.912621  0.162276  
0.371373  0.62756  
0.142846  0.917136  
0.513193  0.520982  
0.281658  0.779501  
0.4944  0.536365  
0.0100791  1.06116  
0.226316  0.8165  
0.0389078  1.03397  
0.136209  0.946517  
0.0731749  1.01614  
0.124566  0.980385  
0.00597873  1.10781  
0.287124  0.741051  
0.343913  0.720936  
0.837164  0.234109  
0.0616129  1.0295  
0.00100286  1.24514  
0.00912612  1.0914  
0.266607  0.788041  
0  1.95104  
