8.92925e-027  6.14729e-017  1.00393  
2.06136  1.00059e-007  3.93631e-005  
4.31767e-008  3.06764e-037  1.00435  
0.000789781  1.67106  0.00294035  
0.997081  0.177371  2.52744e-032  
6.71865e-017  1.59836e-018  1.09755  
1.24796  6.83837e-006  0.185339  
2.01622  0.0148447  0.00332312  
1.15358e-005  1.23478  0.84019  
0.00103188  1.62283  0.0028555  
3.48664e-005  1.13163  0.0389494  
1.11856  1.96393e-006  0.194859  
1.21028  2.75614e-005  0.114141  
1.02854  7.62401e-006  0.128996  
0.471364  0.854199  0.557068  
0.000907309  1.02986  0.00945803  
0.741591  0.618223  0.405637  
0.0678932  0.113248  0.991873  
0.998291  0.0915231  0.024462  
4.87254e-017  4.01309e-017  1.03089  
0.266906  0.735556  0.731285  
0.438518  0.198596  0.911222  
0.0024289  0.911623  0.595129  
0.70581  0.752363  0.257495  
0.249933  0.1683  0.955237  
0.969766  0.0144189  0.434703  
0.238806  0.832854  0.68687  
0.321335  0.665275  0.802022  
0.868894  0.481928  0.289325  
0.825608  0.383629  0.58401  
0.984331  0.0548398  0.326954  
0.582726  0.321458  0.818503  
0.950559  0.232398  0.27722  
0.803877  0.0246683  0.657621  
0.910683  0.273886  0.474237  
0.492475  0.709762  0.625683  
0.0857136  0.1873  0.980247  
0.270673  0.0778669  0.964289  
0.886744  0.474878  0.0106793  
0.715868  0.136093  0.780048  
0.193222  0.7034  0.834482  
0.632464  0.546909  0.721332  
0.344832  0.920456  0.344139  
0.348404  0.94918  0.22603  
0.387414  0.869898  0.531092  
0.175594  0.434666  0.90417  
0.778175  0.567424  0.485469  
0.676725  0.311435  0.798925  
0.928343  0.417444  0.203116  
0.52821  0.765109  0.613232  
0.405515  0.29569  0.927141  
0.849074  0.352417  0.445359  
0.159311  0.428061  0.939349  
0.43374  0.229591  0.935273  
0.840494  0.449024  0.468587  
0.215695  0.288565  0.937695  
0.786939  0.656027  0.329887  
0.109626  0.799126  0.764365  
0.145237  0.253046  0.965578  
0.599445  0.577446  0.65083  
0.657172  0.409038  0.751247  
0.854757  0.533805  0.162748  
0.366712  0.976974  0.0979183  
0.796955  0.364292  0.634653  
0.764178  0.486254  0.507281  
0.698216  0.235174  0.710426  
0.119195  0.931933  0.530368  
0.300268  0.992269  4.96202e-032  
0.752842  0.610571  0.367781  
2.05943  0.00468598  0.000138706  
0.616724  0.802588  0.141812  
0.437657  0.369296  0.862592  
0.636526  0.39153  0.754739  
0.302735  0.0554896  0.960331  
0.606331  0.805743  0.0755174  
0.131162  0.511205  0.872271  
0.0219985  0.531421  0.879068  
0.04461  0.0288975  1.00019  
0.0324174  0.0433692  0.999576  
0.606928  0.138123  0.840125  
0.535213  0.601993  0.751033  
0.875061  0.500497  0.00816158  
0.0999763  0.822993  0.713966  
0.767976  0.677141  0.0595554  
0.539171  0.812453  0.366091  
0.0396738  1.01469  0.0593196  
2.01982  6.90589e-006  0.00185809  
0.547448  0.459938  0.794733  
0.0096541  0.783785  0.915152  
0.416106  0.700406  0.697007  
0.554657  0.844774  0.0534839  
0.832247  0.591498  0.213692  
0.131546  0.280908  0.969897  
0.373223  0.399287  0.921271  
0.0126782  0.970037  0.451309  
0.706311  0.693745  0.333885  
0.356202  0.960642  0.101855  
0.020289  0.960846  0.383204  
0.563466  0.836196  0.0431379  
0.540542  0.2448  0.89689  
