9.20823e-019  1.17895e-016  1.92543  
6.07973  2.82888e-138  0.000611259  
0.000954734  2.07662  0  
2.14447e-016  3.50218  1.64274e-007  
3.38807  1.06889e-142  0.393147  
4.95538  2.1792e-141  0.0119841  
4.00112  5.61491e-111  1.3786e-028  
9.7327e-017  2.28657e-017  1.63275  
2.62605  8.25907e-137  9.98805e-007  
7.28188e-005  1.56703  0.0327123  
6.41635e-017  3.1114e-017  1.16457  
2.28845  1.67906e-142  0.0296478  
2.98807  1.60965e-139  0.0210114  
2.93461  3.37706e-110  1.12355e-027  
0.86445  0.351075  0.546572  
0.00439998  1.46705  0  
1.75982  1.60927e-111  0.00106836  
0.0713312  1.35151  4.52602e-008  
1.63384  6.45118e-138  0.10442  
1.99737  1.18348e-006  0  
0.416856  0.336352  0.944748  
1.55476  8.51854e-136  0.178269  
0.822183  0.472825  0.38396  
2.16291  1.35575e-138  0.0034403  
0.272616  0.61123  0.752388  
0.175657  0.836467  0.698741  
1.10189e-017  6.2624e-017  1.03844  
1.85816  1.32622e-138  0.172348  
0.523334  1.25113  0.00150306  
1.88672  1.73375e-135  1.17527e-006  
0.310016  0.929792  0.34454  
2.09876  6.32779e-139  0.223952  
1.03058  0.540794  0.179347  
0.116437  1.09286  0.136736  
0.772864  0.703786  0.248588  
4.44298e-017  5.08867e-017  1.10323  
0.541644  0.74301  0.635205  
0.501767  0.404865  0.827786  
1.46068  1.27685e-138  0.20634  
0.0829433  0.571113  0.858507  
0.223658  0.825396  0.610633  
1.24804  0.003456  0.0570524  
1.39669  5.98588e-138  0.1973  
0.35594  0.920997  0.346929  
0.381561  0.42865  0.8459  
0.24238  0.596963  0.765791  
1.15366  1.17082  0  
0.0719233  1.01094  0.231505  
0.953048  0.442163  0.200316  
0.653618  0.77289  0.00663334  
0.0407533  0.977284  0.268436  
1.44498  0.165754  0  
0.668423  0.691982  0.306165  
0.446533  0.284688  0.891977  
0.913284  0.357971  0.2434  
1.0857  0.0823275  0.212547  
0.605805  0.216635  0.800648  
0.924762  0.159715  0.373066  
1.32872  0.758535  0  
0.150765  0.956276  0.273099  
0.181199  0.63592  0.803774  
0.615253  1.05715  0.217383  
0.219788  0.905671  0.631646  
1.04683  0.301981  0.207732  
2.12817  5.32753e-138  0.157614  
0.976369  0.0673642  0.239402  
0.887522  0.551243  0.228394  
0.100617  0.955364  0.353406  
0.485476  0.314002  0.887638  
0.696215  0.680318  0.388978  
0.607271  0.649005  0.580075  
0.572205  0.242024  0.812254  
0.488825  0.839919  0.28313  
0.72271  0.139263  0.759089  
1.2163  0.00260235  0.0986152  
1.27315  5.82113e-112  0.149094  
0.54278  1.24725  0  
1.19737  0.656072  5.21237e-023  
0.0253814  0.708388  0.754088  
1.01419  0.013986  0.222093  
0.831615  0.00158596  0.605762  
0.581153  0.24669  0.778107  
1.11726  0.895517  0.00305796  
0.610753  0.889468  0.217414  
1.31871  4.73229e-112  0.147036  
0.00269029  1.20063  0.0253026  
1.23007  0.000111832  0.117966  
0.596255  0.073139  0.924162  
0.0629744  1.10685  0.0159231  
0.619427  0.0386473  0.832138  
0.625319  0.331259  0.754613  
0.658219  0.681419  0.324841  
1.41828  0.744761  0  
0.73739  0.00467757  0.773309  
0.466013  0.425976  0.778135  
0.973635  0.119249  0.269977  
0.572969  0.107949  0.903529  
1.16762  0.00603762  0.0101808  
0.438198  0.353572  0.905218  
1.10189  0.0226804  0.215203  
