0.00807979  0.0106864  2.57849  
0.488587  1.44666  0.46057  
1.70807  0.359214  0.418919  
1.55012  0.47575  0.151678  
0.287864  0.133581  1.66539  
0.494856  0.459208  1.44318  
0.358035  0.495965  1.36061  
0.483977  0.715341  1.33822  
0.58735  1.33237  0.704801  
1.48087  0.678389  0.215726  
1.70767  0.229967  0.502809  
1.57739  0.472329  0.301857  
1.59817  0.193495  0.556477  
1.67971  0.376319  0.385816  
1.24643  0.639195  0.823302  
0.865864  0.415221  1.29273  
1.22777  0.344277  0.972471  
1.61693  0.27352  0.445832  
1.58309  0.299965  0.436623  
1.50129  0.571806  0.197565  
0.617543  0.460257  1.3921  
1.37658  0.701204  0.669972  
0.979542  1.14119  0.592914  
0.513622  1.25457  0.86551  
1.0129  0.391133  1.20999  
1.34481  0.866785  0.335836  
1.55329  0.186617  0.565141  
1.07141  1.11925  0.56761  
0.747473  1.08946  0.900577  
1.46248  0.317889  0.763924  
1.40941  0.774169  0.27102  
0.531047  1.3076  0.749026  
1.5448  0.51018  0.164283  
0.608595  1.32522  0.688073  
1.3573  0.839298  0.401977  
1.66895  0.242119  0.48521  
1.20357  1.00976  0.524629  
1.51885  0.566453  0.183213  
1.19176  0.424683  1.06842  
0.907584  1.19444  0.620299  
1.41704  0.810604  0.257854  
1.63795  0.24494  0.478057  
0.643766  1.39831  0.605058  
0.522838  1.2997  0.784365  
0.532974  1.37467  0.671349  
1.26528  0.713092  0.727472  
0.929607  1.22343  0.61497  
0.802632  0.990425  1.03797  
0.774662  0.823929  1.14575  
0.963197  0.908943  0.960553  
1.63792  0.161113  0.50295  
1.0963  0.893254  0.914583  
1.21132  0.508005  1.05618  
0.523755  1.42197  0.488  
0.765785  0.961606  1.05903  
0.824961  0.676936  1.19753  
1.44007  0.73041  0.232183  
0.781508  0.452847  1.36969  
0.879584  1.18351  0.64424  
0.56738  0.995977  1.10124  
1.153  1.15045  0.36596  
0.702911  0.871981  1.17742  
1.43164  0.267755  0.807026  
1.28419  0.604491  0.811713  
1.25258  0.973231  0.355905  
0.496275  0.805555  1.27514  
1.17327  0.892278  0.835706  
0.738452  1.15556  0.83748  
0.830249  0.920396  1.01557  
1.10363  0.445666  1.18362  
0.891906  1.04765  0.863472  
1.20305  0.984642  0.569384  
0.634997  0.450091  1.41357  
0.825908  0.617085  1.2312  
1.33627  0.601208  0.854619  
1.10966  0.548497  1.08521  
0.714974  0.83057  1.15498  
0.966731  0.838634  0.986581  
0.828993  0.951806  1.00585  
0.896684  1.13155  0.701777  
0.497169  0.853729  1.24585  
0.571335  0.451158  1.41687  
1.31463  0.55854  0.881469  
0.639858  1.1756  0.895949  
0.680438  1.38285  0.45431  
0.81215  0.52474  1.31452  
1.04787  0.484831  1.17333  
1.42858  0.520571  0.726521  
1.59352  0.407155  0.429856  
1.13726  1.02783  0.675394  
1.0168  1.20671  0.538296  
1.04137  0.529465  1.19516  
0.988126  0.940725  0.916726  
0.942037  1.22215  0.505906  
1.43996  0.250402  0.771257  
0.653994  0.57625  1.33542  
0.855323  0.808157  1.11703  
1.02444  0.734599  1.0774  
1.18574  1.06767  0.360259  
1.38734  0.535247  0.760503  
