0.36522  -9.21242e-016  25.075  
25.0895  -1.41541e-016  3.85257  
0.108303  1.84098  8.83468e-008  
0.92134  0.198997  7.21789e-010  
0.054664  0.699471  0.199882  
5.36245  -8.84092e-016  24.0639  
1.2289  -8.2564e-016  22.4729  
7.71049  -5.82419e-016  15.8527  
7.74563  -6.22893e-016  16.9544  
16.1879  -9.5316e-017  2.59438  
18.2921  -1.64786e-016  4.48526  
18.8235  -1.72746e-016  4.70192  
3.46755  -5.54608e-016  15.0957  
21.3726  -1.3068e-016  3.55694  
2.76288  -2.66269e-016  7.2475  
7.87342  -6.91606e-016  18.8246  
10.6005  -4.50628e-016  12.2655  
4.34534  -6.78591e-016  18.4704  
11.7428  -3.16762e-016  8.62185  
20.5538  -1.50363e-016  4.09269  
20.1075  -1.12402e-016  3.05945  
2.06483  -7.72638e-016  21.0302  
3.19175  -1.7802e-017  0.484548  
23.0751  -1.29797e-016  3.5329  
6.37099  -6.62279e-016  18.0264  
2.22747  -8.14063e-016  22.1578  
12.1667  -3.46553e-016  9.43274  
17.0668  -4.15867e-016  11.3194  
12.0058  -3.53155e-016  9.61244  
1.5178  -7.93711e-016  21.6038  
17.8693  -2.31109e-016  6.29049  
8.10763  -5.30252e-016  14.4328  
7.07995  -7.59607e-016  20.6755  
0.305497  0.00727427  0.928711  
19.251  -1.28769e-016  3.50493  
6.60517  -6.59794e-016  17.9588  
15.5525  -1.52633e-016  4.15448  
11.0109  -2.08698e-016  5.68049  
12.585  -3.70193e-016  10.0762  
6.89957  -2.99537e-016  8.15301  
0.136318  1.41482  4.61987e-008  
12.9092  -3.40577e-016  9.27007  
15.2624  -3.29386e-016  8.96547  
21.9078  -1.25056e-016  3.40386  
14.967  -8.32563e-017  2.26613  
24.5243  -1.37432e-016  3.74073  
15.9534  -1.46982e-016  4.00065  
4.0749  -1.68831e-016  4.59537  
4.8145  -4.71982e-017  1.28468  
22.4748  -1.26031e-016  3.43041  
2.38499  -7.10796e-016  19.347  
16.8858  -3.22591e-016  8.78052  
24.1381  -1.36463e-016  3.71436  
13.9181  -4.03191e-016  10.9743  
20.0735  -1.16135e-016  3.16105  
0.749471  0.545243  1.86584e-009  
8.56119  -6.40356e-016  17.4297  
22.5425  -1.26738e-016  3.44963  
14.6231  -4.37407e-016  11.9057  
13.3913  -4.36774e-016  11.8884  
11.5137  -2.12663e-016  5.78843  
16.4456  -2.89241e-016  7.87277  
4.18808  -7.35488e-016  20.0191  
14.1857  -2.45941e-016  6.69421  
4.56496  -7.02469e-016  19.1203  
9.00572  -5.46498e-016  14.875  
23.8356  -1.34197e-016  3.65266  
21.8534  -1.22166e-016  3.3252  
23.3426  -1.46961e-016  4.00009  
11.1579  -4.40725e-016  11.996  
8.75104  -6.36339e-016  17.3203  
6.64539  -7.30471e-016  19.8825  
9.30089  -4.25021e-016  11.5685  
9.86201  -2.76887e-016  7.53651  
23.6344  -1.4347e-016  3.90507  
8.65601  -3.61309e-016  9.83438  
7.82436  -5.41779e-016  14.7465  
19.6581  -1.27187e-016  3.46186  
4.39473  -4.92987e-016  13.4185  
16.4649  -4.71217e-016  12.8259  
7.48237  -2.5685e-016  6.99113  
12.5029  -3.75652e-016  10.2248  
3.64099  -6.39411e-016  17.404  
10.3073  -3.07845e-016  8.37915  
16.5888  -1.97794e-016  5.38369  
0.647203  0.573819  6.56095e-009  
6.97614  -7.45966e-016  20.3042  
1.06914  0.0935381  0.107262  
2.90737  -2.92803e-016  7.96973  
5.61039  -5.00042e-016  13.6105  
1.92075  -5.20782e-016  14.175  
11.4868  -4.18457e-016  11.3899  
5.69894  -3.35597e-016  9.13453  
21.4783  -1.60016e-016  4.35544  
15.0895  -2.22225e-016  6.04869  
20.4677  -1.14378e-016  3.11322  
19.5328  -1.49058e-016  4.05718  
24.4319  -1.38124e-016  3.75957  
3.39457  -2.27201e-016  6.18412  
0.0609429  1.09768  0.106744  
