0.0133182  -1.17458e-015  31.9707  
32.6822  -3.71734e-018  0.101181  
0.0115751  -1.14398e-015  31.1377  
0.167563  0.904285  0.000362768  
1.27043  0.166243  0.00011114  
0.0682131  -1.0776e-015  29.331  
0.345247  -9.76518e-016  26.5796  
30.8695  -1.83924e-017  0.500618  
30.2012  -1.31933e-016  3.59105  
14.331  -4.86857e-016  13.2516  
3.07298  -2.14407e-016  5.83588  
7.46606  -5.04218e-016  13.7242  
29.2042  -1.07874e-016  2.93621  
31.9587  -1.19848e-016  3.26211  
26.8238  -8.65077e-017  2.35463  
14.8289  -3.04548e-016  8.28941  
4.58305  -4.51473e-016  12.2885  
12.7582  -5.52133e-017  1.50284  
4.02254  -8.16449e-016  22.2227  
0.709521  0.414871  0.000277357  
3.39822  -8.38724e-016  22.829  
0.0492232  -1.11347e-015  30.3072  
2.34251  -7.86302e-016  21.4021  
31.4876  -1.09948e-016  2.99264  
20.683  0.00369045  0.913484  
27.684  -1.00489e-016  2.73517  
23.2386  -1.77945e-016  4.84344  
10.3536  -6.68149e-016  18.1862  
0.0693614  -1.08867e-015  29.6321  
17.7079  -2.01297e-016  5.47906  
18.7106  -2.71726e-016  7.39604  
20.9107  -2.04657e-016  5.57052  
19.862  -3.19319e-016  8.69146  
6.58626  -7.60031e-016  20.6871  
0.36522  -9.21242e-016  25.075  
2.44532  -6.33267e-016  17.2367  
23.9148  -1.63007e-016  4.43685  
8.88798  -7.49312e-016  20.3953  
22.3135  -1.53327e-016  4.17338  
9.88056  -6.27035e-016  17.0671  
5.36245  -8.84092e-016  24.0639  
12.2798  -4.04315e-016  11.0049  
13.4407  -4.13714e-016  11.2608  
1.8562  -3.98696e-016  10.852  
27.0463  -1.04897e-016  2.85517  
17.2697  -3.83582e-016  10.4406  
4.19982  -8.88928e-016  24.1955  
6.13397  -7.3152e-016  19.911  
0.337482  -9.42885e-016  25.6641  
6.76449  -8.03856e-016  21.8799  
11.324  0.00807493  1.17784  
10.9266  -4.68515e-016  12.7524  
16.1889  -2.89641e-016  7.88365  
15.784  -4.79432e-016  13.0495  
11.4865  -4.33761e-016  11.8064  
15.5503  -2.81513e-016  7.66242  
10.2486  -5.84683e-016  15.9143  
1.51934  -3.35783e-016  9.13958  
0.0127959  -1.12852e-015  30.7169  
5.7188  -8.48152e-016  23.0856  
20.4916  -7.94753e-017  2.16322  
0.932499  -8.33384e-016  22.6837  
26.2829  -1.18844e-016  3.23478  
22.954  -1.384e-016  3.76707  
15.0175  -4.32477e-016  11.7715  
17.5116  -3.51136e-016  9.55747  
7.09272  -5.6446e-016  15.3639  
13.7696  -5.24391e-016  14.2733  
24.9169  -1.10628e-016  3.01115  
24.4433  -1.71316e-016  4.663  
11.2112  -5.53093e-016  15.0545  
12.0512  -2.37546e-016  6.46571  
19.0893  -7.10774e-017  1.93464  
15.0798  -5.41141e-016  14.7292  
9.26217  -5.22203e-016  14.2137  
1.12083  -9.01565e-016  24.5394  
8.34533  -7.51018e-016  20.4418  
8.63616  0.0125571  1.83162  
8.53099  -6.03091e-016  16.4154  
22.5741  -1.67747e-016  4.56585  
21.4985  -8.00482e-017  2.17881  
20.0312  -1.94316e-016  5.28903  
4.89189  -6.8361e-016  18.607  
21.3653  -1.56838e-016  4.26893  
13.2864  -4.57314e-016  12.4475  
18.2853  -3.82751e-016  10.418  
8.0417  -6.88005e-016  18.7266  
7.21149  -6.07973e-016  16.5483  
15.3908  -1.27178e-016  3.46163  
18.5668  -2.45053e-016  6.67005  
20.0976  -1.82542e-016  4.96855  
28.2214  -1.04244e-016  2.83739  
12.9125  -3.32257e-016  9.0436  
2.01  -9.07797e-016  24.7091  
25.8257  -1.6533e-016  4.50007  
27.714  -1.55041e-016  4.22002  
16.4106  -3.67253e-016  9.99617  
16.6501  -1.84674e-016  5.02658  
11.7342  -2.31298e-016  6.29563  
9.5955  -5.8802e-016  16.0052  
