0.0150729  -3.25248e-015  31.4697  
1.13464  1.60599  1.90296e-009  
32.565  -2.76249e-016  2.67287  
1.56526  1.57814  1.86997e-009  
4.45066  -2.43993e-015  23.6078  
29.6936  -1.51777e-016  1.46853  
4.97388  -1.74302e-015  16.8647  
23.3709  -4.23345e-016  4.09611  
10.0197  -8.15506e-016  7.89051  
13.0729  -7.56534e-016  7.31992  
4.49484  -1.10657e-015  10.7067  
5.48588  -1.37472e-015  13.3012  
17.5794  -4.59349e-016  4.44448  
4.80786  -9.2987e-016  8.99705  
20.144  -3.60456e-016  3.48763  
22.1208  -4.33652e-016  4.19584  
14.0684  -5.1482e-016  4.98119  
4.21119  -1.5014e-015  14.5269  
16.9423  -3.94368e-016  3.81575  
20.5748  -3.22769e-016  3.12298  
15.7097  -3.81146e-016  3.68782  
5.24029  -1.61586e-015  15.6344  
15.216  -4.00367e-016  3.87379  
23.0237  -4.38064e-016  4.23853  
5.46331  -1.64337e-015  15.9006  
2.10668  -1.4219e-015  13.7577  
6.31371  -7.20736e-016  6.97355  
0.17169  1.1037  0.0793269  
8.88296  -5.97972e-016  5.78573  
7.81807  -6.72184e-016  6.50378  
8.05511  -6.53009e-016  6.31825  
6.0032  -4.68312e-016  4.5312  
6.84949  -5.32335e-016  5.15066  
4.33373  -6.36083e-016  6.15449  
8.59591  -5.60239e-016  5.42065  
7.31542  -5.70761e-016  5.52245  
6.19734  -4.8342e-016  4.67738  
9.14004  -5.37027e-016  5.19606  
9.76374  -3.67337e-016  3.5542  
7.71292  -5.81318e-016  5.6246  
8.44067  -7.22521e-016  6.99083  
0.833952  0.993553  2.99966e-008  
0.475174  0.105323  0.556434  
9.45489  -5.27956e-016  5.10829  
1.29463  -1.80131e-016  1.74288  
7.04092  -5.85748e-016  5.66746  
7.14877  -7.28093e-016  7.04474  
0.443027  0.699757  3.68981e-006  
9.36285  -5.25626e-016  5.08575  
0.380136  0.234166  0.523903  
4.49631  -4.64706e-016  4.49631  
0.518082  0.20319  0.4546  
0.622763  0.460171  0.206941  
3.73077  -7.41695e-016  7.17634  
0.991883  -7.84914e-017  0.759452  
3.94305  -4.07525e-016  3.94305  
1.53548  -2.2052e-016  2.13366  
0.700554  0.451914  0.166676  
1.43709  -1.28821e-016  1.24642  
0.758666  0.574544  6.98035e-007  
2.57469  -1.99814e-016  1.93332  
0.536856  0.431888  0.23925  
0.957583  -8.58298e-017  0.830454  
1.3427  -1.62862e-016  1.57579  
1.00511  -1.14067e-016  1.10366  
0.42593  0.342277  0.260823  
3.58739  -3.70767e-016  3.58739  
0.484086  0.330777  0.330779  
1.40571  -1.40786e-016  1.36219  
1.80307  -2.60216e-016  2.51774  
4.06744  -4.20382e-016  4.06744  
1.73475  -2.12372e-016  2.05482  
1.17198  -1.35416e-016  1.31023  
2.70476  -2.09909e-016  2.031  
3.03  -2.35249e-016  2.27618  
0.779421  1.01998  3.07945e-008  
3.10408  -2.41599e-016  2.33762  
0.534378  0.306002  0.306004  
2.86617  -2.29581e-016  2.22134  
1.07711  -1.04861e-016  1.01459  
2.44904  -2.86106e-016  2.76825  
3.635  -2.9025e-016  2.80834  
0.453722  0.641769  6.22908e-008  
2.55224  -3.48775e-016  3.37461  
1.98171  -2.83298e-016  2.74108  
1.23621  -9.59384e-017  0.928261  
2.37671  -3.3755e-016  3.26599  
0.523439  -5.44285e-017  0.526628  
3.88108  -3.08607e-016  2.98595  
2.88662  -3.27594e-016  3.16966  
3.25658  -3.29735e-016  3.19039  
3.41097  -2.64715e-016  2.56128  
2.77314  -3.16862e-016  3.06583  
2.26271  -3.31821e-016  3.21057  
1.34428  -1.52558e-016  1.47609  
1.96803  -2.55919e-016  2.47617  
2.42262  -2.47677e-016  2.39643  
1.6428  -2.39957e-016  2.32173  
3.53839  -2.83946e-016  2.74735  
1.74487  -1.492e-016  1.4436  
