1.12242e-006  2.86225  0.280702  
1.44004  0.232021  0.0410163  
0.22044  0.218298  1.29989  
1.38242  0.0385896  0.222794  
0.232572  1.27091  0.211154  
0.216994  0.970319  0.871545  
0.700647  0.853776  0.764024  
0.271843  1.01834  0.78762  
0.568685  0.379242  1.17904  
0.339497  1.24136  0.318617  
0.595936  0.343928  1.16077  
1.32846  0.0875139  0.48501  
0.838674  0.641753  0.843873  
1.35484  0.0607364  0.365688  
1.1605  0.510404  0.375825  
0.657155  1.16613  0.224625  
0.840722  0.378677  0.970969  
1.21705  0.640547  0.11183  
0.786539  0.275984  1.0852  
1.15913  0.555135  0.498923  
1.41403  0.199538  0.118367  
1.12229  0.627028  0.470884  
0.732126  1.09338  0.248291  
0.687889  0.537464  1.04167  
0.680575  0.989514  0.601111  
0.832049  0.865441  0.557623  
1.28582  0.405352  0.0674356  
0.481866  0.320155  1.23363  
0.371324  1.04339  0.77912  
0.603439  0.789988  0.909167  
0.641708  0.909403  0.806973  
0.634381  0.340396  1.11707  
0.918583  0.738293  0.729816  
0.893435  0.868129  0.432172  
1.28013  0.413375  0.0863087  
1.09231  0.560168  0.555257  
0.432987  0.298351  1.27725  
0.774228  0.594975  0.953146  
0.931979  0.875018  0.311378  
0.321358  0.354  1.24802  
0.620308  1.11893  0.370977  
1.39519  0.130296  0.187841  
0.539044  0.250264  1.18833  
0.292385  0.701343  1.07934  
1.04348  0.163875  0.819027  
0.562323  0.775593  0.915895  
0.873387  0.823193  0.552529  
0.877822  0.335102  1.007  
1.32745  0.246134  0.043308  
1.30533  0.272776  0.0683333  
1.19777  0.187874  0.530609  
0.512582  1.19058  0.447161  
0.357953  1.11101  0.674914  
0.724288  0.288836  1.11295  
0.374194  1.15008  0.568524  
0.260364  0.441429  1.21672  
1.24651  0.47974  0.0992712  
0.292766  1.13808  0.691363  
1.06283  0.54481  0.642926  
1.18614  0.687244  0.126797  
1.30959  0.0977575  0.592685  
1.00935  0.925594  0.159419  
0.404891  1.21633  0.296685  
0.783928  0.17944  1.09459  
0.528345  1.141  0.389612  
1.1031  0.29967  0.671392  
0.980567  0.618346  0.633406  
1.35562  0.0461096  0.220429  
0.400134  1.06011  0.682474  
0.305111  1.18196  0.586244  
0.544696  0.209001  1.26059  
0.506238  1.15823  0.451001  
1.02491  0.677261  0.556649  
0.639036  1.07529  0.520947  
0.952051  0.450863  0.824382  
0.470501  1.05355  0.640014  
1.26564  0.18971  0.343254  
0.457553  0.328134  1.20162  
0.53066  0.851659  0.860881  
1.16518  0.22099  0.615754  
1.23631  0.10642  0.545467  
1.2362  0.474918  0.129729  
1.13268  0.678373  0.141885  
0.594791  1.14173  0.348825  
0.446431  1.22465  0.265567  
1.0175  0.835078  0.195145  
0.436041  0.934046  0.872968  
0.763097  0.948095  0.575949  
0.55045  0.23084  1.21486  
1.38407  0.151091  0.172223  
1.37668  0.237982  0.209411  
0.957591  0.800645  0.611051  
0.416868  0.811431  0.944072  
1.25064  0.458456  0.238795  
0.914819  0.884779  0.410475  
0.286224  1.22394  0.413431  
0.242906  0.612381  1.19843  
1.06339  0.285979  0.728305  
0.280819  0.761001  1.03842  
1.10367  0.151747  0.92454  
