0.307745  5.20167e-008  0.993673  
4.48371  4.76539e-005  2.80203e-006  
1.58444  1.86009  1.49428e-006  
0.1261  9.81265e-008  1.19432  
1.09092  0.00224025  0.00073158  
0.0956731  1.15809  0.0962556  
1.03194  0.0657024  0.0178264  
0.406926  0.386123  0.863375  
0.509739  0.210265  0.85053  
0.645327  0.481284  0.648996  
0.21147  0.666033  0.760691  
0.659114  0.632273  0.541268  
0.92375  0.365792  0.246406  
0.214332  0.287685  0.95592  
0.321023  0.247721  0.925304  
0.352938  0.823513  0.49007  
0.652689  0.583294  0.572345  
0.877607  0.0177295  0.591909  
0.817366  0.304145  0.501263  
0.978938  0.123338  0.225336  
0.639815  0.779471  0.103673  
0.554505  0.696058  0.605443  
0.984506  0.105432  0.156379  
0.263329  0.590127  0.775579  
0.275168  1.09692  0.263393  
0.522275  0.610093  0.659076  
0.282745  1.10064  0.23982  
0.214028  1.1309  0.119352  
0.337949  1.10276  0.0986275  
0.226172  1.11567  0.225586  
0.128332  1.14775  0.133296  
0.195146  1.13374  0.165751  
0.103232  0.719405  0.92566  
1.35782  0.17841  0.133174  
0.343447  1.37671  0.334035  
1.30777  0.0756693  0.463581  
0.433475  0.707397  1.21785  
0.642186  1.2109  0.547163  
0.599034  1.31162  0.717701  
0.573378  1.35241  0.652472  
1.1944  0.228647  0.82944  
0.53392  1.00755  1.12352  
0.502892  1.26732  0.815497  
0.875096  0.799473  1.10562  
0.922217  1.2745  0.415835  
0.721081  0.863774  1.13426  
1.03287  0.645604  1.08573  
1.17225  0.451617  1.0721  
0.815561  0.750314  1.16523  
0.915307  1.37197  0.539093  
0.838324  1.11067  0.996603  
0.663946  0.977722  1.06914  
0.881454  0.745571  1.1432  
1.16656  1.12019  0.764336  
1.05081  0.960057  1.02202  
1.24466  0.670899  0.699247  
0.972249  1.03234  1.00925  
0.915304  1.13511  0.92681  
1.17693  1.17852  0.626617  
0.963012  1.07858  0.959393  
0.891993  1.20014  0.87151  
1.05288  1.1451  0.781401  
0.903458  1.17442  0.90617  
1.14978  1.18043  0.686732  
0.759457  0.695569  1.53375  
1.93055  0.897427  0.473622  
2.26806  0.444339  0.95596  
2.35777  0.595141  0.91087  
0.745035  1.50579  0.679348  
0.743754  1.49422  0.698638  
0.860819  0.75872  1.50657  
1.97025  0.668687  0.927217  
1.64962  0.512362  0.948464  
1.88011  0.728142  0.642939  
1.79129  0.809932  0.571406  
2.28925  0.870929  0.557014  
1.61101  1.01018  0.47416  
0.850592  1.42521  0.906361  
1.54516  1.28824  0.609369  
1.5997  0.632349  1.1871  
1.68234  0.982313  0.696823  
1.52345  0.617604  1.20689  
1.24378  1.0821  1.10837  
1.11124  0.948471  1.28411  
1.74765  0.770415  0.920788  
1.47368  0.824259  1.12403  
1.38187  0.794138  1.2673  
1.20069  1.13833  1.0676  
1.2188  1.22373  0.874249  
1.00438  0.733198  1.45589  
1.42665  1.04182  0.824347  
1.72635  0.860624  0.83871  
1.24638  0.691636  1.34797  
1.00293  1.14926  1.15082  
1.91149  0.676717  0.744347  
1.30397  1.05662  1.0258  
1.56813  0.850536  1.01745  
1.13819  0.993507  1.23104  
1.18962  1.19808  0.973385  
1.29525  0.664714  1.3199  
