0.483426  0.312131  
0.956332  0.0346857  
0.131992  0.644885  
0.0142727  0.891618  
0.827039  0.0913233  
0.805758  0.107659  
0.643521  0.208959  
0.170247  0.592161  
0.243739  0.506651  
0.543028  0.266752  
0.737798  0.146208  
0.213287  0.539676  
0.53986  0.279731  
0.00289182  0.971208  
0.150663  0.613523  
0.972087  0.0164954  
0.00929566  0.913289  
0.000752888  0.974696  
0.901825  0.050746  
0.553499  0.256752  
0.0920443  0.728254  
0.0944841  0.708825  
0.000374299  0.992949  
0.836812  0.0877499  
0.380419  0.389092  
0.0175566  0.869637  
0.518321  0.281539  
0.871233  0.0697627  
0.892601  0.0597849  
0.111226  0.67135  
2.3042e-008  1.00841  
0.00657182  0.95461  
0.759211  0.133575  
0.941896  0.0363192  
0.240651  0.516525  
0.00712757  0.920091  
0.188413  0.58211  
0.849648  0.0799714  
0.405639  0.364273  
0.197043  0.562795  
0.777468  0.119146  
0.719253  0.152605  
0.355886  0.422998  
0.771906  0.128128  
0.569722  0.252555  
0.286977  0.46667  
0.787153  0.115112  
0.0788978  0.728984  
0.278625  0.480706  
0.10483  0.688219  
0.597974  0.242735  
0.656908  0.248703  
0.268124  0.705859  
0.000332658  1.61738  
0.0121468  1.3175  
0.495991  0.370337  
0.0439339  1.12223  
0.127325  0.977807  
0.166913  0.797972  
0.937542  0.100159  
0.999989  0.0531464  
0.851638  0.138005  
0.505464  0.341722  
0.0140641  1.29161  
0.939764  0.0984691  
0.406757  0.463137  
0.0402262  1.14321  
0.89565  0.104443  
0.334348  0.565521  
0.810773  0.174236  
0.172654  0.79232  
0.584464  0.303418  
0.964558  0.081229  
0.774237  0.206001  
0.0344011  1.23841  
0.079032  1.03476  
0.639105  0.269761  
0.301793  0.61909  
0.00529503  1.53011  
0.000332658  1.65983  
0.973437  0.124828  
0.0364655  1.29591  
0.00228539  1.65667  
0.208005  0.810822  
0.348851  0.697869  
0.0521899  1.21248  
0.521634  0.425688  
0.0856911  1.06111  
0.416183  0.505927  
0.900978  0.165571  
0.182711  0.949575  
0.774237  0.212143  
0.696045  0.250645  
0.183499  0.86952  
0.585412  0.318464  
0.135667  1.00061  
0.40835  0.545973  
0.353139  0.5837  
0.643563  0.291366  
0.349592  0.625449  
