0.999915  0.000377369  
5.47992e-008  1.00504  
0.0609834  0.76594  
0.287841  0.46669  
0.415542  0.356337  
0.186862  0.575204  
0.273469  0.482689  
0.379255  0.384698  
0.908491  0.0495025  
0.975388  0.0169882  
0.397637  0.373468  
0.684233  0.179556  
0.0720093  0.735067  
0.204876  0.554126  
0.844669  0.083405  
0.711769  0.159035  
0.101415  0.690622  
0.751007  0.134481  
0.503377  0.297106  
0.346862  0.417726  
0.666976  0.19101  
0.832066  0.0917936  
0.591904  0.232122  
0.298636  0.45588  
0.128091  0.647085  
0.604696  0.223427  
0.955742  0.0276166  
0.726373  0.152212  
0.00555029  0.927691  
0.00414368  0.942297  
0.52162  0.286229  
0.818053  0.0965456  
0.334433  0.426284  
0.00853141  0.908476  
0.160665  0.605466  
0.561658  0.257287  
0.0023414  0.962236  
0.089234  0.703905  
0.773203  0.126152  
0.261856  0.489495  
0.167915  0.596053  
0.0814436  0.716206  
0.409071  0.368878  
0.436916  0.345046  
0.892961  0.0599478  
0.154583  0.619477  
0.254741  0.499248  
0.807141  0.104083  
0.580175  0.238626  
0.880402  0.0656027  
0.923773  0.0438992  
0.866863  0.0745854  
0.0331886  0.823363  
0.307621  0.446913  
0.734713  0.143655  
0.000544929  0.98288  
0.86044  0.0775419  
0.356743  0.408492  
0.98296  0.0089784  
0.119679  0.658486  
0.175611  0.585174  
0.0737757  0.733786  
0.938109  0.0324213  
0.136222  0.636244  
0.781201  0.117008  
0.24735  0.508453  
0.324245  0.432179  
0.14374  0.622264  
0.483449  0.306979  
0.928649  0.0371174  
0.996167  0.00888886  
0.0485711  0.787157  
0.371579  0.396105  
0.61686  0.218357  
0.743837  0.138234  
0.549713  0.265495  
0.239747  0.511063  
0.701663  0.169507  
0.0292497  0.835001  
0.656846  0.192232  
0.02322  0.852717  
0.234928  0.52137  
0.224445  0.533812  
0.041358  0.797422  
0.474023  0.316885  
0.790942  0.111619  
0.2121  0.542914  
0.0203452  0.862677  
0.798374  0.110159  
0.461087  0.326612  
0.622608  0.215865  
0.0549338  0.777583  
0.233628  0.529366  
0.0117886  0.896984  
0.464774  0.322265  
0.650892  0.19968  
0.00117771  0.97518  
0.94809  0.0282907  
0.451206  0.332361  
0.69367  0.172746  
