4.57143e-002	1.73317e-001	
9.21612e-002	5.76545e-002	
5.83652e-002	9.93689e-002	
9.64915e-002	5.52565e-002	
7.33555e-002	8.04806e-002	
5.39482e-002	1.10603e-001	
4.75896e-002	1.53087e-001	
1.15795e-001	4.67743e-002	
1.73083e-001	4.36864e-002	
5.18032e-002	1.18231e-001	
6.49828e-002	8.69444e-002	
1.01298e-001	5.37276e-002	
4.19478e-002	1.92798e-001	
1.12074e+000	6.03211e-005	
1.12896e-003	1.12706e+000	
7.46436e-002	7.34276e-002	
5.31507e-002	1.14644e-001	
9.89039e-002	5.68734e-002	
4.48568e-002	1.94821e-001	
7.54772e-002	8.28836e-002	
8.29154e-002	8.15646e-002	
2.42341e-001	4.40118e-002	
1.37587e-001	4.86443e-002	
1.82352e-001	4.52263e-002	
4.83280e-002	1.52464e-001	
5.82356e-002	9.91483e-002	
6.47203e-002	8.62252e-002	
1.13007e-003	1.12817e+000	
9.65144e-002	6.20339e-002	
1.13369e+000	1.61237e-004	
1.30968e-001	5.29538e-002	
8.57655e-004	1.13176e+000	
8.68864e-002	8.38272e-002	
6.70228e-002	8.78278e-002	
2.83310e-001	4.32365e-002	
9.85381e-002	5.64286e-002	
4.79792e-002	1.54341e-001	
4.41034e-002	1.99432e-001	
5.70181e-002	1.14425e-001	
1.15370e+000	2.57434e-005	
1.31257e-001	5.30708e-002	
5.22034e-002	1.20683e-001	
1.39411e-001	4.94517e-002	
5.33777e-002	1.16387e-001	
1.88898e-001	4.68496e-002	
9.66016e-002	6.32019e-002	
5.90147e-002	1.00475e-001	
6.70000e-002	8.97241e-002	
6.88384e-002	8.72099e-002	
4.79792e-002	1.54823e-001	
1.13874e-003	1.13682e+000	
5.89031e-002	1.00285e-001	
1.33500e-001	5.29647e-002	
5.33029e-002	1.16224e-001	
1.16147e+000	1.58290e-003	
9.65997e-002	6.32006e-002	
8.72162e-002	8.34885e-002	
9.92075e-002	5.66364e-002	
1.45397e-001	5.14082e-002	
4.38112e-002	2.01363e-001	
1.19968e+000	2.69070e-010	
1.50224e-004	1.15693e+000	
5.24481e-002	1.20285e-001	
4.70414e-002	1.78348e-001	
8.68578e-002	8.37995e-002	
1.33599e-001	5.30039e-002	
4.38133e-002	2.01372e-001	
7.06158e-002	1.03512e-001	
7.93012e-002	8.65735e-002	
9.85516e-002	5.62620e-002	
7.33303e-002	9.90550e-002	
1.46740e-001	5.18831e-002	
5.84388e-002	1.11097e-001	
4.93422e-002	1.59222e-001	
6.05018e-002	1.06381e-001	
1.20537e+000	1.84254e-005	
2.80512e-003	1.14799e+000	
5.33488e-002	1.20839e-001	
1.22887e+000	2.75618e-010	
1.00521e-001	5.75638e-002	
4.68368e-002	1.77573e-001	
8.82710e-004	1.16482e+000	
7.92377e-002	8.66575e-002	
5.82936e-002	1.10821e-001	
4.38981e-002	2.01762e-001	
7.38217e-002	1.01592e-001	
1.05873e-001	5.53620e-002	
7.24727e-002	1.06234e-001	
1.35297e-001	5.33156e-002	
4.90530e-002	1.58322e-001	
1.26004e+000	3.71662e-005	
1.56118e-004	1.20232e+000	
1.35302e-001	5.33178e-002	
1.16981e-003	1.16784e+000	
4.38020e-002	2.01321e-001	
7.96029e-002	8.69028e-002	
5.07488e-002	1.63250e-001	
1.00538e-001	5.75735e-002	
5.24717e-002	1.20339e-001	
4.75101e-002	1.80125e-001	
