3.01037e-004	1.01321e+000	
1.00042e+000	1.90248e-004	
4.88336e-001	5.12613e-001	
5.25914e-001	4.74550e-001	
1.26376e-001	8.75269e-001	
4.69202e-002	9.53555e-001	
9.57159e-001	4.35441e-002	
4.64648e-001	5.36099e-001	
2.17729e-002	9.78919e-001	
1.04808e-001	8.95886e-001	
7.16369e-001	2.84347e-001	
6.30556e-001	3.70226e-001	
3.72637e-001	6.28169e-001	
9.35188e-001	6.54227e-002	
3.90729e-001	6.10014e-001	
2.27283e-001	7.74292e-001	
7.07257e-001	2.93710e-001	
6.18927e-001	3.81898e-001	
2.66380e-001	7.34318e-001	
6.90135e-001	3.10433e-001	
8.22952e-001	1.78016e-001	
7.36625e-001	2.63863e-001	
6.04701e-001	3.95823e-001	
3.53112e-001	6.47850e-001	
8.34883e-001	1.65795e-001	
2.07694e-001	7.92939e-001	
1.42708e-001	8.57945e-001	
9.83093e-001	1.74859e-002	
2.82248e-001	7.18467e-001	
2.46725e-001	7.53943e-001	
8.91751e-001	1.08761e-001	
9.72555e-001	2.82052e-002	
6.46977e-001	3.53560e-001	
6.62209e-001	3.38490e-001	
3.40148e-001	6.61939e-001	
4.52565e-001	5.47920e-001	
6.78134e-001	3.22427e-001	
4.44555e-001	5.56177e-001	
3.62454e-001	6.38016e-001	
4.71768e-003	9.96382e-001	
8.10070e-001	1.90677e-001	
2.19776e-001	7.80662e-001	
5.95628e-001	4.04910e-001	
5.93419e-002	9.41073e-001	
1.57840e-001	8.42941e-001	
3.10575e-001	6.90028e-001	
4.32988e-001	5.67626e-001	
2.57778e-001	7.44082e-001	
8.79807e-001	1.20914e-001	
7.56019e-001	2.44598e-001	
5.75022e-001	4.25759e-001	
7.49162e-002	9.25727e-001	
1.35745e-002	9.87730e-001	
8.32374e-002	9.17519e-001	
5.50120e-001	4.50403e-001	
3.32235e-001	6.68582e-001	
1.67045e-001	8.33546e-001	
7.87200e-001	2.13292e-001	
1.97116e-001	8.03908e-001	
5.38289e-001	4.62391e-001	
7.47957e-001	2.52757e-001	
6.60164e-002	9.34829e-001	
2.98671e-001	7.02181e-001	
3.23576e-001	6.78313e-001	
1.48554e-001	8.52128e-001	
9.30200e-001	7.25768e-002	
4.17935e-001	5.82888e-001	
7.93411e-001	2.07456e-001	
1.74120e-001	8.26446e-001	
8.74859e-001	1.27070e-001	
4.09374e-001	5.91233e-001	
9.20553e-001	8.01810e-002	
7.65419e-001	2.35148e-001	
2.88536e-001	7.12557e-001	
9.32230e-002	9.07548e-001	
3.99666e-001	6.01293e-001	
1.91785e-001	8.09095e-001	
9.09364e-001	9.09211e-002	
5.67616e-001	4.34107e-001	
3.16999e-001	6.83482e-001	
5.34652e-001	4.66031e-001	
7.77326e-001	2.23602e-001	
8.45739e-001	1.54804e-001	
6.82159e-001	3.18601e-001	
5.85896e-001	4.15013e-001	
7.40551e-001	2.60126e-001	
9.15128e-001	8.55455e-002	
8.65617e-001	1.35456e-001	
5.84376e-001	4.16300e-001	
9.01461e-001	9.94535e-002	
9.78406e-001	2.21349e-002	
6.57176e-001	3.43323e-001	
2.48292e-001	7.52093e-001	
2.95258e-001	7.05259e-001	
6.51723e-001	3.49052e-001	
1.84480e-001	8.16471e-001	
8.56792e-001	1.44366e-001	
1.81654e-001	8.19395e-001	
8.01711e-001	1.98921e-001	
9.17448e-002	9.08922e-001	
