6.49254e-001	3.79362e-001	
2.23585e-001	7.58555e-001	
2.05700e-001	7.82305e-001	
1.66677e-001	1.00958e+000	
9.63347e-001	2.46652e-002	
2.04662e-001	7.94941e-001	
6.78544e-001	3.73882e-001	
1.26880e-001	1.10523e+000	
6.03045e-001	3.93277e-001	
5.86868e-001	4.21168e-001	
9.58021e-001	3.37765e-002	
5.20617e-001	6.87023e-001	
5.73695e-001	4.31195e-001	
1.73465e-001	9.98894e-001	
9.21599e-001	1.27795e-001	
1.08032e+000	8.51371e-004	
2.68917e-001	7.26928e-001	
1.74691e-003	1.11896e+000	
9.52349e-001	6.49683e-002	
2.79871e-001	7.24101e-001	
9.66601e-001	1.16399e-002	
5.70727e-001	4.65032e-001	
9.05970e-001	1.89039e-001	
1.28149e-001	1.08986e+000	
1.01548e+000	6.18140e-003	
5.38148e-001	5.66155e-001	
1.88380e-001	8.13427e-001	
1.51010e-001	1.02691e+000	
1.80989e-001	9.06163e-001	
5.90858e-001	4.15978e-001	
5.49166e-001	4.72251e-001	
2.21912e-001	7.72152e-001	
1.05094e+000	4.12612e-003	
1.23214e-001	1.11207e+000	
4.81509e-001	7.05212e-001	
1.55182e-001	1.02747e+000	
1.35597e-001	1.10462e+000	
9.10015e-001	1.94130e-001	
5.62176e-001	5.07682e-001	
1.01750e+000	8.29928e-003	
5.84465e-001	4.38331e-001	
1.79280e-003	1.14835e+000	
5.93722e-001	4.15296e-001	
1.08895e+000	9.60588e-004	
5.52626e-001	5.83229e-001	
5.75994e-001	4.40743e-001	
9.59440e-001	3.97498e-002	
5.74582e-001	4.69956e-001	
9.93311e-001	1.19615e-002	
1.25666e-001	1.13419e+000	
1.05211e+000	4.13071e-003	
4.86967e-001	7.15657e-001	
9.29316e-001	1.90268e-001	
9.38736e-001	1.30172e-001	
2.72869e-001	7.31999e-001	
1.74750e-001	1.00629e+000	
5.51047e-001	6.33105e-001	
1.89983e-001	8.36957e-001	
6.78508e-001	3.73861e-001	
5.89933e-001	4.34914e-001	
9.69561e-001	2.48243e-002	
1.87683e-001	9.21175e-001	
6.22040e-001	4.05664e-001	
2.05626e-001	8.09171e-001	
9.68148e-001	2.76157e-002	
2.25155e-001	7.63883e-001	
2.23333e-001	7.77095e-001	
6.50996e-001	3.78983e-001	
6.36724e-001	3.96674e-001	
1.08891e+000	9.60546e-004	
1.28535e-003	1.14948e+000	
9.25014e-001	2.31156e-001	
6.83567e-001	3.76649e-001	
2.80975e-001	7.53742e-001	
4.33784e-001	7.50271e-001	
5.58288e-001	6.59417e-001	
1.88544e-001	9.51087e-001	
4.93457e-001	7.22711e-001	
1.39791e-001	1.14186e+000	
5.68711e-001	5.13584e-001	
2.30164e-001	7.69280e-001	
5.76002e-001	4.40750e-001	
1.91948e-001	8.44424e-001	
9.41188e-001	1.92699e-001	
1.58942e-001	1.05236e+000	
9.42428e-001	1.30684e-001	
2.08440e-001	8.09615e-001	
1.44013e-001	1.11327e+000	
1.81463e-001	1.01540e+000	
9.58670e-001	9.77466e-002	
4.76607e-001	7.33689e-001	
5.63328e-001	5.81162e-001	
5.59773e-001	5.90462e-001	
5.96662e-001	4.17352e-001	
1.05521e+000	4.14287e-003	
9.64914e-001	6.41623e-002	
1.00559e+000	1.14974e-002	
9.77597e-001	2.50300e-002	
1.72467e-001	1.02852e+000	
1.02802e+000	8.15856e-003	
