7.72354e-001	4.47937e-001	
9.56764e-001	3.13266e-001	
0.00000e+000	1.23055e+000	
1.39085e-001	1.13229e+000	
2.02678e-001	9.85560e-001	
7.01867e-001	5.91498e-001	
6.47370e-001	6.56729e-001	
7.91255e-001	3.95063e-001	
1.09261e+000	2.76377e-002	
7.61876e-001	4.57883e-001	
9.98239e-001	1.75925e-001	
1.35782e+000	0.00000e+000	
4.83573e-001	8.29975e-001	
9.10605e-001	3.54780e-001	
9.60483e-001	3.14483e-001	
1.09503e+000	1.93999e-001	
6.86039e-001	6.95957e-001	
1.24436e+000	7.05154e-002	
1.38828e+000	4.77218e-002	
8.10284e-001	4.69936e-001	
9.13604e-001	4.37368e-001	
7.87237e-001	4.77548e-001	
7.14108e-001	5.96980e-001	
9.23320e-001	3.59669e-001	
4.89105e-001	8.35243e-001	
1.39893e-001	1.13371e+000	
0.00000e+000	1.24611e+000	
2.13672e-001	1.00353e+000	
2.06994e-001	1.00655e+000	
1.41366e+000	0.00000e+000	
0.00000e+000	1.24982e+000	
1.12837e+000	1.99510e-001	
1.36315e+000	7.72467e-002	
9.67428e-001	3.16757e-001	
4.98880e-001	8.56245e-001	
1.10466e+000	2.27086e-001	
1.43266e+000	0.00000e+000	
2.22623e-001	1.08062e+000	
7.17211e-001	5.99574e-001	
1.36663e+000	7.10720e-002	
8.11049e-001	4.70379e-001	
1.26237e+000	8.58903e-002	
1.41381e-001	1.14578e+000	
7.91421e-001	4.80086e-001	
4.90375e-001	1.03876e+000	
9.39217e-001	3.70114e-001	
1.39342e+000	4.78984e-002	
7.00651e-001	6.98530e-001	
1.34266e+000	8.40772e-002	
1.39741e+000	6.39249e-002	
4.86821e-001	1.08638e+000	
9.85827e-001	3.28686e-001	
1.34953e+000	1.88051e-001	
9.45723e-001	3.72678e-001	
2.29474e-001	1.11586e+000	
7.36072e-001	6.06944e-001	
1.45164e+000	0.00000e+000	
1.44480e+000	4.96645e-002	
9.92997e-001	3.17321e-001	
0.00000e+000	1.31620e+000	
8.23404e-001	4.82023e-001	
7.07395e-001	7.17622e-001	
1.13141e+000	2.00048e-001	
5.02616e-001	8.62966e-001	
1.41319e-001	1.14527e+000	
1.44700e+000	2.96209e-002	
1.41922e+000	8.04243e-002	
1.42127e+000	7.62623e-002	
9.45255e-001	4.54309e-001	
2.32517e-001	1.13066e+000	
5.10715e-001	8.72147e-001	
7.16994e-001	7.36416e-001	
5.04741e-001	9.85893e-001	
7.38667e-001	6.17511e-001	
2.21872e-001	1.16959e+000	
1.13360e+000	1.99895e-001	
1.44333e+000	7.50611e-002	
1.01323e+000	3.31754e-001	
1.45182e+000	0.00000e+000	
0.00000e+000	1.37530e+000	
1.48348e-001	1.20224e+000	
1.01122e+000	3.96804e-001	
1.38286e+000	1.96571e-001	
8.30161e-001	4.81463e-001	
1.48159e+000	0.00000e+000	
0.00000e+000	1.41498e+000	
5.22552e-001	8.77400e-001	
2.33198e-001	1.13397e+000	
1.13678e+000	2.00997e-001	
1.48408e-001	1.20272e+000	
7.38434e-001	7.37763e-001	
1.41969e+000	8.04512e-002	
1.04304e+000	3.36304e-001	
9.47727e-001	4.55497e-001	
8.34283e-001	5.06086e-001	
7.51999e-001	6.19037e-001	
8.55876e-001	4.96106e-001	
1.01743e+000	3.96920e-001	
7.42682e-001	6.20867e-001	
1.44817e+000	7.53128e-002	
