1.85191e-001	8.20263e-001	
1.83319e-001	8.92458e-001	
5.19141e-001	6.80606e-001	
2.08133e-001	7.51936e-001	
6.64567e-001	3.64908e-001	
8.38264e-001	3.45570e-001	
9.83201e-001	8.70572e-003	
5.40109e-001	3.83074e-001	
1.02803e+000	3.91386e-003	
3.76698e-001	7.12376e-001	
4.97066e-001	6.95740e-001	
4.79903e-001	7.02243e-001	
2.33545e-003	1.06211e+000	
8.96092e-001	3.50369e-002	
6.56361e-001	3.70554e-001	
2.29032e-001	7.29146e-001	
1.81700e-001	9.36831e-001	
7.42326e-001	3.59807e-001	
2.05505e-001	7.69356e-001	
1.74123e-001	1.00266e+000	
9.38994e-001	2.82635e-002	
4.33171e-002	1.06085e+000	
1.03969e+000	1.22840e-003	
9.65016e-001	1.36759e-002	
5.21194e-001	6.00707e-001	
1.78461e-001	9.93723e-001	
4.87213e-004	1.09115e+000	
1.52081e-001	1.01368e+000	
1.04339e+000	7.13819e-003	
6.12068e-001	3.83214e-001	
1.85246e-001	8.20504e-001	
1.83319e-001	8.92456e-001	
5.04882e-001	7.06679e-001	
5.19152e-001	6.80620e-001	
3.83987e-001	7.26160e-001	
5.49577e-001	3.93169e-001	
9.90290e-001	8.83060e-003	
8.98070e-001	1.20476e-001	
2.35461e-003	1.07082e+000	
1.78213e-001	1.00860e+000	
8.27605e-001	3.62452e-001	
9.69523e-001	2.53931e-002	
9.19952e-001	4.93105e-002	
1.55692e-001	1.03775e+000	
7.52266e-001	3.64625e-001	
1.54686e-001	1.04532e+000	
1.71497e-001	1.01352e+000	
1.06100e+000	4.03939e-003	
4.99479e-004	1.11863e+000	
3.08390e-001	7.34935e-001	
8.37125e-001	3.59447e-001	
3.57113e-001	7.31672e-001	
5.33733e-001	6.38613e-001	
9.05994e-001	8.10322e-002	
1.81691e-001	1.00744e+000	
9.76520e-001	1.38389e-002	
9.68087e-001	2.91821e-002	
2.32138e-001	7.39033e-001	
4.29583e-001	7.17971e-001	
4.70374e-001	7.13262e-001	
6.69245e-001	3.66683e-001	
5.21274e-001	6.53657e-001	
1.06370e+000	1.58229e-003	
2.06427e-001	7.90924e-001	
4.35091e-002	1.06555e+000	
5.41989e-001	6.18871e-001	
2.08402e-001	7.52909e-001	
8.44258e-001	3.47283e-001	
1.06609e+000	1.08007e-003	
5.00665e-004	1.12128e+000	
8.98339e-001	1.20559e-001	
8.68678e-001	3.56250e-001	
3.84481e-001	7.27093e-001	
5.49896e-001	4.33214e-001	
2.44208e-003	1.07564e+000	
1.55898e-001	1.03912e+000	
5.46959e-001	6.30402e-001	
2.32287e-001	7.39508e-001	
1.83528e-001	8.93474e-001	
8.29065e-001	3.63092e-001	
6.82751e-001	3.71411e-001	
1.86168e-001	8.24588e-001	
9.32070e-001	4.91555e-002	
2.08649e-001	7.59640e-001	
6.12024e-001	3.83187e-001	
1.80828e-001	1.00890e+000	
4.74417e-001	7.19394e-001	
6.79705e-001	3.76306e-001	
1.04770e+000	7.16768e-003	
5.70660e-001	3.96361e-001	
5.22022e-001	6.84383e-001	
5.05912e-001	7.08121e-001	
5.55446e-001	3.97368e-001	
9.96922e-001	8.82721e-003	
9.71504e-001	4.30219e-002	
1.73787e-001	1.02078e+000	
8.37540e-001	3.59625e-001	
9.72845e-001	3.32797e-002	
9.88648e-001	1.40108e-002	
4.92687e-001	7.16520e-001	
