8.37668e+000	2.57698e-004	
3.06611e+000	2.87613e+000	
5.31826e-001	6.55285e+000	
9.86439e-003	7.56934e+000	
3.43596e+000	2.10905e+000	
2.83026e+000	4.88368e+000	
6.95455e+000	2.03712e-002	
6.64203e+000	3.82104e-001	
4.05540e-004	7.78828e+000	
2.65598e+000	5.41046e+000	
5.95078e-004	8.16956e+000	
3.69183e+000	2.26610e+000	
8.91559e-001	7.08548e+000	
8.09134e-001	7.65053e+000	
3.17595e+000	3.25478e+000	
7.50720e+000	2.76987e-001	
7.66214e+000	6.49135e-002	
8.92791e+000	2.74656e-004	
3.16783e+000	3.56522e+000	
5.95030e-001	7.70464e+000	
5.04282e-001	8.06402e+000	
3.57668e+000	3.13733e+000	
2.70454e+000	5.49956e+000	
7.54122e+000	4.33832e-001	
4.36602e-003	8.33250e+000	
7.96454e+000	6.74755e-002	
7.71787e+000	9.03033e-002	
4.42634e-004	8.50065e+000	
9.37366e-001	7.44953e+000	
2.73721e+000	5.56598e+000	
3.60477e+000	3.16198e+000	
9.05514e+000	2.78571e-004	
6.36309e-001	7.83479e+000	
3.21160e+000	3.29144e+000	
4.24557e+000	2.60600e+000	
6.10470e-001	7.89878e+000	
3.87653e+000	2.72170e+000	
6.71070e-001	7.83764e+000	
8.21603e+000	2.29373e-001	
4.57635e-004	8.78875e+000	
6.59849e-001	8.13026e+000	
3.29390e+000	3.49568e+000	
2.76795e+000	5.63854e+000	
4.34332e+000	2.81439e+000	
4.45946e-003	8.51082e+000	
4.12844e+000	2.89857e+000	
3.49985e+000	3.29045e+000	
9.05721e+000	2.78634e-004	
8.41263e+000	7.12717e-002	
3.74936e+000	3.28881e+000	
8.55906e-001	8.09278e+000	
6.05246e-001	8.59832e+000	
4.21436e+000	2.92028e+000	
4.95514e-004	9.51620e+000	
2.86423e+000	5.69514e+000	
1.70991e-002	8.82721e+000	
8.51847e+000	7.21683e-002	
1.97576e-003	9.46670e+000	
8.31893e+000	2.32245e-001	
3.40043e+000	3.59355e+000	
9.14269e+000	2.81264e-004	
1.11643e-002	8.90423e+000	
3.79833e+000	3.33176e+000	
4.18728e+000	2.93988e+000	
3.31434e+000	3.73010e+000	
3.49524e-002	8.87361e+000	
4.12009e+000	3.51201e+000	
4.00362e+000	3.60852e+000	
3.55125e+000	3.63939e+000	
1.43728e-002	8.98094e+000	
9.16792e+000	1.26141e-003	
3.43243e+000	3.64508e+000	
3.03280e+000	5.88586e+000	
8.58923e+000	2.39792e-001	
4.22586e+000	2.92825e+000	
3.12066e-001	8.86620e+000	
8.99401e+000	7.61971e-002	
4.03089e+000	3.53575e+000	
8.51048e+000	3.14004e-001	
7.03295e-004	9.65523e+000	
8.52038e-001	8.61907e+000	
3.02876e+000	6.16983e+000	
9.31322e+000	1.28141e-003	
1.36690e-003	9.69881e+000	
4.23330e+000	2.93340e+000	
8.59896e+000	3.60337e-001	
3.26916e+000	6.51145e+000	
1.08928e+000	8.65685e+000	
3.48454e+000	4.87949e+000	
9.95881e-002	8.94695e+000	
3.48938e+000	3.91044e+000	
8.95209e+000	3.30298e-001	
4.15364e+000	3.52665e+000	
9.15208e+000	7.75363e-002	
5.06967e-003	9.67540e+000	
1.77112e-002	9.12701e+000	
3.87297e+000	3.67141e+000	
3.62300e+000	3.82861e+000	
4.12918e+000	3.56553e+000	
3.77220e+000	3.70441e+000	
