6.59879e-003	1.11668e+000	
8.20726e-001	2.35904e-001	
2.17554e-002	1.05323e+000	
1.21017e+000	1.85692e-002	
1.86748e-001	1.01500e+000	
1.33151e+000	2.46074e-003	
4.99780e-001	6.37326e-001	
8.56445e-001	2.22680e-001	
4.24204e-001	6.48637e-001	
4.55633e-001	6.44813e-001	
1.30701e-003	1.18851e+000	
5.93279e-001	6.14146e-001	
1.25894e+000	1.23213e-002	
3.06170e-003	1.17728e+000	
1.04596e+000	2.10104e-001	
8.24757e-001	2.33254e-001	
9.25318e-001	2.12091e-001	
1.25300e+000	1.69877e-002	
1.28536e+000	6.26232e-003	
1.36868e+000	6.52137e-004	
5.52612e-001	6.25149e-001	
1.95038e-001	1.06006e+000	
9.27723e-001	2.12642e-001	
1.22800e+000	2.71276e-002	
2.26661e-002	1.09733e+000	
4.18240e-001	1.03171e+000	
4.25606e-001	6.50780e-001	
1.21417e+000	4.88803e-002	
1.39322e+000	6.63828e-004	
8.55493e-001	2.68087e-001	
6.93877e-003	1.17422e+000	
5.04196e-001	6.42957e-001	
8.92716e-001	2.37515e-001	
4.25648e-003	1.21141e+000	
1.86133e-001	1.06765e+000	
1.21996e+000	3.13029e-002	
4.03920e-002	1.07686e+000	
1.33258e+000	2.46270e-003	
9.23714e-001	2.32086e-001	
1.29730e+000	1.26967e-002	
1.30584e+000	6.36210e-003	
8.23803e-001	2.70742e-001	
1.44530e-001	1.06961e+000	
1.37416e-003	1.23533e+000	
5.52705e-001	6.25254e-001	
5.11309e-001	6.52027e-001	
9.40927e-001	2.28216e-001	
6.43032e-003	1.21913e+000	
9.55537e-001	2.18056e-001	
8.49429e-001	2.76210e-001	
8.27032e-001	4.01640e-001	
6.20637e-001	6.28586e-001	
1.03460e+000	2.14201e-001	
9.12808e-001	2.48346e-001	
9.22739e-001	2.46967e-001	
1.29987e+000	1.27219e-002	
4.18779e-001	1.03304e+000	
1.24623e+000	3.19770e-002	
1.38279e+000	2.55550e-003	
1.29878e+000	1.74918e-002	
1.45938e-001	1.07486e+000	
1.22249e+000	4.92152e-002	
2.33898e-003	1.24708e+000	
1.32432e+000	6.45211e-003	
5.61489e-001	6.35191e-001	
5.30267e-003	1.22095e+000	
4.27089e-001	6.55303e-001	
2.29661e-002	1.09909e+000	
1.87019e-001	1.06886e+000	
1.41307e+000	1.28788e-004	
1.32735e-003	1.26231e+000	
1.43776e+000	1.04576e-003	
2.34689e-003	1.26560e+000	
8.81030e-001	2.86486e-001	
8.53608e-001	2.91849e-001	
9.59439e-001	2.18946e-001	
9.41282e-001	2.47040e-001	
1.30366e+000	1.27590e-002	
1.33364e+000	6.49753e-003	
8.35175e-001	4.05594e-001	
4.62884e-001	6.55074e-001	
4.26511e-001	7.73960e-001	
9.57397e-001	2.32687e-001	
5.10605e-001	6.51130e-001	
1.24622e+000	3.19767e-002	
9.29767e-001	2.52651e-001	
5.64125e-001	6.38173e-001	
1.38281e+000	2.55555e-003	
4.34188e-001	6.63904e-001	
2.29709e-002	1.11208e+000	
1.47380e-001	1.08549e+000	
5.34890e-003	1.23159e+000	
1.83318e-001	1.08273e+000	
1.86679e-003	1.26893e+000	
1.46005e+000	1.06197e-003	
8.65852e-001	2.96602e-001	
6.30134e-001	6.38205e-001	
4.27433e-001	1.00250e+000	
1.60366e-001	1.08950e+000	
1.25395e+000	1.61784e-001	
