1.00149e+000	7.61835e-004	
1.31697e-003	1.00138e+000	
1.35262e-001	9.96268e-001	
9.95716e-001	1.55570e-001	
9.99549e-001	3.69935e-002	
9.91107e-001	2.33634e-001	
1.98854e-001	9.93208e-001	
2.51597e-001	9.89635e-001	
3.84517e-001	9.76110e-001	
9.87263e-001	2.85403e-001	
4.31186e-001	9.69012e-001	
9.44720e-001	5.38374e-001	
9.33818e-001	5.75202e-001	
2.87888e-001	9.86842e-001	
3.54955e-001	9.79992e-001	
3.34933e-001	9.82046e-001	
3.05286e-001	9.85069e-001	
9.77393e-001	3.76769e-001	
9.83747e-001	3.19654e-001	
9.22109e-001	6.07595e-001	
8.00251e-001	8.01327e-001	
9.71227e-001	4.19410e-001	
9.86140e-001	2.99806e-001	
8.14876e-001	7.85788e-001	
4.73649e-001	9.61046e-001	
5.02611e-001	9.54140e-001	
4.89520e-001	9.56986e-001	
9.82014e-001	3.38529e-001	
7.32425e-001	8.57792e-001	
9.13400e-001	6.28671e-001	
8.89895e-001	6.77672e-001	
6.19744e-001	9.17363e-001	
5.18425e-001	9.49986e-001	
9.50931e-001	5.16488e-001	
7.58521e-001	8.38089e-001	
6.33458e-001	9.11348e-001	
9.74638e-001	3.95662e-001	
8.32918e-001	7.65162e-001	
5.60905e-001	9.38289e-001	
5.48217e-001	9.42159e-001	
9.79342e-001	3.56264e-001	
9.47320e-001	5.29084e-001	
7.45639e-001	8.47372e-001	
7.07163e-001	8.73510e-001	
8.76323e-001	7.01733e-001	
9.72815e-001	4.03144e-001	
8.43514e-001	7.51622e-001	
9.65075e-001	4.51869e-001	
7.22311e-001	8.64678e-001	
6.90752e-001	8.83348e-001	
5.70299e-001	9.35308e-001	
6.99026e-001	8.78696e-001	
8.50352e-001	7.42360e-001	
4.58647e-001	9.63578e-001	
9.57789e-001	4.86244e-001	
5.29344e-001	9.47209e-001	
9.68291e-001	4.36571e-001	
5.95853e-001	9.26470e-001	
8.83837e-001	6.88915e-001	
6.76033e-001	8.91752e-001	
8.24896e-001	7.74467e-001	
9.59922e-001	4.76032e-001	
4.39866e-001	9.67023e-001	
9.31111e-001	5.83121e-001	
8.38436e-001	7.57384e-001	
5.80763e-001	9.31750e-001	
7.16283e-001	8.68269e-001	
9.07719e-001	6.41929e-001	
5.38531e-001	9.44346e-001	
8.71135e-001	7.11543e-001	
9.01660e-001	6.55915e-001	
7.43188e-001	8.50521e-001	
9.54095e-001	5.02220e-001	
6.82166e-001	8.88393e-001	
8.58826e-001	7.29898e-001	
6.65221e-001	8.96563e-001	
4.51399e-001	9.64875e-001	
6.41544e-001	9.08010e-001	
9.27437e-001	5.93162e-001	
9.80554e-001	3.51600e-001	
5.88419e-001	9.29323e-001	
8.80940e-001	6.94048e-001	
7.67532e-001	8.30766e-001	
9.04817e-001	6.48958e-001	
8.95624e-001	6.66920e-001	
9.25443e-001	5.98203e-001	
7.75920e-001	8.24095e-001	
9.55253e-001	4.97414e-001	
7.85684e-001	8.14812e-001	
8.64482e-001	7.21771e-001	
6.06840e-001	9.22397e-001	
9.12188e-001	6.32350e-001	
9.66764e-001	4.40618e-001	
6.60852e-001	8.99017e-001	
6.52886e-001	9.02625e-001	
6.09409e-001	9.21029e-001	
7.94431e-001	8.06918e-001	
8.97018e-001	6.64862e-001	
9.63313e-001	4.64082e-001	
6.48512e-001	9.04725e-001	
