1.76122e+000	2.61263e-005	
4.52682e-003	1.56499e+000	
6.53366e-003	1.30101e+000	
1.15832e-002	9.87020e-001	
1.57210e+000	8.72401e-002	
1.61484e+000	3.90369e-002	
5.44075e-001	5.72653e-001	
7.06479e-001	4.99303e-001	
9.92271e-001	3.60397e-001	
1.06608e+000	3.28326e-001	
6.06938e-001	5.43458e-001	
7.61729e-001	4.75811e-001	
1.11573e+000	3.04372e-001	
1.49955e+000	1.06024e-001	
9.06141e-001	4.00951e-001	
1.63738e+000	2.79038e-002	
1.24974e+000	2.46739e-001	
9.61074e-001	3.80295e-001	
1.27340e+000	2.19722e-001	
1.75119e+000	1.43355e-003	
1.45739e+000	1.21544e-001	
1.68213e+000	2.92689e-003	
1.04564e+000	3.47597e-001	
1.76588e-001	8.03795e-001	
1.16334e+000	2.77348e-001	
1.67912e+000	6.36028e-003	
2.11685e-001	7.73740e-001	
8.08618e-002	9.00675e-001	
2.42175e-001	7.49752e-001	
2.03550e-001	7.80516e-001	
1.21039e+000	2.52361e-001	
1.39520e+000	1.57826e-001	
1.18865e+000	2.64030e-001	
1.41614e+000	1.49388e-001	
1.65002e-001	8.14362e-001	
3.83624e-001	6.57141e-001	
1.30464e+000	2.17217e-001	
9.71408e-001	3.76127e-001	
1.01471e-001	8.78325e-001	
8.93282e-001	4.12725e-001	
5.26110e-001	5.80976e-001	
1.27617e-001	8.55652e-001	
1.53137e+000	9.05231e-002	
1.43360e+000	1.39228e-001	
1.52852e+000	9.22786e-002	
1.14364e+000	2.88896e-001	
3.46156e-001	6.78188e-001	
8.35558e-001	4.35681e-001	
8.18442e-001	4.52401e-001	
3.00139e-001	7.08084e-001	
1.13310e+000	2.94101e-001	
3.30751e-001	6.88482e-001	
8.63817e-001	4.33979e-001	
1.40772e-001	8.36652e-001	
2.65514e-001	7.33111e-001	
1.44668e+000	1.31771e-001	
6.15207e-001	5.41213e-001	
7.78945e-001	4.69319e-001	
1.16056e-001	8.61777e-001	
2.88794e-002	9.64381e-001	
6.86466e-002	9.13653e-001	
2.48479e-001	7.44501e-001	
1.37638e+000	1.69016e-001	
1.98600e-002	9.76732e-001	
1.04917e+000	3.40400e-001	
3.98068e-001	6.48128e-001	
1.35360e+000	1.80089e-001	
7.98794e-001	4.59776e-001	
1.33252e+000	1.90257e-001	
6.88592e-001	5.06860e-001	
5.12790e-001	5.91470e-001	
6.64485e-001	5.17359e-001	
8.81849e-001	4.27151e-001	
6.52326e-001	5.21295e-001	
3.64169e-001	6.67954e-001	
1.31618e+000	1.97421e-001	
4.71695e-001	6.08581e-001	
1.48287e-001	8.30356e-001	
4.82644e-001	6.02870e-001	
4.57548e-001	6.15014e-001	
4.47688e-001	6.20784e-001	
3.68801e-002	9.53027e-001	
6.34985e-001	5.30133e-001	
6.78336e-001	5.09335e-001	
6.18577e-002	9.21748e-001	
1.36832e+000	1.70893e-001	
8.27894e-001	4.44260e-001	
1.20099e+000	2.57686e-001	
3.16610e-001	6.97661e-001	
4.18320e-001	6.37432e-001	
1.30673e+000	2.01769e-001	
1.34310e+000	1.85207e-001	
2.90321e-001	7.15779e-001	
1.04890e-001	8.73836e-001	
5.74645e-002	9.36855e-001	
4.08284e-001	6.42199e-001	
7.91991e-001	4.65137e-001	
4.34709e-001	6.28352e-001	
2.73851e-001	7.27594e-001	
2.81993e-001	7.21120e-001	
