1.75353e+000	4.49001e-004	
2.76703e-004	1.00342e+000	
1.54723e+000	2.63971e-002	
7.68129e-001	6.23787e-001	
5.04116e-001	6.26259e-001	
1.31705e+000	1.22869e-001	
1.40159e+000	7.89276e-002	
1.24085e+000	2.33146e-001	
1.70863e+000	1.07174e-002	
1.13888e+000	3.66218e-001	
1.07635e+000	4.55559e-001	
1.36405e+000	9.37325e-002	
1.02277e+000	5.18024e-001	
1.20744e+000	2.60209e-001	
1.06154e+000	4.75533e-001	
1.18237e+000	2.86508e-001	
1.01318e+000	5.53075e-001	
9.75378e-001	5.57900e-001	
9.60443e-001	5.82346e-001	
1.14421e+000	3.45314e-001	
8.07712e-001	6.20773e-001	
1.16868e+000	3.35538e-001	
9.26365e-001	5.87393e-001	
8.51211e-001	6.14895e-001	
1.17354e+000	3.14022e-001	
7.05649e-002	9.84444e-001	
8.92428e-001	6.05896e-001	
3.81207e-001	6.51070e-001	
3.67439e-001	6.57835e-001	
9.04965e-002	9.79722e-001	
2.60184e-001	8.11919e-001	
1.07223e+000	4.63061e-001	
8.28290e-001	6.16858e-001	
2.65583e-001	7.97852e-001	
4.76900e-001	6.28392e-001	
4.60882e-001	6.30487e-001	
8.70108e-001	6.07288e-001	
2.20359e-001	8.94926e-001	
2.78916e-001	7.75324e-001	
4.38034e-001	6.34143e-001	
4.90476e-001	6.27293e-001	
2.34590e-002	9.95349e-001	
2.28613e-001	8.81714e-001	
3.56984e-001	6.64281e-001	
2.48489e-001	8.50887e-001	
1.14884e-001	9.71864e-001	
2.55937e-001	8.23584e-001	
4.25418e-001	6.37532e-001	
1.41918e-001	9.61252e-001	
3.94694e-001	6.46193e-001	
1.50976e-001	9.56329e-001	
8.67294e-001	6.11726e-001	
4.49773e-001	6.32337e-001	
1.17197e+000	3.18872e-001	
2.69156e-001	7.88057e-001	
1.20903e-002	9.97523e-001	
2.09648e-001	9.09711e-001	
2.16547e-001	9.00562e-001	
3.13438e-001	7.03749e-001	
3.62066e-002	9.92305e-001	
2.35367e-001	8.69612e-001	
2.82022e-001	7.58128e-001	
8.22049e-001	6.19360e-001	
3.53271e-001	6.72160e-001	
1.25200e-001	9.67947e-001	
9.06274e-001	6.02576e-001	
1.59460e-001	9.52154e-001	
5.70710e-002	9.88154e-001	
9.23137e-001	5.97025e-001	
1.32222e-001	9.64968e-001	
1.72710e-001	9.43397e-001	
2.97162e-001	7.28171e-001	
2.50080e-001	8.37846e-001	
2.72865e-001	7.79078e-001	
1.66538e-001	9.47690e-001	
2.83086e-001	7.54953e-001	
4.15512e-001	6.39577e-001	
1.04091e-001	9.75135e-001	
2.52401e-001	8.32243e-001	
3.40579e-001	6.78399e-001	
2.88319e-001	7.43732e-001	
3.44089e-001	6.75845e-001	
4.01191e-001	6.43695e-001	
2.93351e-001	7.34338e-001	
2.31540e-001	8.77001e-001	
3.07132e-001	7.12175e-001	
4.08736e-001	6.41355e-001	
4.40814e-002	9.90794e-001	
3.02393e-001	7.20706e-001	
2.41499e-001	8.57612e-001	
9.94773e-002	9.76595e-001	
2.40065e-001	8.60733e-001	
3.32333e-001	6.83732e-001	
2.72156e-003	1.00056e+000	
3.26151e-001	6.88876e-001	
1.88824e-001	9.31204e-001	
2.05121e-001	9.14694e-001	
1.81588e-001	9.37181e-001	
2.02095e-001	9.18290e-001	
5.20067e-002	9.89671e-001	
