9.36822e-001	2.98866e-002	
1.78798e-001	8.64101e-001	
9.62042e-001	7.54686e-003	
8.97763e-001	5.29111e-002	
2.03470e-001	7.59273e-001	
5.96663e-001	3.70830e-001	
2.01172e-001	8.00425e-001	
1.07145e-001	1.01446e+000	
5.18242e-001	4.69458e-001	
4.35304e-001	7.00260e-001	
5.49873e-002	1.02608e+000	
3.84659e-001	7.08424e-001	
1.04255e+000	4.84510e-004	
5.41555e-001	3.81099e-001	
9.79662e-001	5.40807e-003	
2.04545e-001	7.37366e-001	
9.93252e-001	2.68079e-003	
3.77808e-001	7.13654e-001	
9.09451e-001	3.55421e-002	
2.07429e-005	1.04104e+000	
8.88281e-001	2.12962e-001	
5.99156e-001	3.62246e-001	
9.45815e-001	2.21064e-002	
3.87289e-001	7.12848e-001	
2.15675e-005	1.08242e+000	
2.01930e-001	8.03441e-001	
3.65314e-003	1.06330e+000	
5.90883e-001	3.85908e-001	
5.17761e-001	4.69022e-001	
6.00562e-001	3.73081e-001	
1.17470e-002	1.04339e+000	
4.90176e-001	7.10650e-001	
1.05787e+000	4.47118e-004	
7.71483e-002	1.04043e+000	
1.00336e+000	2.70807e-003	
2.06600e-001	7.44775e-001	
2.11425e-001	7.39739e-001	
9.74289e-001	8.07576e-003	
9.39254e-001	3.04325e-002	
5.96210e-001	3.84127e-001	
1.78804e-001	8.67525e-001	
9.92183e-001	6.79013e-003	
8.98107e-001	5.29314e-002	
1.07584e-001	1.01862e+000	
5.52319e-001	3.87814e-001	
9.93803e-001	5.48613e-003	
9.89899e-001	1.56655e-002	
9.39636e-001	3.03530e-002	
5.21262e-001	6.28581e-001	
5.25171e-001	4.75735e-001	
9.12141e-001	5.37585e-002	
4.11677e-001	7.20199e-001	
9.96474e-001	4.97835e-003	
5.52650e-001	4.02803e-001	
6.04518e-001	3.73402e-001	
5.19242e-001	6.61657e-001	
9.28028e-001	5.23068e-002	
5.59278e-001	3.94775e-001	
1.00767e+000	2.71971e-003	
9.93797e-001	6.80118e-003	
7.73770e-002	1.04351e+000	
2.20142e-005	1.10484e+000	
2.06573e-001	7.44677e-001	
1.07523e-001	1.01804e+000	
1.21138e-002	1.07598e+000	
4.25628e-003	1.09934e+000	
4.48115e-002	1.04864e+000	
1.06880e+000	4.96711e-004	
1.78733e-001	8.67181e-001	
4.18800e-001	7.25283e-001	
1.01038e+000	2.77486e-003	
5.58826e-001	4.47175e-001	
6.25538e-001	3.79807e-001	
1.07637e+000	1.30191e-003	
2.07304e-001	7.47312e-001	
6.08005e-001	3.91726e-001	
1.27636e-002	1.08340e+000	
1.80242e-001	8.71077e-001	
1.09237e-001	1.03427e+000	
3.79711e-003	1.10521e+000	
4.98205e-001	7.22290e-001	
9.13676e-001	5.38490e-002	
5.18627e-001	6.60873e-001	
2.22379e-005	1.11607e+000	
9.41872e-001	5.18396e-002	
6.31343e-001	3.73630e-001	
1.46903e-001	1.01890e+000	
1.78307e-001	8.72079e-001	
1.15512e-001	1.03272e+000	
9.98564e-001	5.54033e-003	
2.05853e-001	8.19051e-001	
9.62745e-001	3.07135e-002	
4.38516e-002	1.04820e+000	
5.70465e-001	4.00556e-001	
5.25583e-001	4.76108e-001	
1.08213e+000	3.76654e-004	
6.52831e-004	1.12019e+000	
9.17117e-001	5.40518e-002	
6.36535e-001	3.76703e-001	
5.31236e-001	5.04739e-001	
