3.95123e+000	2.36119e-001	
4.80361e-004	6.62403e+000	
4.50192e+000	3.79211e-005	
1.49150e+000	2.09336e+000	
3.98503e+000	5.27429e-002	
1.68708e+000	1.95577e+000	
1.71546e+000	1.90090e+000	
1.62002e-003	5.75934e+000	
1.76153e+000	1.58890e+000	
4.97169e-003	4.50811e+000	
1.43357e-001	4.51647e+000	
7.22241e-003	6.54897e+000	
4.85955e-004	6.70116e+000	
1.99769e+000	1.82272e+000	
1.75172e+000	2.17274e+000	
4.35743e+000	2.66673e-001	
1.40562e-002	5.58655e+000	
1.65721e+000	3.04110e+000	
4.93427e-002	4.63827e+000	
4.50861e+000	3.79775e-005	
2.07191e+000	1.63952e+000	
4.32058e+000	6.27745e-001	
2.18325e+000	1.60896e+000	
7.58667e-003	6.87926e+000	
2.02393e-002	6.75751e+000	
4.35754e+000	2.66680e-001	
5.14526e-004	7.09515e+000	
1.37843e-001	4.69538e+000	
4.53320e+000	2.16360e-001	
4.54208e+000	3.82594e-005	
2.10836e+000	1.93695e+000	
1.80433e+000	2.55243e+000	
2.06936e+000	2.24968e+000	
2.30099e+000	1.69573e+000	
2.27269e+000	1.91258e+000	
2.31447e-002	5.65004e+000	
5.66875e+000	4.76576e-005	
4.88539e+000	4.94292e-002	
1.50561e-001	4.74346e+000	
2.61386e+000	1.92630e+000	
1.88914e-002	7.50828e+000	
2.04109e-002	6.81481e+000	
1.83274e+000	2.57230e+000	
1.31107e-003	7.60082e+000	
4.70882e+000	1.21052e-001	
1.81522e+000	2.79602e+000	
2.19310e+000	2.01480e+000	
7.31419e-002	5.82409e+000	
2.10273e+000	2.28596e+000	
5.58525e+000	4.16889e-002	
4.49958e+000	2.68887e-001	
4.46831e+000	6.49209e-001	
2.14423e+000	2.33108e+000	
1.05344e-001	5.91117e+000	
7.81812e-002	6.22536e+000	
5.77605e+000	4.86535e-005	
2.09502e+000	2.94041e+000	
6.07182e-004	8.37286e+000	
2.05262e-002	6.85331e+000	
8.90323e-003	8.07306e+000	
5.62062e+000	5.04169e-002	
2.20532e+000	2.02603e+000	
2.67812e-001	5.07359e+000	
4.67661e+000	2.79467e-001	
5.05104e+000	6.68519e-002	
1.92161e+000	2.95990e+000	
1.74189e-001	5.82082e+000	
1.94333e+000	2.99336e+000	
5.96141e+000	1.02027e-002	
1.45658e-003	8.44435e+000	
5.50916e+000	1.41627e-001	
1.03860e-001	6.93066e+000	
5.63430e-002	6.93265e+000	
1.09506e-001	6.14469e+000	
2.41560e+000	2.03285e+000	
5.96710e+000	5.02628e-005	
4.76707e+000	2.84872e-001	
2.24353e+000	2.04703e+000	
2.17318e+000	2.36584e+000	
2.89827e-001	5.56602e+000	
2.09682e-002	7.00087e+000	
1.19204e-001	5.94393e+000	
1.46603e-003	8.49915e+000	
2.00016e+000	3.08089e+000	
6.63111e+000	5.57482e-005	
4.79524e+000	2.86556e-001	
1.95651e+000	3.59032e+000	
5.54342e+000	1.63987e-001	
6.32531e+000	3.74535e-003	
2.27582e+000	2.09080e+000	
5.97264e+000	5.20917e-002	
1.96029e+000	3.12046e+000	
6.12826e+000	5.67384e-003	
2.13629e-002	7.13265e+000	
1.10678e-001	6.21046e+000	
2.23733e+000	2.43229e+000	
5.87401e-001	6.05289e+000	
6.20082e-004	8.55074e+000	
6.75604e+000	5.67986e-005	
8.34050e-001	6.12815e+000	
