1.28755e-002	1.14612e+000	
8.83937e-001	3.39092e-001	
6.75774e-001	4.37108e-001	
9.59543e-001	9.30366e-002	
6.23262e-004	1.33267e+000	
5.89424e-001	4.48532e-001	
5.14084e-001	8.07586e-001	
2.02582e-001	9.39456e-001	
9.72549e-001	4.99569e-002	
1.23929e+000	1.24892e-004	
2.08752e-001	8.10389e-001	
1.04857e+000	1.89104e-003	
3.23237e-003	1.20765e+000	
9.64952e-001	9.35611e-002	
1.27597e+000	4.57120e-004	
2.21668e-001	8.65499e-001	
9.31267e-001	3.57762e-001	
1.10544e+000	1.99359e-003	
2.64495e-003	1.22435e+000	
2.60942e-001	8.13274e-001	
2.03138e-001	9.43069e-001	
2.47697e-001	8.35140e-001	
7.38558e-001	4.44641e-001	
5.95785e-001	4.53625e-001	
1.10023e+000	5.01861e-003	
2.96135e-001	8.11942e-001	
2.16201e-001	9.17151e-001	
1.32393e-002	1.17850e+000	
1.08828e+000	2.24429e-002	
1.95543e-001	1.17194e+000	
6.26746e-004	1.34011e+000	
1.01614e+000	5.19759e-002	
6.53302e-001	4.65253e-001	
6.12893e-001	4.66391e-001	
7.40825e-001	4.53218e-001	
1.28341e+000	3.95312e-004	
6.04070e-001	5.43374e-001	
5.18119e-001	8.14305e-001	
1.03654e+000	1.00502e-001	
2.21483e-001	9.39555e-001	
2.02990e-001	9.42381e-001	
9.41191e-001	3.61055e-001	
2.98216e-001	8.35176e-001	
2.68763e-001	8.45294e-001	
6.28377e-004	1.34360e+000	
3.68960e-001	8.22752e-001	
1.07915e+000	5.15407e-002	
1.12334e+000	2.26268e-003	
2.24728e-001	8.72409e-001	
1.11113e+000	2.30871e-002	
1.33664e-002	1.18981e+000	
4.77098e-001	8.16707e-001	
1.95719e-001	1.17299e+000	
6.17250e-001	5.56670e-001	
7.42157e-001	4.62071e-001	
6.52509e-001	4.64688e-001	
4.99726e-001	8.20564e-001	
6.29010e-004	1.34496e+000	
1.28926e+000	6.31115e-004	
2.39852e-001	8.79712e-001	
1.03804e+000	1.11195e-001	
3.95194e-001	8.30918e-001	
2.07853e-001	9.64958e-001	
1.15028e+000	2.28195e-003	
2.21568e-001	9.51249e-001	
9.77325e-001	3.72150e-001	
2.78327e-001	8.46981e-001	
1.34218e-002	1.19475e+000	
1.12168e+000	2.33062e-002	
1.46759e-002	1.18989e+000	
1.13467e+000	1.03797e-002	
1.09726e+000	5.61252e-002	
1.00289e+000	3.61116e-001	
2.33499e-001	8.97974e-001	
5.19552e-001	8.16558e-001	
6.34765e-004	1.35726e+000	
1.29610e+000	6.34461e-004	
9.89292e-001	3.76707e-001	
6.19273e-001	5.58494e-001	
7.56430e-001	4.62888e-001	
5.19458e-001	8.19791e-001	
1.03785e+000	1.21127e-001	
1.50041e-002	1.21650e+000	
1.98476e-001	1.19978e+000	
2.08018e-001	9.65725e-001	
6.53576e-001	4.65448e-001	
1.56343e-001	1.21092e+000	
1.12654e+000	2.84718e-002	
1.04816e+000	1.13198e-001	
3.95508e-001	8.31579e-001	
1.19792e+000	2.37645e-003	
3.46256e-001	8.76502e-001	
5.04566e-001	8.28512e-001	
2.69575e-001	8.88591e-001	
3.51333e-001	8.46780e-001	
2.40339e-001	9.24280e-001	
2.22451e-001	9.59410e-001	
2.43409e-001	8.92757e-001	
1.13876e+000	1.65252e-002	
1.16825e+000	5.23053e-003	
