9.44794e-004	9.99965e-001	
9.90621e-001	2.58230e-002	
8.60128e-001	3.21171e-001	
8.23432e-002	9.67309e-001	
7.26762e-001	5.33645e-001	
9.21890e-001	1.90836e-001	
5.42259e-002	9.78638e-001	
8.49224e-001	3.42197e-001	
2.74861e-001	8.82936e-001	
5.46745e-001	7.16741e-001	
9.10164e-001	2.16070e-001	
9.52173e-001	1.18981e-001	
8.71661e-001	2.97972e-001	
3.00533e-001	8.70229e-001	
6.38495e-001	6.34857e-001	
1.20910e-001	9.51664e-001	
6.92172e-001	5.77032e-001	
7.38419e-001	5.18786e-001	
8.20320e-001	3.93731e-001	
5.98065e-001	6.81094e-001	
4.29186e-001	7.99098e-001	
7.11132e-001	5.53517e-001	
3.96525e-002	9.84792e-001	
5.81411e-001	6.87865e-001	
6.26166e-001	6.47194e-001	
7.88709e-001	4.46060e-001	
9.28940e-001	1.74422e-001	
7.06843e-001	5.58851e-001	
5.60548e-001	7.05324e-001	
6.05954e-001	6.66947e-001	
8.90561e-001	2.58601e-001	
1.83995e-001	9.24318e-001	
5.27285e-001	7.31527e-001	
2.26849e-002	9.91741e-001	
8.12766e-001	4.06402e-001	
8.98746e-001	2.42259e-001	
8.78011e-001	2.85683e-001	
4.15940e-001	8.07134e-001	
7.80037e-001	4.60089e-001	
8.39278e-001	3.60239e-001	
6.15918e-001	6.56675e-001	
2.19728e-001	9.08533e-001	
8.85043e-001	2.70664e-001	
4.04013e-001	8.14574e-001	
9.34537e-001	1.60533e-001	
5.07769e-001	7.46209e-001	
2.00968e-001	9.17100e-001	
5.69942e-001	6.97495e-001	
4.43891e-001	7.89755e-001	
9.03715e-001	2.30956e-001	
8.05161e-001	4.19431e-001	
1.72243e-001	9.29593e-001	
9.60737e-001	9.89524e-002	
8.29493e-001	3.77436e-001	
3.10739e-001	8.65499e-001	
3.63088e-001	8.37651e-001	
7.72735e-001	4.70555e-001	
5.23352e-001	7.34500e-001	
3.75244e-001	8.30748e-001	
1.40481e-001	9.42990e-001	
4.71797e-001	7.75541e-001	
6.51682e-001	6.21665e-001	
9.44172e-001	1.38218e-001	
3.52160e-001	8.43579e-001	
2.38413e-001	9.00365e-001	
1.58587e-001	9.35704e-001	
3.42057e-001	8.49489e-001	
1.01298e-001	9.59538e-001	
3.24778e-001	8.58073e-001	
2.60382e-001	8.89875e-001	
9.67139e-001	8.32035e-002	
1.03488e-002	9.96567e-001	
3.91595e-001	8.21688e-001	
6.60846e-001	6.11801e-001	
9.83945e-001	4.41552e-002	
4.58925e-001	7.80050e-001	
1.05333e-001	9.58230e-001	
2.10690e-001	9.12596e-001	
7.65197e-001	4.81092e-001	
6.83943e-001	5.86123e-001	
9.71638e-001	7.16410e-002	
7.96797e-001	4.32932e-001	
9.40446e-001	1.47150e-001	
3.31086e-001	8.54833e-001	
3.84979e-001	8.25416e-001	
6.71772e-001	5.99997e-001	
9.86283e-001	3.56861e-002	
4.56248e-001	7.87869e-001	
7.46331e-001	5.07474e-001	
4.88672e-001	7.59708e-001	
6.79541e-001	5.91558e-001	
9.78278e-001	5.59137e-002	
7.56349e-001	4.93539e-001	
4.79081e-001	7.66280e-001	
9.65810e-001	9.59429e-002	
7.98577e-001	4.29607e-001	
7.61549e-001	4.86560e-001	
1.49702e-001	9.39736e-001	
7.51782e-001	4.99809e-001	
2.42339e-001	8.98406e-001	
