7.63904e-002	1.00085e+000	
8.36944e-001	1.03623e-003	
2.27413e-001	9.98985e-001	
5.96779e-001	3.73590e-001	
5.99279e-001	2.24041e-001	
3.35195e-001	9.95128e-001	
5.94815e-001	4.49012e-001	
5.92017e-001	5.12685e-001	
6.01787e-001	1.68244e-001	
5.77835e-001	6.86621e-001	
5.88743e-001	5.66429e-001	
7.13704e-001	5.97429e-002	
5.71271e-001	7.34365e-001	
7.58439e-001	5.77975e-002	
3.64891e-001	9.92546e-001	
5.87588e-001	5.86733e-001	
6.96068e-001	6.08349e-002	
5.84776e-001	6.17841e-001	
6.04275e-001	1.45348e-001	
3.92921e-001	9.89203e-001	
5.80752e-001	6.63435e-001	
6.65610e-001	6.55974e-002	
5.69844e-001	7.43873e-001	
5.83378e-001	6.34327e-001	
5.66249e-001	7.63548e-001	
7.74424e-001	5.54635e-002	
5.81974e-001	6.48722e-001	
6.07773e-001	1.26141e-001	
6.11605e-001	1.13188e-001	
5.37653e-001	8.72114e-001	
4.06229e-001	9.86856e-001	
5.62906e-001	7.82191e-001	
5.45005e-001	8.53105e-001	
5.22756e-001	9.04795e-001	
5.65104e-001	7.72388e-001	
5.56138e-001	8.11925e-001	
5.61000e-001	7.90789e-001	
4.84938e-001	9.52438e-001	
6.32918e-001	8.10177e-002	
5.34401e-001	8.85762e-001	
5.53422e-001	8.23684e-001	
7.95218e-001	4.78230e-002	
6.61729e-001	6.67703e-002	
6.50762e-001	7.05814e-002	
8.16454e-001	2.26399e-002	
6.37553e-001	7.74961e-002	
4.76694e-001	9.59248e-001	
5.59109e-001	7.99255e-001	
7.85855e-001	5.21885e-002	
5.47397e-001	8.44211e-001	
5.13931e-001	9.19816e-001	
8.18865e-001	1.46497e-002	
5.41766e-001	8.61066e-001	
5.09445e-001	9.26419e-001	
5.27203e-001	8.97309e-001	
4.19269e-001	9.84012e-001	
8.27548e-001	2.34365e-003	
4.93704e-001	9.44570e-001	
8.01258e-001	4.37066e-002	
6.15601e-001	1.03606e-001	
6.08883e-001	1.22264e-001	
5.18874e-001	9.11351e-001	
4.88052e-001	9.49759e-001	
4.37441e-001	9.78606e-001	
4.25975e-001	9.82051e-001	
4.11796e-001	9.85543e-001	
5.57843e-001	8.06792e-001	
4.54387e-001	9.71820e-001	
5.40003e-001	8.66052e-001	
6.44885e-001	7.32849e-002	
4.48276e-001	9.74546e-001	
4.62574e-001	9.67917e-001	
5.28743e-001	8.93069e-001	
4.32024e-001	9.80776e-001	
4.43871e-001	9.76360e-001	
6.26526e-001	8.73024e-002	
8.10335e-001	3.44843e-002	
6.20588e-001	9.46018e-002	
8.20014e-001	8.24968e-003	
5.00555e-001	9.37461e-001	
4.97009e-001	9.41399e-001	
7.88679e-001	5.11018e-002	
5.49000e-001	8.38706e-001	
5.50335e-001	8.33423e-001	
8.24654e-001	6.13166e-003	
5.16717e-001	9.15454e-001	
6.25476e-001	8.84692e-002	
5.03721e-001	9.33807e-001	
5.06360e-001	9.30057e-001	
5.31597e-001	8.86789e-001	
5.51902e-001	8.28056e-001	
4.68698e-001	9.64458e-001	
8.13464e-001	2.89927e-002	
4.59820e-001	9.70534e-001	
8.06163e-001	3.91953e-002	
8.04932e-001	4.02807e-002	
8.12379e-001	3.09475e-002	
6.47257e-001	7.20655e-002	
6.19309e-001	9.67150e-002	
4.74218e-001	9.61007e-001	
