5.23392e-001	3.92237e-001	
9.16054e-001	1.00827e-002	
1.71471e-001	7.86246e-001	
5.50437e-001	3.60811e-001	
4.06406e-001	6.64620e-001	
9.11542e-001	1.42611e-002	
4.37079e-001	6.61022e-001	
2.62514e-001	6.78324e-001	
5.35861e-001	3.72719e-001	
1.74596e-001	7.60505e-001	
6.41849e-003	1.00492e+000	
8.42719e-001	1.73699e-001	
7.74957e-001	3.28266e-001	
5.03287e-001	5.26500e-001	
4.86868e-001	6.15393e-001	
2.10106e-001	6.97737e-001	
1.64469e-001	9.07204e-001	
4.59939e-001	6.48392e-001	
3.84829e-001	6.69066e-001	
1.93721e-001	7.12801e-001	
2.15616e-001	6.94288e-001	
1.59175e-001	9.34699e-001	
8.38703e-001	1.79065e-001	
7.83607e-001	3.25111e-001	
6.07364e-004	1.01201e+000	
9.55907e-001	3.40787e-003	
6.25291e-001	3.37414e-001	
5.92801e-001	3.41356e-001	
7.12717e-001	3.34152e-001	
5.33202e-001	3.76837e-001	
5.71597e-001	3.46767e-001	
8.78406e-001	3.03214e-002	
8.75601e-001	3.20203e-002	
5.16543e-001	4.03126e-001	
1.69069e-001	8.20191e-001	
2.45552e-001	6.80656e-001	
7.35293e-001	3.30615e-001	
4.96502e-001	5.83606e-001	
4.83964e-001	6.26524e-001	
4.80365e-001	6.30534e-001	
3.77684e-001	6.70628e-001	
2.64644e-001	6.74631e-001	
8.88939e-001	2.16204e-002	
1.90061e-001	7.20242e-001	
5.18346e-001	3.95943e-001	
8.22102e-001	2.75856e-001	
1.27280e-002	1.00378e+000	
8.69309e-001	3.53122e-002	
4.69382e-001	6.37817e-001	
8.98595e-001	1.60454e-002	
4.41944e-001	6.57487e-001	
2.28876e-001	6.84587e-001	
1.87566e-001	7.23457e-001	
7.91629e-001	3.17090e-001	
8.81393e-001	2.74647e-002	
1.91381e-001	7.14894e-001	
4.71384e-001	6.35893e-001	
7.94463e-001	3.09602e-001	
1.77738e-001	7.48342e-001	
1.39715e-001	9.65204e-001	
3.71799e-001	6.71786e-001	
1.96878e-001	7.09752e-001	
9.71392e-001	1.75408e-003	
1.76300e-001	7.55161e-001	
4.62887e-001	6.41080e-001	
1.00233e+000	6.31182e-005	
5.43855e-001	3.61860e-001	
4.99594e-001	5.67283e-001	
6.23719e-002	1.00115e+000	
8.46889e-001	7.35756e-002	
8.17943e-001	3.01215e-001	
1.66288e-001	8.87083e-001	
5.53632e-001	3.56247e-001	
2.01861e-001	7.04162e-001	
1.00462e+000	2.20390e-004	
6.07477e-004	1.01220e+000	
5.04702e-001	5.27980e-001	
1.41929e-001	9.68399e-001	
8.38391e-001	1.78441e-001	
2.61886e-002	1.00374e+000	
7.99556e-001	3.09334e-001	
8.45730e-001	1.74320e-001	
8.71696e-001	4.21017e-002	
3.90857e-001	6.69147e-001	
5.16015e-001	4.02714e-001	
2.69971e-001	6.73808e-001	
1.64386e-001	9.06746e-001	
7.12670e-001	3.34131e-001	
4.96987e-001	5.85883e-001	
6.35872e-001	3.37200e-001	
1.68626e-001	8.27311e-001	
1.58304e-001	9.37168e-001	
7.74884e-001	3.28235e-001	
4.36562e-001	6.60240e-001	
9.15492e-001	1.00765e-002	
7.43416e-001	3.32059e-001	
9.55091e-001	3.40496e-003	
1.90140e-001	7.20541e-001	
1.71334e-001	7.85621e-001	
1.74956e-001	7.61734e-001	
