9.18137e-001	3.50140e-004	
1.36121e-001	9.98798e-001	
4.28926e-001	5.19145e-001	
4.31459e-001	3.77846e-001	
8.80731e-001	8.20803e-003	
7.63025e-001	1.13197e-002	
4.27051e-001	5.85250e-001	
1.79020e-001	9.96463e-001	
5.78264e-001	1.80135e-001	
4.25375e-001	6.16944e-001	
4.22787e-001	6.58471e-001	
4.34960e-001	3.27895e-001	
6.29389e-001	1.77246e-001	
7.20216e-001	7.20295e-002	
2.29016e-001	9.91981e-001	
7.23021e-001	3.36557e-002	
4.20830e-001	6.87559e-001	
6.93174e-001	1.50344e-001	
4.36986e-001	3.10777e-001	
5.54305e-001	1.81961e-001	
4.11932e-001	7.62026e-001	
6.76411e-001	1.64061e-001	
4.08657e-001	7.87019e-001	
4.18861e-001	7.05594e-001	
9.06430e-001	4.89658e-003	
7.17795e-001	9.37219e-002	
3.93968e-001	8.44008e-001	
4.17059e-001	7.21574e-001	
4.15133e-001	7.36183e-001	
3.87697e-001	8.63488e-001	
6.45469e-001	1.75094e-001	
4.39818e-001	2.90598e-001	
6.56547e-001	1.72313e-001	
4.45026e-001	2.67078e-001	
2.62245e-001	9.86462e-001	
4.13888e-001	7.51005e-001	
2.49522e-001	9.88549e-001	
4.41389e-001	2.83239e-001	
6.69315e-001	1.67643e-001	
3.61858e-001	9.18999e-001	
2.99094e-001	9.74831e-001	
3.78852e-001	8.85824e-001	
5.14028e-001	1.90669e-001	
3.43201e-001	9.42169e-001	
4.59327e-001	2.33161e-001	
3.98149e-001	8.28942e-001	
5.39949e-001	1.83782e-001	
3.83542e-001	8.75352e-001	
5.28789e-001	1.86166e-001	
7.15750e-001	1.03004e-001	
2.37551e-001	9.90600e-001	
3.08051e-001	9.68952e-001	
7.00900e-001	1.43659e-001	
4.64994e-001	2.25019e-001	
7.28823e-001	2.19939e-002	
3.48978e-001	9.36442e-001	
7.49672e-001	1.29539e-002	
3.66583e-001	9.10368e-001	
4.04971e-001	8.04611e-001	
3.36531e-001	9.49224e-001	
4.95894e-001	1.97856e-001	
7.13083e-001	1.13172e-001	
4.06409e-001	7.95502e-001	
2.73761e-001	9.83378e-001	
3.75492e-001	8.93581e-001	
2.90144e-001	9.77921e-001	
4.00967e-001	8.17300e-001	
3.55981e-001	9.26714e-001	
4.51385e-001	2.49139e-001	
3.95846e-001	8.37154e-001	
5.03046e-001	1.94366e-001	
3.13658e-001	9.65935e-001	
7.38199e-001	1.59665e-002	
3.72139e-001	8.99947e-001	
3.53744e-001	9.30338e-001	
4.02032e-001	8.12755e-001	
3.32485e-001	9.53025e-001	
9.12870e-001	3.15407e-003	
4.73995e-001	2.14122e-001	
3.85962e-001	8.68318e-001	
3.70005e-001	9.05086e-001	
3.27298e-001	9.56595e-001	
3.19047e-001	9.62767e-001	
7.31748e-001	1.94079e-002	
2.83348e-001	9.79882e-001	
4.89105e-001	2.01823e-001	
7.02949e-001	1.36787e-001	
5.08881e-001	1.91974e-001	
4.55445e-001	2.40619e-001	
7.43747e-001	1.42686e-002	
7.11072e-001	1.19715e-001	
3.23365e-001	9.59797e-001	
4.47604e-001	2.59477e-001	
4.48810e-001	2.56472e-001	
4.78487e-001	2.10056e-001	
7.05027e-001	1.33002e-001	
5.32671e-001	1.85122e-001	
7.07763e-001	1.27793e-001	
2.78333e-001	9.81474e-001	
4.54170e-001	2.42580e-001	
