7.29101e-001	4.32484e-001	
2.37431e-001	9.65930e-001	
1.15270e+000	1.57834e-002	
2.52990e-001	9.24134e-001	
7.69077e-006	1.30665e+000	
2.24080e-001	1.23459e+000	
1.18376e+000	7.18773e-004	
1.01749e+000	8.13924e-002	
1.00583e+000	3.89227e-001	
4.69404e-003	1.26228e+000	
6.63092e-001	5.32996e-001	
7.14971e-001	5.01014e-001	
2.31878e-001	1.05529e+000	
2.46460e-001	1.00266e+000	
2.41311e-001	1.01766e+000	
1.02287e+000	3.94199e-001	
5.46399e-003	1.27591e+000	
6.77869e-001	5.44873e-001	
7.16584e-001	5.02144e-001	
1.20276e+000	1.64689e-002	
1.10141e+000	1.07845e-001	
2.92273e-001	9.40997e-001	
6.35236e-004	1.32035e+000	
1.17982e+000	3.98355e-002	
1.23463e+000	7.49662e-004	
6.65925e-001	6.48985e-001	
2.25415e-001	1.24195e+000	
7.05530e-001	5.38649e-001	
7.36114e-001	4.35793e-001	
1.15089e+000	8.56647e-002	
1.17528e+000	4.11813e-002	
1.02060e+000	3.97226e-001	
2.60639e-001	9.52074e-001	
2.62773e-001	9.47536e-001	
2.54465e-001	9.70281e-001	
1.04947e+000	4.09174e-001	
1.23604e+000	7.50518e-004	
1.18444e+000	3.99914e-002	
8.40398e-006	1.42782e+000	
1.18223e+000	5.66805e-002	
2.64891e-001	9.67607e-001	
7.08566e-001	5.39718e-001	
1.21663e+000	1.66587e-002	
3.87593e-003	1.32987e+000	
3.07388e-001	9.45747e-001	
7.17564e-001	5.18497e-001	
2.26548e-001	1.24819e+000	
7.50520e-001	5.14335e-001	
2.54775e-001	9.71463e-001	
2.49207e-001	1.01228e+000	
4.89382e-003	1.32842e+000	
1.12223e+000	1.49042e-001	
2.41428e-001	1.02207e+000	
6.88159e-001	5.60219e-001	
1.15984e+000	8.63308e-002	
6.74697e-001	6.57535e-001	
1.61237e-002	1.31861e+000	
7.75637e-001	4.58652e-001	
8.92695e-001	4.41046e-001	
1.67571e-003	1.38408e+000	
2.74298e-001	9.50630e-001	
8.93173e-001	4.42788e-001	
1.18845e+000	4.01269e-002	
1.17296e+000	8.73074e-002	
1.62242e-002	1.32683e+000	
1.22935e+000	1.68330e-002	
1.08431e+000	4.19994e-001	
7.31660e-001	5.30220e-001	
1.44593e-005	1.45461e+000	
2.35883e-001	1.29962e+000	
2.44633e-001	1.04064e+000	
6.96079e-001	6.11523e-001	
2.62762e-001	1.02688e+000	
1.15923e+000	9.27310e-002	
2.73566e-001	9.99295e-001	
1.06011e+000	4.21911e-001	
2.53563e-001	1.03830e+000	
1.58676e-003	1.43389e+000	
3.03967e-001	9.78649e-001	
6.98994e-001	5.77036e-001	
7.38037e-001	5.19859e-001	
3.87906e-003	1.33094e+000	
1.26157e+000	7.66020e-004	
7.89574e-001	4.68355e-001	
1.27955e+000	2.35030e-004	
8.59763e-006	1.46072e+000	
6.99694e-001	5.77614e-001	
2.57829e-001	1.04892e+000	
1.08852e+000	4.24400e-001	
3.91050e-003	1.34173e+000	
2.43694e-001	1.10906e+000	
1.18119e+000	9.44878e-002	
8.92180e-001	4.42296e-001	
8.26942e-001	4.90521e-001	
1.19395e+000	5.49959e-002	
7.62598e-001	5.19617e-001	
7.39910e-001	5.42287e-001	
2.54470e-001	1.07853e+000	
7.48947e-001	5.24822e-001	
7.42572e-001	5.36455e-001	
