2.48199e-001	4.92686e+000	
1.89384e+000	2.09703e+000	
5.92190e-003	4.96973e+000	
2.35282e-004	5.67392e+000	
7.56585e+000	6.20997e-004	
5.71538e+000	4.04908e-002	
3.27753e+000	2.13310e+000	
3.64674e-004	6.52978e+000	
7.27158e+000	1.07421e-001	
6.10525e-003	5.12360e+000	
8.07923e+000	3.31820e-003	
6.89051e+000	1.08953e-001	
6.08932e+000	3.93219e-001	
4.57522e+000	2.12467e+000	
6.55606e+000	2.67687e-001	
8.20635e+000	6.73568e-004	
1.97193e+000	2.41049e+000	
8.46972e+000	6.95185e-004	
2.17960e+000	2.66162e+000	
6.57857e+000	4.24812e-001	
7.36130e+000	1.17779e-001	
3.22055e-004	6.61052e+000	
3.83041e-001	5.57778e+000	
1.20109e-002	5.90303e+000	
3.41013e+000	2.37784e+000	
4.74312e+000	2.21086e+000	
2.37020e+000	2.49178e+000	
3.46196e+000	2.46466e+000	
8.72332e+000	7.16001e-004	
2.35703e+000	3.00560e+000	
4.85461e+000	2.26283e+000	
3.77016e+000	2.41901e+000	
3.67358e+000	2.43582e+000	
8.65025e+000	9.28457e-002	
7.39870e+000	1.16989e-001	
7.37439e+000	1.85266e-001	
2.78967e-004	6.72741e+000	
2.56989e+000	2.57828e+000	
4.93628e+000	2.21660e+000	
6.75076e+000	4.35932e-001	
3.93555e-001	5.73089e+000	
2.62591e+000	2.63442e+000	
6.33460e-001	6.48617e+000	
5.34483e+000	2.40006e+000	
9.20731e-003	7.72689e+000	
3.83492e+000	2.49659e+000	
1.38734e-002	6.81841e+000	
6.76809e+000	4.35802e-001	
9.00102e+000	7.38794e-004	
7.55572e+000	1.55672e-001	
3.78428e-004	7.76763e+000	
7.56679e+000	1.19647e-001	
2.55273e+000	3.11728e+000	
5.15441e+000	2.40257e+000	
2.45466e+000	3.13009e+000	
2.47397e+000	3.15471e+000	
4.66423e+000	2.52618e+000	
5.16509e+000	2.40755e+000	
7.35839e+000	6.97086e-001	
7.91730e+000	1.25189e-001	
3.86116e+000	2.56020e+000	
2.66254e+000	2.72555e+000	
7.44727e-001	6.67325e+000	
6.73036e-001	6.89140e+000	
9.36889e-003	7.86249e+000	
7.65533e+000	6.91021e-001	
9.21682e+000	7.56507e-004	
3.59952e-001	7.70883e+000	
3.94632e+000	2.53112e+000	
9.17186e+000	9.84443e-002	
7.66204e+000	1.92493e-001	
3.78538e+000	2.69491e+000	
3.95108e-004	8.11001e+000	
5.49587e-001	8.00299e+000	
3.99530e-004	8.20078e+000	
5.56462e+000	2.49875e+000	
2.51817e+000	3.49166e+000	
4.06351e+000	2.64540e+000	
2.81957e+000	2.79980e+000	
3.90121e+000	2.77764e+000	
8.68620e+000	1.37347e-001	
8.32010e+000	2.44482e-001	
7.99396e+000	5.19164e-001	
2.51421e+000	3.81492e+000	
3.91770e+000	2.77242e+000	
9.13337e+000	1.34925e-001	
2.58610e+000	3.29770e+000	
2.81510e+000	2.95949e+000	
3.75533e-001	8.04251e+000	
4.27415e+000	2.61646e+000	
8.00924e-001	7.17680e+000	
9.25526e+000	7.59661e-004	
4.03631e-004	8.28494e+000	
9.32507e+000	7.60398e-004	
1.91987e+000	7.74368e+000	
5.63812e+000	2.53176e+000	
2.58196e+000	3.57335e+000	
8.37807e+000	2.45927e-001	
3.79584e-001	8.12927e+000	
4.23667e+000	2.80199e+000	
