1.65600e-001	8.64669e-001	
7.49348e-001	2.77792e-001	
8.75039e-001	1.55426e-001	
1.14255e-001	9.00328e-001	
4.84995e-001	5.72162e-001	
7.39300e-001	3.51441e-001	
3.42025e-001	6.93059e-001	
2.80142e-001	7.46066e-001	
8.66250e-001	1.58822e-001	
7.34902e-001	3.52723e-001	
8.33378e-001	2.18384e-001	
6.45367e-001	3.92566e-001	
3.48436e-001	6.74291e-001	
0.00000e+000	1.03772e+000	
4.41669e-002	9.51831e-001	
2.26091e-001	8.21132e-001	
1.10599e-001	9.26435e-001	
6.53826e-001	4.18715e-001	
8.73283e-001	1.60186e-001	
8.82110e-001	1.56709e-001	
8.69048e-001	1.89119e-001	
1.12021e-001	9.34463e-001	
5.38059e-002	9.77095e-001	
1.15833e-001	9.15366e-001	
6.50726e-002	9.55023e-001	
8.35680e-001	2.18988e-001	
1.68790e-001	8.81329e-001	
6.58223e-001	4.03495e-001	
2.34932e-001	8.45959e-001	
4.91516e-001	5.79854e-001	
0.00000e+000	1.05920e+000	
2.68701e-002	1.05200e+000	
1.66862e-001	8.83652e-001	
4.64534e-002	1.00612e+000	
7.48790e-001	2.77586e-001	
7.38360e-001	3.56406e-001	
3.18072e-001	7.58782e-001	
7.45987e-001	3.54620e-001	
5.05220e-002	9.90732e-001	
3.50069e-001	7.02365e-001	
2.85845e-001	7.60301e-001	
0.00000e+000	1.09494e+000	
2.43773e-001	8.85349e-001	
7.53886e-001	2.79474e-001	
3.50047e-001	7.02321e-001	
6.66179e-001	4.12079e-001	
4.83886e-002	1.00912e+000	
2.92486e-001	7.77966e-001	
5.39200e-002	9.84409e-001	
2.48816e-001	8.68074e-001	
4.94978e-001	5.83939e-001	
3.00867e-001	7.66415e-001	
6.65747e-002	9.77068e-001	
8.82706e-001	1.59126e-001	
4.71747e-002	1.01665e+000	
3.62324e-002	1.06789e+000	
8.35480e-001	2.18936e-001	
3.80818e-003	1.08763e+000	
1.16406e-001	9.17277e-001	
2.52250e-001	8.66837e-001	
8.88051e-001	1.57008e-001	
2.06468e-002	1.08250e+000	
7.47684e-001	3.55427e-001	
8.88043e-001	1.60088e-001	
2.95675e-001	7.80459e-001	
3.80690e-003	1.10489e+000	
6.75502e-001	4.57693e-001	
3.15214e-001	7.69975e-001	
4.72833e-002	1.01899e+000	
3.51141e-001	7.12797e-001	
5.12565e-001	6.05759e-001	
1.17655e-001	9.24158e-001	
7.53618e-001	2.79375e-001	
2.43773e-001	8.85350e-001	
6.77418e-001	4.21453e-001	
6.82489e-001	4.15147e-001	
8.37621e-001	2.19496e-001	
0.00000e+000	1.11137e+000	
6.17813e-002	9.97349e-001	
2.08174e-002	1.09145e+000	
2.50661e-001	8.74508e-001	
0.00000e+000	1.11490e+000	
9.02320e-001	1.59531e-001	
5.17015e-001	6.17318e-001	
3.53259e-001	7.14756e-001	
6.94035e-001	4.70251e-001	
7.54100e-001	2.79554e-001	
2.97028e-001	7.82227e-001	
6.97165e-001	4.27367e-001	
8.47473e-001	2.29164e-001	
1.18536e-001	9.31077e-001	
4.75008e-002	1.02368e+000	
6.18151e-002	9.97895e-001	
1.80462e-001	9.24536e-001	
2.56617e-001	8.81843e-001	
3.83720e-003	1.11368e+000	
8.95256e-001	1.94823e-001	
2.49740e-001	9.07019e-001	
8.96640e-001	1.61638e-001	
2.55544e-001	8.91543e-001	
