3.36896e-002	9.98602e-001	
8.53545e-001	3.11835e-003	
6.56847e-001	1.03207e-001	
8.40709e-001	1.35443e-002	
1.77777e-001	6.68506e-001	
5.16508e-001	1.80532e-001	
5.06665e-001	3.17946e-001	
1.83327e-001	5.66789e-001	
1.75810e-001	7.51123e-001	
5.95352e-001	1.09279e-001	
3.39522e-001	4.32195e-001	
3.02495e-001	4.34582e-001	
3.77886e-001	4.30524e-001	
1.71409e-001	8.19374e-001	
1.64927e-001	8.64439e-001	
1.74228e-001	7.85073e-001	
4.02674e-001	4.27810e-001	
1.86873e-001	5.42538e-001	
2.75306e-001	4.38810e-001	
1.72616e-001	8.06537e-001	
5.65451e-002	9.95093e-001	
4.25795e-001	4.22857e-001	
5.71550e-001	1.12866e-001	
2.01104e-001	4.95783e-001	
1.96174e-001	5.07484e-001	
5.33859e-001	1.36170e-001	
5.24324e-001	1.51532e-001	
4.41709e-001	4.17176e-001	
4.88822e-001	3.74304e-001	
5.03336e-001	3.34837e-001	
4.40423e-002	9.97261e-001	
4.83552e-001	3.83294e-001	
7.31820e-002	9.91198e-001	
1.63077e-001	8.73392e-001	
1.92146e-001	5.19949e-001	
4.99768e-001	3.47710e-001	
2.54792e-001	4.45063e-001	
1.57373e-001	8.96391e-001	
4.78155e-001	3.89905e-001	
4.31124e-001	4.21282e-001	
5.18212e-001	1.70863e-001	
4.66293e-001	4.02007e-001	
2.06908e-001	4.84890e-001	
4.93112e-001	3.65206e-001	
5.05034e-001	3.26448e-001	
9.77206e-002	9.81130e-001	
5.37190e-001	1.32312e-001	
1.89144e-001	5.31610e-001	
9.04266e-002	9.84942e-001	
1.42673e-001	9.33213e-001	
2.64862e-001	4.41540e-001	
1.60502e-001	8.84556e-001	
8.44477e-002	9.87514e-001	
1.50172e-001	9.17095e-001	
5.66750e-001	1.15378e-001	
1.54193e-001	9.06300e-001	
5.58311e-001	1.17788e-001	
8.48298e-001	4.99521e-003	
1.37733e-001	9.42231e-001	
4.97783e-001	3.53710e-001	
4.58660e-001	4.07820e-001	
4.51036e-001	4.12675e-001	
4.73813e-001	3.95184e-001	
2.17387e-001	4.70647e-001	
5.43998e-001	1.26319e-001	
4.95410e-001	3.60318e-001	
2.10640e-001	4.79337e-001	
8.42872e-001	9.86431e-003	
2.23222e-001	4.64638e-001	
1.32726e-001	9.49606e-001	
2.15326e-001	4.73193e-001	
2.44339e-001	4.49731e-001	
2.48154e-001	4.47875e-001	
2.38235e-001	4.53207e-001	
1.18162e-001	9.66656e-001	
1.59452e-001	8.88618e-001	
7.71977e-002	9.90049e-001	
1.52907e-001	9.09840e-001	
1.90456e-001	5.26287e-001	
5.20142e-001	1.62995e-001	
1.03389e-001	9.77701e-001	
4.70344e-001	3.98559e-001	
5.53661e-001	1.20084e-001	
1.47762e-001	9.22908e-001	
1.22405e-001	9.62264e-001	
2.34861e-001	4.55364e-001	
2.30085e-001	4.58712e-001	
2.69052e-001	4.40406e-001	
5.48970e-001	1.22772e-001	
1.36405e-001	9.44261e-001	
1.14578e-001	9.69452e-001	
1.30055e-001	9.53470e-001	
1.25030e-001	9.59601e-001	
5.21337e-001	1.59349e-001	
1.27782e-001	9.56174e-001	
5.23010e-001	1.54412e-001	
1.06713e-001	9.75667e-001	
1.45984e-001	9.26867e-001	
1.44611e-001	9.29779e-001	
4.56613e-001	4.09183e-001	
