4.56443e-002	1.00079e+000	
8.93112e-001	4.69725e-004	
2.24668e-001	9.99050e-001	
5.98009e-001	2.97505e-001	
6.00376e-001	1.91449e-001	
3.10284e-001	9.96501e-001	
5.96671e-001	4.18334e-001	
8.20591e-001	4.79322e-003	
5.93116e-001	4.90732e-001	
5.89841e-001	5.53983e-001	
7.09320e-001	5.99541e-002	
5.86776e-001	5.95429e-001	
5.95628e-001	4.21704e-001	
7.64182e-001	5.72747e-002	
3.52300e-001	9.93735e-001	
5.91848e-001	5.16346e-001	
6.04728e-001	1.42737e-001	
5.79085e-001	6.74868e-001	
5.84286e-001	6.24458e-001	
5.75262e-001	7.05900e-001	
5.81883e-001	6.49099e-001	
3.78080e-001	9.91160e-001	
5.66896e-001	7.60016e-001	
3.98870e-001	9.88119e-001	
5.63198e-001	7.80930e-001	
5.72312e-001	7.26562e-001	
6.90994e-001	6.13875e-002	
5.68944e-001	7.49055e-001	
5.45253e-001	8.50436e-001	
6.06257e-001	1.33428e-001	
7.79237e-001	5.42949e-002	
4.42680e-001	9.76792e-001	
5.33886e-001	8.81290e-001	
4.30757e-001	9.80864e-001	
8.16639e-001	2.29052e-002	
5.71238e-001	7.33636e-001	
6.10098e-001	1.18405e-001	
5.49374e-001	8.37021e-001	
5.37725e-001	8.71831e-001	
6.64601e-001	6.60203e-002	
5.56383e-001	8.11404e-001	
6.81190e-001	6.26446e-002	
5.29723e-001	8.91220e-001	
5.53979e-001	8.21009e-001	
5.59566e-001	7.96671e-001	
4.08832e-001	9.86190e-001	
5.42198e-001	8.59676e-001	
6.73089e-001	6.42705e-002	
4.51787e-001	9.73155e-001	
5.61727e-001	7.86692e-001	
4.97792e-001	9.40324e-001	
4.90650e-001	9.47302e-001	
4.21944e-001	9.83251e-001	
6.55465e-001	6.87025e-002	
7.92024e-001	4.95030e-002	
5.58171e-001	8.03505e-001	
7.87451e-001	5.15535e-002	
7.99100e-001	4.52271e-002	
5.07072e-001	9.30647e-001	
4.71987e-001	9.62149e-001	
5.13051e-001	9.20876e-001	
8.02447e-001	4.25998e-002	
5.40127e-001	8.65385e-001	
5.20089e-001	9.09192e-001	
6.45059e-001	7.30767e-002	
4.15918e-001	9.84803e-001	
5.09500e-001	9.25877e-001	
8.07926e-001	3.70288e-002	
6.50821e-001	7.05073e-002	
6.11546e-001	1.13193e-001	
4.65528e-001	9.66210e-001	
5.52454e-001	8.27883e-001	
5.02002e-001	9.35544e-001	
8.12468e-001	3.07555e-002	
5.23648e-001	9.03063e-001	
5.27588e-001	8.95670e-001	
6.13827e-001	1.07575e-001	
6.39802e-001	7.60644e-002	
6.24777e-001	8.92069e-002	
4.78922e-001	9.57377e-001	
5.50956e-001	8.32075e-001	
6.15488e-001	1.03642e-001	
8.15081e-001	2.59027e-002	
6.17723e-001	9.93289e-002	
6.21570e-001	9.32093e-002	
5.16370e-001	9.15683e-001	
4.75987e-001	9.59504e-001	
5.25044e-001	9.00327e-001	
4.56814e-001	9.71549e-001	
4.83137e-001	9.54069e-001	
4.88211e-001	9.49809e-001	
8.09891e-001	3.45510e-002	
6.31107e-001	8.25397e-002	
6.34215e-001	7.99089e-002	
5.17704e-001	9.13740e-001	
4.59363e-001	9.69481e-001	
6.19685e-001	9.59507e-002	
4.63127e-001	9.67794e-001	
6.36850e-001	7.80119e-002	
4.85018e-001	9.52539e-001	
