8.49880e-001	4.13822e-003	
7.63847e-004	1.00424e+000	
1.60789e-001	8.83091e-001	
1.77363e-001	6.88547e-001	
1.90442e-002	9.99724e-001	
7.12052e-001	1.01793e-001	
3.08773e-001	4.34189e-001	
1.80255e-001	5.98518e-001	
6.19423e-001	1.04862e-001	
4.00366e-001	4.28415e-001	
5.11966e-001	2.47673e-001	
5.09381e-001	2.94479e-001	
7.61974e-001	9.72039e-002	
5.14115e-001	2.01942e-001	
1.82978e-001	5.68112e-001	
5.97733e-001	1.07258e-001	
2.82044e-001	4.37385e-001	
5.05755e-001	3.21816e-001	
8.39310e-001	1.98093e-002	
4.97654e-001	3.53615e-001	
8.34923e-001	4.79816e-002	
4.89251e-001	3.72784e-001	
4.10779e-001	4.26236e-001	
5.16273e-001	1.80580e-001	
4.29778e-001	4.21674e-001	
5.78805e-001	1.10814e-001	
5.18045e-001	1.70153e-001	
7.77582e-001	9.39473e-002	
1.88601e-001	5.34460e-001	
5.35091e-001	1.34220e-001	
5.01178e-001	3.42223e-001	
5.03249e-001	3.34163e-001	
2.69021e-001	4.40461e-001	
2.51896e-001	4.46414e-001	
2.00293e-001	4.97587e-001	
1.85839e-001	5.47914e-001	
2.62293e-001	4.42441e-001	
1.84819e-001	5.54211e-001	
2.57329e-003	1.00073e+000	
5.45293e-001	1.25428e-001	
2.16471e-001	4.71537e-001	
2.10967e-001	4.78805e-001	
4.86475e-001	3.81636e-001	
5.21752e-001	1.57342e-001	
2.03595e-001	4.90584e-001	
7.84204e-001	9.21080e-002	
4.55368e-001	4.09910e-001	
1.96344e-001	5.06915e-001	
4.45097e-001	4.15536e-001	
2.07317e-001	4.84127e-001	
1.91744e-001	5.21009e-001	
1.94737e-001	5.11377e-001	
4.37515e-001	4.18823e-001	
4.81446e-001	3.86543e-001	
5.63261e-001	1.15676e-001	
5.55600e-001	1.19064e-001	
2.44739e-001	4.49627e-001	
7.92705e-001	8.91091e-002	
1.90538e-001	5.25939e-001	
5.25040e-001	1.49423e-001	
8.15383e-001	7.63926e-002	
8.32495e-001	5.39682e-002	
8.41789e-001	1.06332e-002	
2.21222e-001	4.66564e-001	
5.72155e-001	1.12621e-001	
8.18560e-001	7.37656e-002	
2.33078e-001	4.56710e-001	
5.28520e-001	1.44297e-001	
8.09955e-001	8.04325e-002	
7.96542e-001	8.77083e-002	
2.37122e-001	4.53916e-001	
8.22660e-001	6.96458e-002	
2.29277e-001	4.59857e-001	
5.68346e-001	1.14499e-001	
5.31957e-001	1.38296e-001	
2.40511e-001	4.51882e-001	
8.01251e-001	8.53897e-002	
8.46864e-001	5.47232e-003	
8.26850e-001	6.44708e-002	
4.63292e-001	4.04334e-001	
5.22995e-001	1.54145e-001	
4.78089e-001	3.90800e-001	
4.42929e-001	4.16707e-001	
8.30426e-001	5.86187e-002	
8.43127e-001	8.70274e-003	
4.68885e-001	3.99857e-001	
4.66492e-001	4.01994e-001	
8.04280e-001	8.37997e-002	
2.26356e-001	4.62034e-001	
4.60018e-001	4.06737e-001	
2.23768e-001	4.64104e-001	
4.76083e-001	3.92196e-001	
5.29985e-001	1.41025e-001	
8.29102e-001	6.09429e-002	
8.24826e-001	6.79101e-002	
4.73147e-001	3.95373e-001	
8.07707e-001	8.18203e-002	
5.51584e-001	1.21060e-001	
4.71625e-001	3.96963e-001	
4.57673e-001	4.08406e-001	
