1.03006e+000	1.09072e-001	
8.54395e-001	3.24788e-001	
6.20545e-001	5.85227e-001	
5.82195e-002	1.06183e+000	
2.64924e-001	8.94610e-001	
1.85938e-002	1.11574e+000	
1.43539e-002	1.22533e+000	
4.16125e-001	8.24898e-001	
9.73139e-001	2.57370e-001	
8.10437e-001	3.87369e-001	
5.18672e-002	1.09770e+000	
4.68886e-001	7.32852e-001	
1.11459e+000	4.21548e-002	
0.00000e+000	1.24531e+000	
1.23808e+000	0.00000e+000	
5.54838e-002	1.18129e+000	
4.76364e-001	7.44538e-001	
2.88995e-001	9.17670e-001	
1.02355e+000	2.73619e-001	
1.12338e+000	4.33308e-002	
2.02642e-002	1.21598e+000	
5.85052e-002	1.06704e+000	
1.43829e-002	1.22781e+000	
8.18141e-001	3.95408e-001	
4.22980e-001	8.38487e-001	
0.00000e+000	1.25149e+000	
9.12152e-001	3.31773e-001	
1.04079e+000	1.10208e-001	
6.23274e-001	5.87800e-001	
1.27899e+000	0.00000e+000	
2.67646e-001	9.72368e-001	
8.36810e-001	3.96355e-001	
1.18584e+000	7.12857e-002	
4.87116e-001	7.61344e-001	
1.46972e-002	1.25463e+000	
6.03770e-002	1.08335e+000	
6.28382e-001	5.92618e-001	
1.08627e+000	1.13599e-001	
9.11420e-001	3.36095e-001	
2.90108e-001	9.21203e-001	
4.25965e-001	8.44405e-001	
2.68568e-001	9.75719e-001	
1.20033e+000	5.29233e-002	
2.70937e-001	9.74012e-001	
1.28889e+000	0.00000e+000	
1.20894e+000	4.57234e-002	
0.00000e+000	1.32175e+000	
5.57795e-002	1.18759e+000	
1.18990e+000	5.56100e-002	
1.05128e+000	2.91957e-001	
2.75885e-001	9.72248e-001	
2.08684e-002	1.25223e+000	
4.28266e-001	8.48965e-001	
2.94174e-001	9.34114e-001	
6.11201e-002	1.09669e+000	
1.20151e+000	5.61528e-002	
8.36156e-001	3.96153e-001	
4.90872e-001	7.67214e-001	
6.51675e-001	6.29670e-001	
1.24684e-001	1.09448e+000	
2.08675e-002	1.25218e+000	
1.09427e+000	1.14436e-001	
1.47716e-002	1.26099e+000	
2.69379e-001	9.78665e-001	
9.11612e-001	3.36166e-001	
1.30079e+000	0.00000e+000	
0.00000e+000	1.34621e+000	
1.21114e+000	4.67160e-002	
5.76227e-002	1.20191e+000	
1.05597e+000	2.93259e-001	
1.19814e+000	7.26115e-002	
1.30252e+000	0.00000e+000	
1.21394e+000	5.35235e-002	
8.48810e-001	4.02249e-001	
2.71663e-001	9.87022e-001	
4.37542e-001	8.67354e-001	
2.97754e-001	9.45484e-001	
1.23283e+000	4.75524e-002	
1.09995e+000	1.60972e-001	
1.25780e-001	1.10410e+000	
6.26627e-002	1.17758e+000	
1.06040e+000	2.94491e-001	
6.11276e-002	1.21758e+000	
1.11676e+000	1.16788e-001	
1.20757e+000	5.64361e-002	
1.56806e-002	1.33859e+000	
4.94670e-001	7.73151e-001	
5.44826e-001	7.70791e-001	
9.19706e-001	3.36103e-001	
9.15319e-001	3.47947e-001	
7.21147e-001	6.75725e-001	
2.09853e-002	1.25925e+000	
0.00000e+000	1.35703e+000	
2.78512e-001	9.81508e-001	
0.00000e+000	1.38290e+000	
1.30597e+000	0.00000e+000	
8.56966e-001	4.14172e-001	
5.23152e-001	8.12248e-001	
1.26512e-001	1.11053e+000	
1.05943e+000	2.94220e-001	
