9.68622e-001	2.17592e-013	
1.12952e-001	1.00012e+000	
5.96095e-001	4.08793e-001	
5.99278e-001	2.19518e-001	
2.36323e-001	9.98801e-001	
5.93105e-001	4.91580e-001	
8.21186e-001	3.60611e-003	
5.87171e-001	5.88928e-001	
6.83986e-001	6.21419e-002	
3.02130e-001	9.96787e-001	
7.76694e-001	5.49660e-002	
6.01686e-001	1.69428e-001	
3.42125e-001	9.94583e-001	
5.80549e-001	6.62010e-001	
5.83582e-001	6.31426e-001	
5.75734e-001	7.02263e-001	
4.02166e-001	9.87478e-001	
3.70198e-001	9.91982e-001	
4.25025e-001	9.83037e-001	
5.72612e-001	7.24837e-001	
6.04265e-001	1.45532e-001	
5.69177e-001	7.46839e-001	
3.83566e-001	9.90489e-001	
8.19410e-001	1.08143e-002	
5.52437e-001	8.26297e-001	
5.82430e-001	6.43435e-001	
6.60558e-001	6.70195e-002	
5.62948e-001	7.81155e-001	
8.12619e-001	3.05269e-002	
5.65349e-001	7.68382e-001	
5.60362e-001	7.93994e-001	
4.37358e-001	9.78595e-001	
5.55741e-001	8.13147e-001	
5.74508e-001	7.11381e-001	
5.67520e-001	7.56616e-001	
5.50831e-001	8.43329e-001	
5.57797e-001	8.04540e-001	
6.36043e-001	8.09972e-002	
6.41446e-001	7.50855e-002	
5.34558e-001	8.79813e-001	
5.13632e-001	9.20200e-001	
5.29921e-001	8.90622e-001	
4.48552e-001	9.74589e-001	
6.29988e-001	8.65783e-002	
4.59629e-001	9.69382e-001	
5.38879e-001	8.68909e-001	
6.05898e-001	1.34926e-001	
5.07705e-001	9.28523e-001	
6.48217e-001	7.15943e-002	
7.91465e-001	4.98015e-002	
7.97040e-001	4.69718e-002	
5.45200e-001	8.52551e-001	
6.13131e-001	1.09111e-001	
5.22004e-001	9.06391e-001	
5.17701e-001	9.13664e-001	
4.68362e-001	9.64366e-001	
6.10947e-001	1.14751e-001	
5.36167e-001	8.75720e-001	
4.45359e-001	9.75691e-001	
5.46906e-001	8.45984e-001	
5.26708e-001	8.97512e-001	
5.41477e-001	8.61495e-001	
4.61849e-001	9.68160e-001	
5.23591e-001	9.03661e-001	
6.15841e-001	1.02872e-001	
6.24571e-001	8.93101e-002	
8.01998e-001	4.29658e-002	
7.85138e-001	5.24513e-002	
6.09185e-001	1.20481e-001	
6.19712e-001	9.61754e-002	
5.42595e-001	8.58865e-001	
6.07121e-001	1.29251e-001	
4.73999e-001	9.61140e-001	
6.53794e-001	6.94316e-002	
6.22302e-001	9.20992e-002	
4.78670e-001	9.57460e-001	
5.02759e-001	9.34448e-001	
7.82063e-001	5.34680e-002	
4.83702e-001	9.53845e-001	
5.05690e-001	9.30800e-001	
6.08141e-001	1.24865e-001	
5.16046e-001	9.16068e-001	
6.17410e-001	9.99132e-002	
8.04253e-001	4.09806e-002	
5.28224e-001	8.94199e-001	
8.07651e-001	3.82046e-002	
8.09413e-001	3.61016e-002	
6.57014e-001	6.84259e-002	
4.86485e-001	9.51499e-001	
4.71653e-001	9.62461e-001	
8.11368e-001	3.25546e-002	
4.80321e-001	9.56207e-001	
4.93982e-001	9.44148e-001	
4.90020e-001	9.47977e-001	
4.92555e-001	9.45818e-001	
4.96537e-001	9.41508e-001	
4.88352e-001	9.49497e-001	
5.00883e-001	9.36956e-001	
4.99772e-001	9.38220e-001	
4.97672e-001	9.40405e-001	
