1.49731e-001	1.00033e+000	
9.51138e-001	9.19576e-008	
5.98951e-001	2.48219e-001	
5.93080e-001	4.92409e-001	
2.49565e-001	9.98846e-001	
6.00801e-001	1.86742e-001	
8.24414e-001	2.02099e-003	
7.45194e-001	5.87139e-002	
5.86714e-001	5.94950e-001	
6.10089e-001	1.18575e-001	
2.88318e-001	9.97594e-001	
5.90855e-001	5.44449e-001	
3.30019e-001	9.95618e-001	
5.82247e-001	6.51087e-001	
6.90512e-001	6.14050e-002	
3.63579e-001	9.93184e-001	
5.88738e-001	5.69819e-001	
7.80248e-001	5.42122e-002	
5.66632e-001	7.62089e-001	
5.77912e-001	6.84876e-001	
5.75383e-001	7.05663e-001	
5.71764e-001	7.31979e-001	
5.80192e-001	6.65668e-001	
8.12593e-001	3.08679e-002	
3.82123e-001	9.90899e-001	
5.72874e-001	7.24522e-001	
4.15413e-001	9.85134e-001	
5.64526e-001	7.73408e-001	
8.17925e-001	1.82965e-002	
6.79386e-001	6.28689e-002	
4.02786e-001	9.87613e-001	
6.66674e-001	6.53555e-002	
3.92236e-001	9.89484e-001	
5.46868e-001	8.46235e-001	
4.41395e-001	9.77522e-001	
5.50267e-001	8.34102e-001	
4.26759e-001	9.82307e-001	
6.39447e-001	7.64635e-002	
4.50591e-001	9.74007e-001	
5.62522e-001	7.86267e-001	
5.27135e-001	8.96548e-001	
5.10082e-001	9.25296e-001	
6.49661e-001	7.10158e-002	
8.05676e-001	3.96560e-002	
5.21387e-001	9.07498e-001	
5.16041e-001	9.17691e-001	
4.33377e-001	9.80225e-001	
8.19697e-001	9.90600e-003	
5.57874e-001	8.05454e-001	
5.38677e-001	8.70512e-001	
6.58863e-001	6.76905e-002	
5.05574e-001	9.31249e-001	
5.02157e-001	9.35475e-001	
5.41735e-001	8.61234e-001	
5.59971e-001	7.96589e-001	
6.11904e-001	1.12976e-001	
5.22796e-001	9.04790e-001	
7.97308e-001	4.67398e-002	
4.57244e-001	9.70872e-001	
4.97488e-001	9.41011e-001	
4.77062e-001	9.58938e-001	
4.82538e-001	9.54704e-001	
5.44954e-001	8.52681e-001	
5.53908e-001	8.22952e-001	
5.51984e-001	8.28038e-001	
6.14555e-001	1.05942e-001	
5.55095e-001	8.16253e-001	
5.56324e-001	8.11709e-001	
5.14445e-001	9.20168e-001	
7.87892e-001	5.15619e-002	
5.36654e-001	8.74898e-001	
4.73704e-001	9.61041e-001	
5.34707e-001	8.79714e-001	
6.18024e-001	9.90193e-002	
5.61086e-001	7.91469e-001	
4.69475e-001	9.64514e-001	
6.29186e-001	8.44560e-002	
8.21811e-001	3.21554e-003	
6.52588e-001	6.97191e-002	
5.30266e-001	8.90945e-001	
5.33021e-001	8.84276e-001	
6.35290e-001	7.92612e-002	
5.43482e-001	8.57912e-001	
8.02598e-001	4.27483e-002	
6.32465e-001	8.14762e-002	
7.92710e-001	4.91976e-002	
4.94630e-001	9.43698e-001	
4.61347e-001	9.68779e-001	
6.15780e-001	1.03115e-001	
6.26082e-001	8.77031e-002	
6.24304e-001	8.97949e-002	
6.20483e-001	9.48625e-002	
4.90216e-001	9.48202e-001	
5.31359e-001	8.88562e-001	
4.92131e-001	9.46357e-001	
6.21723e-001	9.32261e-002	
4.87235e-001	9.50910e-001	
4.85846e-001	9.52586e-001	
4.65989e-001	9.66171e-001	
4.64221e-001	9.67271e-001	
