1.13905e+000	9.94541e-001	
1.64215e-001	1.85119e+000	
2.12662e+000	4.34458e-002	
6.28647e-002	2.13021e+000	
5.87812e-003	2.70710e+000	
3.72041e-003	2.80626e+000	
2.34340e+000	3.86615e-002	
5.88034e-001	1.37067e+000	
1.59085e+000	6.03416e-001	
7.35850e-001	1.13933e+000	
2.69040e+000	4.83012e-003	
1.45103e+000	9.53324e-001	
1.60373e+000	6.08302e-001	
2.49454e+000	4.65753e-002	
4.23098e+000	2.16068e-002	
3.47015e-003	3.69145e+000	
2.55929e+000	4.06907e-002	
3.34229e+000	2.38748e-002	
1.47333e+000	9.64283e-001	
7.55083e-001	1.17443e+000	
2.00766e-001	2.01809e+000	
6.16440e-003	2.83894e+000	
1.15592e+000	1.01265e+000	
2.49324e+000	1.62942e-001	
2.36642e+000	5.28548e-001	
7.59124e-001	1.15326e+000	
5.95070e-001	1.38707e+000	
6.17414e-001	1.43915e+000	
3.66673e+000	2.61924e-002	
4.28452e-001	2.59854e+000	
2.02512e-001	2.62518e+000	
3.61074e-003	4.54909e+000	
2.22000e-001	2.62330e+000	
1.16496e+000	1.02058e+000	
7.20648e-003	3.31886e+000	
4.43121e-002	2.83852e+000	
1.73018e+000	6.54016e-001	
1.95413e-002	3.10268e+000	
8.50108e-001	1.29148e+000	
2.36830e+000	5.28968e-001	
2.62428e+000	4.17240e-002	
4.48151e+000	2.08310e-002	
3.58978e+000	4.05033e-002	
3.01517e-002	2.97719e+000	
2.45236e+000	5.49762e-001	
4.60379e+000	2.35107e-002	
2.04555e-001	2.65166e+000	
3.67015e+000	2.62168e-002	
9.20123e-001	1.37025e+000	
6.23904e-001	1.55441e+000	
3.61286e+000	4.07637e-002	
3.88324e-003	5.38601e+000	
7.79650e-003	3.59059e+000	
4.64231e-002	2.97374e+000	
2.64693e+000	4.20841e-002	
3.10028e-002	3.19823e+000	
2.02989e+000	7.48756e-001	
1.17228e+000	1.02699e+000	
2.66498e+000	4.36148e-002	
4.46379e-001	2.70727e+000	
3.67966e+000	4.15174e-002	
2.34017e-001	2.85528e+000	
5.61169e-003	5.41069e+000	
1.61065e-002	3.66043e+000	
2.45893e+000	5.51235e-001	
2.14689e-001	3.00217e+000	
9.73808e-001	1.47941e+000	
1.28460e+000	1.05956e+000	
3.21202e-002	3.31350e+000	
1.25319e+000	1.09420e+000	
6.26845e-001	1.55957e+000	
8.04839e-002	3.23481e+000	
4.39558e+000	2.69725e-002	
8.51735e-003	3.92256e+000	
3.93834e+000	2.81326e-002	
4.61126e+000	2.35488e-002	
2.08577e+000	7.88428e-001	
4.13407e+000	3.13326e-002	
8.75042e-003	4.02990e+000	
1.37501e-002	3.94000e+000	
6.72490e-001	1.56753e+000	
2.52879e+000	5.66896e-001	
1.29709e+000	1.11538e+000	
2.21433e-001	3.16932e+000	
4.63420e-001	2.71204e+000	
6.35668e-001	1.58152e+000	
3.29681e-002	3.40097e+000	
2.44197e-001	2.97950e+000	
2.54444e-001	2.96492e+000	
2.71613e+000	4.31843e-002	
1.27737e+000	1.11905e+000	
4.84514e+000	2.47432e-002	
9.12174e-002	3.26719e+000	
8.84623e-002	3.37935e+000	
2.68657e+000	1.08544e-001	
2.20393e+000	8.35964e-001	
5.97718e+000	2.79305e-002	
9.08241e-003	4.18280e+000	
6.53276e-001	1.62759e+000	
1.27734e+000	1.11903e+000	
