2.61595e-002	1.18441e+000	
6.41747e-001	4.09897e-001	
2.06068e-001	8.35592e-001	
5.71656e-001	5.28618e-001	
8.12731e-001	3.62237e-001	
1.04276e+000	8.91532e-003	
5.81307e-001	5.27481e-001	
1.07940e+000	3.96027e-003	
1.02773e+000	1.81781e-002	
6.25696e-001	4.22800e-001	
1.90525e-001	8.43904e-001	
7.36326e-003	1.19259e+000	
6.38144e-001	4.19504e-001	
8.96550e-001	3.25631e-001	
1.18825e+000	2.20593e-004	
1.06140e-001	1.09923e+000	
9.26541e-001	1.24031e-001	
1.10947e+000	1.42398e-003	
2.41625e-001	7.74498e-001	
1.05478e+000	6.85619e-003	
1.03340e+000	1.00740e-002	
2.52643e-001	7.65739e-001	
9.71934e-001	7.38739e-002	
8.63816e-005	1.19817e+000	
1.33545e-001	1.12777e+000	
2.20540e-001	8.53921e-001	
1.09497e+000	4.01741e-003	
6.43981e-001	4.19885e-001	
2.94653e-002	1.18442e+000	
8.68217e-005	1.20427e+000	
9.83517e-003	1.19909e+000	
1.93249e-001	8.55968e-001	
6.60952e-001	4.13245e-001	
9.26276e-001	1.26191e-001	
1.12883e+000	1.44883e-003	
2.54218e-001	7.68111e-001	
9.76438e-001	7.42161e-002	
5.72598e-001	5.29489e-001	
1.88113e-001	1.10629e+000	
1.04193e+000	8.90823e-003	
8.13494e-001	3.62577e-001	
1.93111e-001	9.21477e-001	
1.13631e+000	1.45842e-003	
1.05524e+000	1.48572e-002	
8.89680e-005	1.23405e+000	
2.79602e-002	1.20109e+000	
6.61950e-001	4.17814e-001	
5.79912e-001	5.36252e-001	
4.39229e-002	1.19004e+000	
8.57372e-001	3.77566e-001	
2.21068e-001	8.55967e-001	
1.20105e-001	1.18493e+000	
1.89594e-001	1.11500e+000	
1.09897e+000	7.14344e-003	
1.37108e-001	1.15786e+000	
9.50248e-003	1.21734e+000	
6.43722e-001	4.19716e-001	
1.06706e+000	1.14386e-002	
1.10465e+000	4.05291e-003	
2.97320e-002	1.19514e+000	
2.54611e-001	7.69299e-001	
8.48802e-001	3.96336e-001	
1.05013e+000	1.76972e-002	
1.99133e-001	8.82032e-001	
2.23096e-001	8.53187e-001	
9.27611e-001	3.36912e-001	
1.07889e+000	9.22424e-003	
9.70236e-001	3.34373e-001	
9.83046e-001	7.47184e-002	
9.68867e-001	3.36713e-001	
2.20893e-001	8.55287e-001	
1.65207e-001	1.16386e+000	
8.49310e-001	3.96573e-001	
8.83092e-001	3.87416e-001	
1.01550e+000	1.02362e-001	
1.90788e-001	1.12202e+000	
2.56628e-001	7.77800e-001	
1.12974e+000	7.34341e-003	
6.63408e-001	4.19127e-001	
9.47078e-003	1.22253e+000	
1.00337e+000	3.26211e-001	
2.02263e-001	8.95894e-001	
1.05787e+000	1.78276e-002	
1.00880e+000	1.11789e-001	
9.30818e-001	3.74559e-001	
9.51230e-001	3.45491e-001	
1.13863e+000	1.33351e-003	
2.98460e-002	1.19973e+000	
9.06978e-001	3.80216e-001	
1.09937e+000	9.32129e-003	
6.60554e-001	4.34659e-001	
1.97277e-001	1.02750e+000	
2.00945e-001	9.93734e-001	
5.64261e-003	1.26141e+000	
5.79833e-001	5.36180e-001	
4.00805e-002	1.19562e+000	
1.95363e-001	1.03939e+000	
2.83844e-002	1.21931e+000	
9.17125e-005	1.27211e+000	
9.25697e-001	3.88064e-001	
