4.93134e-003	9.18747e-001	
9.85826e-001	2.57148e-003	
2.58039e-001	4.75704e-001	
4.10544e-001	4.70290e-001	
1.24924e-001	6.90736e-001	
1.31058e-001	5.99136e-001	
9.36901e-003	7.82533e-001	
1.00996e-001	7.39421e-001	
2.03064e-002	7.65362e-001	
2.16161e-001	4.79648e-001	
5.84767e-001	3.02085e-001	
5.88302e-001	2.51584e-001	
1.38180e-001	5.46322e-001	
1.05860e-001	7.33971e-001	
5.79889e-001	3.57522e-001	
4.30412e-001	4.66679e-001	
1.74179e-001	4.92777e-001	
5.82748e-001	3.31993e-001	
9.54907e-001	5.72910e-003	
8.74467e-001	1.50665e-002	
4.66701e-001	4.60421e-001	
9.32396e-001	7.99841e-003	
5.70821e-001	3.87397e-001	
8.51240e-001	1.87073e-002	
9.01024e-001	1.15057e-002	
6.97849e-001	6.93196e-002	
8.39389e-001	2.08908e-002	
6.67882e-001	9.03743e-002	
5.91012e-001	2.27803e-001	
9.10591e-001	1.03718e-002	
8.19620e-001	2.49929e-002	
7.10431e-001	6.24938e-002	
6.79744e-001	8.10789e-002	
6.85315e-001	7.71832e-002	
1.41712e-001	5.32557e-001	
8.03463e-001	2.87130e-002	
7.90850e-001	3.18956e-002	
6.43807e-001	1.11680e-001	
5.04850e-001	4.48774e-001	
6.04795e-001	1.75126e-001	
4.76448e-001	4.57556e-001	
6.38151e-001	1.18357e-001	
7.45303e-001	4.70673e-002	
5.12142e-001	4.44830e-001	
7.37670e-001	4.99571e-002	
6.33291e-001	1.24225e-001	
6.59026e-001	9.69538e-002	
7.18812e-001	5.81566e-002	
1.45059e-001	5.24338e-001	
5.97474e-001	1.97381e-001	
8.12645e-001	2.64418e-002	
4.95252e-001	4.52050e-001	
6.01660e-001	1.84079e-001	
7.29729e-001	5.31236e-002	
5.95975e-001	2.06124e-001	
5.64060e-001	4.00449e-001	
7.82026e-001	3.45072e-002	
6.08473e-001	1.66925e-001	
5.19681e-001	4.41033e-001	
6.12845e-001	1.56607e-001	
5.92436e-001	2.19180e-001	
5.49954e-001	4.18476e-001	
4.85136e-001	4.55258e-001	
1.61944e-001	5.01305e-001	
5.99758e-001	1.89625e-001	
5.60778e-001	4.06217e-001	
5.34789e-001	4.31700e-001	
7.54275e-001	4.36584e-002	
6.50739e-001	1.04834e-001	
5.39102e-001	4.28916e-001	
7.69652e-001	3.81740e-002	
5.93988e-001	2.12743e-001	
7.63876e-001	4.01740e-002	
7.76602e-001	3.61936e-002	
6.16563e-001	1.50318e-001	
7.24207e-001	5.56293e-002	
1.55864e-001	5.07467e-001	
1.70302e-001	4.95664e-001	
1.50031e-001	5.15699e-001	
5.54273e-001	4.14087e-001	
1.50764e-002	7.67724e-001	
6.10522e-001	1.62361e-001	
5.28786e-001	4.35714e-001	
5.57148e-001	4.10738e-001	
5.67347e-001	3.94176e-001	
1.54327e-001	5.09348e-001	
1.64792e-001	4.98888e-001	
1.48183e-001	5.18677e-001	
4.90246e-001	4.53771e-001	
1.13960e-002	7.75483e-001	
7.57647e-001	4.23157e-002	
6.18446e-001	1.46176e-001	
6.23580e-001	1.38876e-001	
6.29274e-001	1.30605e-001	
6.21607e-001	1.42433e-001	
5.44166e-001	4.24176e-001	
6.26367e-001	1.34342e-001	
5.45383e-001	4.23014e-001	
1.24803e-002	7.72356e-001	
5.69175e-001	3.91246e-001	
