5.21209e-002	1.16329e+000	
6.46066e-002	1.15493e+000	
4.38470e-003	1.25948e+000	
9.04436e-001	3.29551e-001	
1.26510e+000	5.75584e-002	
4.48181e-001	8.32572e-001	
1.26619e+000	5.04719e-002	
9.68545e-001	2.11694e-001	
4.58287e-001	7.82177e-001	
1.29313e+000	1.23965e-002	
9.00444e-003	1.19938e+000	
1.93784e-003	1.27821e+000	
9.28493e-001	2.16541e-001	
4.66979e-001	6.58999e-001	
4.28545e-001	8.39993e-001	
1.40232e+000	2.61270e-004	
1.34358e+000	9.54562e-003	
9.84003e-001	2.15072e-001	
1.29474e+000	8.92933e-002	
4.46265e-001	8.74726e-001	
4.89773e-001	7.02677e-001	
4.86568e-003	1.27217e+000	
1.37879e+000	8.21530e-002	
1.43721e+000	2.67769e-004	
4.83072e-001	7.55642e-001	
9.16347e-001	3.33891e-001	
9.55573e-001	2.17633e-001	
1.29250e-003	1.31998e+000	
1.40208e+000	5.69291e-003	
5.21680e-002	1.16435e+000	
4.72313e-001	8.06117e-001	
4.89961e-001	7.43712e-001	
5.27094e-002	1.17643e+000	
4.45942e-001	8.74092e-001	
8.56149e-004	1.41327e+000	
1.45870e+000	2.71774e-004	
4.43327e-003	1.27343e+000	
5.20320e-001	7.20381e-001	
1.40173e+000	6.27816e-002	
4.86494e-001	7.72668e-001	
1.34799e+000	9.29660e-002	
9.58106e-001	2.23448e-001	
9.66328e-001	2.20083e-001	
1.41172e+000	7.49205e-003	
2.70569e-003	1.33349e+000	
9.24035e-001	3.36692e-001	
4.84060e-001	8.45679e-001	
9.74095e-001	2.21852e-001	
1.47876e+000	8.89327e-005	
3.95309e-003	1.29709e+000	
3.42968e-002	1.28510e+000	
4.90149e-001	7.66509e-001	
9.36528e-001	3.39596e-001	
5.32066e-002	1.18753e+000	
5.23478e-001	7.27207e-001	
2.04292e-003	1.34752e+000	
1.41724e+000	7.52136e-003	
5.03716e-001	7.53214e-001	
1.55528e-004	1.44987e+000	
1.38572e+000	1.33413e-001	
4.62203e-001	9.05966e-001	
4.82491e-001	9.45733e-001	
2.76929e-003	1.36484e+000	
7.28978e-002	1.19345e+000	
9.37160e-001	3.41474e-001	
9.78501e-001	2.22855e-001	
5.66106e-002	1.26353e+000	
1.64075e-004	1.52955e+000	
1.50738e+000	2.81100e-004	
4.66984e-003	1.34138e+000	
1.49280e+000	6.06126e-003	
3.51635e-002	1.31757e+000	
1.44571e+000	7.67248e-003	
5.24745e-001	7.28968e-001	
1.43210e+000	2.75153e-002	
4.91220e-001	8.56723e-001	
4.93832e-001	7.73390e-001	
5.84789e-002	1.24759e+000	
9.82273e-001	2.29084e-001	
3.51534e-002	1.31720e+000	
1.46016e+000	1.03739e-002	
5.00183e-001	7.82407e-001	
3.37049e-003	1.40820e+000	
9.98083e-003	1.34119e+000	
9.44950e-001	3.45159e-001	
5.04573e-003	1.34465e+000	
5.44753e-001	7.54208e-001	
2.15256e-003	1.41984e+000	
1.51748e+000	2.82725e-004	
1.43277e+000	6.41718e-002	
5.88101e-002	1.25466e+000	
6.74194e-002	1.25110e+000	
9.78667e-001	2.45351e-001	
1.44529e+000	2.77687e-002	
4.93573e-001	7.83911e-001	
2.17349e-003	1.43365e+000	
1.52475e+000	2.84079e-004	
9.86430e-001	3.60310e-001	
5.50908e-001	7.62729e-001	
4.92610e-001	8.59147e-001	
