3.03454e+001	6.94638e-006	
1.04059e+001	2.77381e+000	
1.33893e+000	1.08590e+001	
2.61765e+000	5.54504e+000	
2.38153e+001	2.61236e-003	
4.20613e+000	3.73841e+000	
6.71303e-003	1.23083e+001	
1.19205e+001	9.41156e-003	
1.51312e-003	2.51621e+001	
8.10637e+000	3.61897e+000	
2.65217e+001	2.90923e-003	
2.21724e+001	1.75057e-002	
1.95086e+001	3.03519e-002	
1.09178e-001	1.84111e+001	
4.48803e+000	3.98896e+000	
1.55054e+000	1.22392e+001	
1.71090e-002	2.61232e+001	
1.38849e+001	3.76381e+000	
8.46309e+000	3.80138e+000	
3.84031e+000	8.57984e+000	
3.19685e+001	7.31792e-006	
3.70988e-001	1.77145e+001	
3.71815e+000	8.74809e+000	
6.11725e-004	2.99833e+001	
5.13700e+000	4.56576e+000	
2.24851e+001	1.77527e-002	
1.38466e-001	2.33500e+001	
7.40000e-005	3.23954e+001	
1.95443e+001	4.82940e-002	
4.03844e+000	9.50168e+000	
1.41585e+001	3.78014e+000	
1.79007e+000	1.40073e+001	
4.86366e+000	8.05137e+000	
8.66388e+000	3.86787e+000	
2.69810e+001	8.12215e-003	
2.88920e-001	2.10745e+001	
3.19685e+001	5.09483e-009	
2.09557e+001	3.26033e-002	
3.22940e+001	3.42956e-004	
8.56963e+000	6.45902e+000	
2.28240e-001	2.53489e+001	
7.08966e-004	3.45828e+001	
2.20770e+001	5.45523e-002	
4.59744e+000	9.67150e+000	
1.96401e+000	1.53684e+001	
2.20050e-002	3.35988e+001	
3.34939e-001	2.44312e+001	
4.38431e+000	9.79523e+000	
1.60507e-001	2.70669e+001	
8.42378e+000	6.59155e+000	
7.53339e+000	6.70397e+000	
1.44788e+001	3.86563e+000	
2.26259e+001	1.78638e-002	
6.05819e+000	7.39290e+000	
1.02734e+001	4.60997e+000	
1.61139e+001	4.30220e+000	
1.05647e+001	4.74071e+000	
2.21932e+001	5.48394e-002	
3.49884e-001	2.55213e+001	
2.05781e+000	1.66891e+001	
1.66786e-001	2.81257e+001	
2.09072e+000	1.63599e+001	
3.57721e+001	3.79893e-004	
3.38984e+001	1.02045e-002	
4.78034e-001	2.50355e+001	
2.32141e+001	1.76234e-002	
6.06655e+000	7.40310e+000	
8.19355e+000	7.16899e+000	
4.63062e+000	9.74129e+000	
7.41333e-004	3.61616e+001	
2.53293e+001	3.94078e-002	
2.63842e+001	2.13734e-002	
6.10157e-001	2.63395e+001	
2.10218e+000	1.70490e+001	
6.30795e+000	7.69769e+000	
6.16620e+000	8.78106e+000	
1.71620e-001	2.89410e+001	
1.18141e+001	4.89591e+000	
3.74566e-001	2.80322e+001	
2.23155e+001	5.51418e-002	
9.33203e+000	7.39163e+000	
3.70962e+001	1.34411e-004	
2.46769e+001	5.06111e-002	
5.94278e+000	1.36794e+001	
1.77633e+001	4.87669e+000	
8.32845e-005	3.64599e+001	
1.79334e+001	4.33080e+000	
1.06296e+001	7.02465e+000	
3.95645e+001	9.05671e-006	
7.55868e-004	3.68706e+001	
1.95395e+001	4.71867e+000	
1.19348e+001	5.36076e+000	
4.55922e-001	2.91175e+001	
2.24558e+000	1.75717e+001	
6.53372e+000	1.50038e+001	
3.73912e+001	1.12559e-002	
2.63251e+001	1.82672e-001	
2.65901e+001	2.09936e-002	
8.16873e+000	7.74658e+000	
2.47413e-001	2.95928e+001	
