9.61128e-001	4.09899e-003	
4.85104e-003	9.46750e-001	
9.16238e-001	7.58859e-003	
8.18656e-001	1.76580e-002	
2.15716e-002	7.82451e-001	
2.60772e-002	7.47870e-001	
6.26096e-003	9.29963e-001	
1.31803e-002	8.58153e-001	
9.68955e-003	8.92702e-001	
1.64319e-002	8.28410e-001	
1.72110e-001	3.05673e-001	
7.33250e-001	2.80841e-002	
2.22536e-001	2.43294e-001	
8.48111e-001	1.42993e-002	
8.96258e-001	9.55593e-003	
8.67546e-001	1.22639e-002	
2.09630e-001	2.57520e-001	
2.36375e-001	2.29949e-001	
1.30127e-001	3.74795e-001	
1.42116e-001	3.52220e-001	
1.85463e-002	8.08139e-001	
2.88545e-001	1.84145e-001	
7.56405e-001	2.48810e-002	
7.86265e-001	2.11009e-002	
1.57651e-001	3.26865e-001	
7.08597e-001	3.18517e-002	
3.82377e-001	1.26002e-001	
1.79958e-001	2.94146e-001	
1.17933e-001	3.99016e-001	
4.30279e-001	1.03956e-001	
3.65297e-001	1.35258e-001	
4.43551e-001	9.87352e-002	
1.97917e-001	2.71124e-001	
5.56577e-002	5.82950e-001	
4.60699e-001	9.24440e-002	
1.90554e-001	2.80252e-001	
1.10116e-001	4.16192e-001	
4.05232e-002	6.58972e-001	
2.69200e-001	1.99586e-001	
3.07694e-001	1.70284e-001	
6.00500e-002	5.64956e-001	
4.12691e-001	1.11589e-001	
1.09926e-002	8.79144e-001	
8.46373e-002	4.81794e-001	
5.73223e-001	5.87932e-002	
1.23993e-001	3.86294e-001	
7.05540e-002	5.26009e-001	
4.73907e-001	8.75917e-002	
2.92825e-002	7.24473e-001	
8.90529e-002	4.69746e-001	
2.49041e-001	2.17582e-001	
6.67247e-001	3.85147e-002	
2.78617e-001	1.92108e-001	
3.69882e-002	6.76176e-001	
4.86950e-001	8.29860e-002	
7.75766e-001	2.23866e-002	
3.50034e-002	6.87794e-001	
3.22688e-002	7.04944e-001	
3.31946e-001	1.54251e-001	
4.32751e-002	6.41992e-001	
6.30954e-001	4.52826e-002	
6.65200e-002	5.40821e-001	
6.86684e-001	3.51941e-002	
5.85559e-001	5.50997e-002	
5.02083e-002	6.07022e-001	
6.16058e-001	4.83043e-002	
3.43400e-001	1.47510e-001	
7.92309e-002	4.97678e-001	
6.36100e-002	5.51192e-001	
3.96592e-001	1.22099e-001	
6.43121e-001	4.29301e-002	
1.48461e-001	3.41993e-001	
5.27835e-002	5.99409e-001	
4.69892e-002	6.25006e-001	
5.56007e-001	6.23667e-002	
6.56732e-001	4.05088e-002	
1.05353e-001	4.27119e-001	
2.56595e-001	2.10353e-001	
7.46463e-002	5.12785e-001	
5.35375e-001	6.79187e-002	
4.02967e-001	1.15998e-001	
4.99087e-001	7.87579e-002	
5.23545e-001	7.15916e-002	
6.94374e-001	3.39110e-002	
1.53158e-001	3.33715e-001	
5.98329e-001	5.24480e-002	
9.39129e-002	4.55625e-001	
5.16014e-001	7.38327e-002	
3.08476e-002	7.16964e-001	
6.04996e-001	5.06776e-002	
5.05950e-001	7.66314e-002	
3.55042e-001	1.40896e-001	
3.11875e-001	1.67347e-001	
4.54588e-002	6.31316e-001	
7.71520e-002	5.04938e-001	
3.22884e-001	1.59994e-001	
1.01565e-001	4.36102e-001	
3.20234e-001	1.61725e-001	
5.44105e-001	6.55118e-002	
3.51455e-001	1.42593e-001	
