5.26408e-001	3.82200e-001	
4.95067e-001	5.81258e-001	
8.48908e-001	6.87715e-002	
1.55152e-001	9.40598e-001	
4.97766e-001	5.74733e-001	
1.61491e-001	9.14547e-001	
9.07664e-001	1.19928e-002	
8.08582e-001	2.96648e-001	
7.90269e-001	3.13791e-001	
1.37679e-001	9.68446e-001	
1.60370e-001	9.18702e-001	
7.41081e-001	3.29938e-001	
1.43830e-001	9.60506e-001	
9.15345e-001	9.09885e-003	
5.55715e-001	3.54448e-001	
7.68324e-001	3.23271e-001	
2.23742e-001	6.85062e-001	
5.78072e-001	3.43294e-001	
1.54012e-001	9.44166e-001	
4.64998e-001	6.38172e-001	
4.39643e-001	6.55444e-001	
4.10574e-001	6.64372e-001	
1.50386e-001	9.48379e-001	
4.75272e-001	6.26977e-001	
7.77974e-001	3.20548e-001	
7.92259e-001	3.09133e-001	
5.24712e-001	3.84496e-001	
1.69174e-001	8.02372e-001	
8.70756e-001	3.12503e-002	
5.64819e-001	3.49007e-001	
4.80698e-001	6.23024e-001	
8.85203e-001	2.62079e-002	
1.38714e-001	9.66568e-001	
6.19737e-001	3.37567e-001	
2.39593e-002	1.00234e+000	
8.93560e-001	1.75653e-002	
4.55195e-001	6.48396e-001	
5.57333e-001	3.51699e-001	
5.70949e-001	3.45846e-001	
1.71260e-001	7.71065e-001	
8.01814e-001	3.03722e-001	
8.33111e-001	2.40418e-001	
8.29700e-001	2.55974e-001	
8.44206e-001	8.53033e-002	
4.18510e-001	6.62021e-001	
5.42809e-001	3.66137e-001	
9.97070e-002	9.92173e-001	
6.41995e-001	3.35906e-001	
7.59180e-001	3.24927e-001	
7.80860e-001	3.17815e-001	
5.17579e-001	3.96954e-001	
8.62409e-001	3.97982e-002	
1.65238e-001	8.90101e-001	
1.57494e-001	9.27544e-001	
4.86190e-001	6.14339e-001	
1.64146e-001	8.95326e-001	
4.87589e-001	6.05340e-001	
7.86153e-001	3.16246e-001	
2.18199e-001	6.87745e-001	
6.90463e-001	3.33849e-001	
9.59154e-001	2.08686e-003	
4.47979e-001	6.52193e-001	
4.83623e-001	6.16496e-001	
5.88191e-001	3.41041e-001	
5.27601e-001	3.79424e-001	
4.68810e-001	6.36505e-001	
5.21312e-001	3.89606e-001	
5.97495e-001	3.39713e-001	
5.19085e-001	3.92939e-001	
1.46314e-001	9.53416e-001	
7.97426e-001	3.05427e-001	
1.31079e-001	9.72077e-001	
1.40277e-001	9.62079e-001	
9.41836e-003	1.00451e+000	
8.64470e-001	3.73854e-002	
2.27449e-001	6.83792e-001	
1.11956e-001	9.83835e-001	
2.85147e-001	6.72039e-001	
7.50525e-001	3.26868e-001	
8.68730e-001	3.58352e-002	
3.67691e-004	1.01370e+000	
1.44952e-001	9.54992e-001	
2.30730e-001	6.82425e-001	
8.53606e-001	5.48623e-002	
8.49986e-001	6.23273e-002	
8.51794e-001	5.83155e-002	
1.73701e-001	7.62974e-001	
3.82907e-001	6.66636e-001	
8.60768e-001	4.31397e-002	
1.28560e-001	9.74154e-001	
5.11334e-001	4.19766e-001	
4.60477e-001	6.41272e-001	
8.35880e-001	2.08714e-001	
8.43167e-001	9.09261e-002	
4.71602e-001	6.31441e-001	
1.62930e-001	9.03127e-001	
2.87109e-001	6.70822e-001	
1.96434e-003	1.00968e+000	
8.59676e-001	5.65630e-002	
8.04033e-001	3.03736e-001	
