1.51912e-001	9.46745e-001	
1.49940e-001	9.54291e-001	
8.60583e-001	4.81951e-002	
9.06334e-001	1.31783e-002	
1.99394e-001	7.11219e-001	
5.50259e-001	3.58395e-001	
2.65426e-001	6.74932e-001	
4.75031e-001	6.30947e-001	
9.08962e-001	1.14296e-002	
8.09327e-001	3.07451e-001	
3.30476e-001	6.70673e-001	
4.62078e-001	6.42394e-001	
1.66961e-001	8.60696e-001	
5.47275e-001	3.60189e-001	
2.60611e-001	6.76588e-001	
5.67509e-001	3.49314e-001	
8.66685e-001	4.23288e-002	
4.89788e-001	6.04158e-001	
9.58899e-001	2.26382e-003	
4.18387e-001	6.64263e-001	
1.44384e-001	9.59159e-001	
8.15506e-001	2.93856e-001	
1.62117e-001	9.25462e-001	
4.29888e-001	6.61198e-001	
2.40668e-001	6.82236e-001	
1.57682e-001	9.30075e-001	
8.19160e-001	2.88433e-001	
7.90086e-001	3.17037e-001	
1.76060e-001	7.59687e-001	
1.31124e-001	9.80403e-001	
1.17778e-001	9.88717e-001	
1.46842e-001	9.55430e-001	
8.88938e-002	9.95846e-001	
4.24691e-001	6.62717e-001	
2.33696e-001	6.85889e-001	
8.77205e-001	3.30073e-002	
4.87138e-001	6.10379e-001	
8.69231e-001	3.53900e-002	
1.35659e-001	9.70942e-001	
7.33879e-002	1.00097e+000	
8.33203e-001	2.24816e-001	
6.27914e-001	3.37126e-001	
9.17509e-001	8.97781e-003	
8.53082e-001	5.93743e-002	
7.51041e-001	3.27596e-001	
7.74613e-001	3.22126e-001	
1.79238e-001	7.39484e-001	
8.62267e-001	4.47740e-002	
1.71109e-001	7.79474e-001	
5.03219e-001	4.98196e-001	
5.58595e-001	3.52356e-001	
1.92060e-001	7.18031e-001	
8.81356e-001	2.83436e-002	
1.63204e-001	9.03836e-001	
8.44466e-001	8.03569e-002	
6.61398e-002	1.00208e+000	
1.68624e-001	8.01553e-001	
7.58830e-001	3.25889e-001	
5.76042e-001	3.47853e-001	
1.38063e-001	9.68425e-001	
8.90705e-001	1.99002e-002	
1.39964e-001	9.64740e-001	
7.72434e-001	3.23168e-001	
9.12637e-001	1.00231e-002	
4.78327e-001	6.29451e-001	
5.81184e-001	3.45649e-001	
1.81778e-001	7.35617e-001	
1.73823e-001	7.64141e-001	
1.77692e-001	7.44339e-001	
2.20657e-001	6.88967e-001	
4.58629e-001	6.50908e-001	
2.08730e-001	6.96359e-001	
8.36973e-001	1.96941e-001	
8.40860e-001	1.55741e-001	
6.09857e-001	3.39957e-001	
9.41240e-001	4.26186e-003	
7.85635e-001	3.19098e-001	
1.58784e-001	9.26813e-001	
1.29126e-003	1.00486e+000	
4.97000e-001	5.78864e-001	
5.09599e-001	4.22706e-001	
9.22018e-001	7.63335e-003	
8.83770e-001	2.37727e-002	
4.80053e-001	6.22315e-001	
4.47543e-001	6.53288e-001	
5.13076e-001	4.16326e-001	
9.90399e-001	4.49574e-004	
7.76845e-002	9.98818e-001	
8.51514e-001	6.41681e-002	
8.59073e-001	5.50972e-002	
9.26886e-001	6.44450e-003	
5.37886e-001	3.66663e-001	
7.91279e-001	3.12058e-001	
8.48871e-001	6.74655e-002	
8.48830e-001	7.08838e-002	
7.92126e-001	3.13940e-001	
7.86935e-001	3.19626e-001	
4.59446e-001	6.52068e-001	
8.87649e-001	2.36711e-002	
1.60919e-001	9.27106e-001	
