1.10303e-001	8.34120e-001	
6.11570e-001	5.46917e-001	
4.42215e-001	7.51737e-001	
4.14116e-001	7.94678e-001	
4.71647e-001	6.76396e-001	
1.33490e+000	1.14321e-001	
1.60952e-002	9.14202e-001	
3.58605e-001	8.27757e-001	
4.00761e-001	8.06661e-001	
4.57063e-001	7.16784e-001	
4.60382e-001	7.08657e-001	
2.88567e-002	8.84943e-001	
1.63279e+000	7.19414e-003	
1.00749e-003	9.91840e-001	
3.40796e-002	8.76497e-001	
4.07400e-001	8.01208e-001	
1.50358e+000	2.61159e-002	
1.35154e+000	9.82255e-002	
1.17537e+000	4.66823e-001	
1.28762e+000	1.82563e-001	
1.13525e+000	5.21703e-001	
1.46842e+000	3.60586e-002	
6.03054e-001	5.48870e-001	
7.33422e-002	8.47677e-001	
4.54200e-001	7.23741e-001	
4.51086e-001	7.31525e-001	
5.68802e-001	5.60232e-001	
4.30238e-001	7.75345e-001	
6.37534e-002	8.50497e-001	
3.87882e-001	8.15364e-001	
4.96432e-001	6.23261e-001	
1.26234e-002	9.25719e-001	
1.68707e+000	5.81146e-004	
5.08859e-001	6.05071e-001	
1.22901e+000	3.49014e-001	
1.66809e+000	2.44502e-003	
4.92295e-001	6.30432e-001	
1.57901e+000	1.25500e-002	
1.64854e+000	5.43148e-003	
3.65425e-001	8.25256e-001	
5.52767e-001	5.67954e-001	
4.62479e-001	7.01269e-001	
3.81632e-001	8.19240e-001	
8.19344e-002	8.41558e-001	
4.88082e-001	6.39050e-001	
9.31956e-003	9.39506e-001	
4.37191e-001	7.61719e-001	
1.09996e+000	5.27541e-001	
1.16664e+000	4.95247e-001	
4.26265e-001	7.81057e-001	
1.39702e-002	9.19811e-001	
1.94620e-002	9.05034e-001	
6.41518e-001	5.42462e-001	
6.22407e-001	5.45279e-001	
4.80514e-001	6.55702e-001	
3.72744e-001	8.22705e-001	
6.70103e-001	5.40424e-001	
3.92515e-003	9.69439e-001	
2.18925e-002	8.98643e-001	
1.22245e+000	3.60823e-001	
4.65772e-001	6.91420e-001	
5.36403e-002	8.56625e-001	
1.24803e+000	2.76935e-001	
1.37860e+000	7.81077e-002	
3.93453e-001	8.12053e-001	
4.45333e-001	7.44977e-001	
1.55598e+000	1.67164e-002	
1.53729e+000	2.01044e-002	
5.02597e-001	6.13823e-001	
5.16747e-001	5.95970e-001	
4.84906e-001	6.47147e-001	
5.45672e-001	5.73552e-001	
1.23168e-001	8.32519e-001	
1.14767e+000	5.03485e-001	
1.40433e+000	6.33180e-002	
1.29876e+000	1.74529e-001	
4.19793e-001	7.88535e-001	
5.40598e-001	5.76686e-001	
2.63946e-003	9.79762e-001	
5.23489e-001	5.89771e-001	
3.96922e-002	8.70481e-001	
2.57808e-002	8.91124e-001	
5.32014e-001	5.82024e-001	
5.76193e-001	5.57553e-001	
1.63014e-001	8.31397e-001	
6.28537e-001	5.44136e-001	
1.57077e+000	1.48757e-002	
5.30230e-001	5.87735e-001	
5.94709e-001	5.51108e-001	
5.82198e-001	5.54690e-001	
6.83460e-003	9.50995e-001	
1.43294e+000	4.93006e-002	
4.48671e-002	8.64639e-001	
5.61610e-001	5.63510e-001	
9.54616e-002	8.37655e-001	
1.08404e-002	9.32305e-001	
4.48074e-001	7.39072e-001	
4.69230e-001	6.82031e-001	
4.77622e-001	6.62704e-001	
4.32702e-001	7.69539e-001	
