5.15962e-001	4.04581e-001	
9.17677e-001	0.00000e+000	
3.71213e-001	5.32238e-001	
0.00000e+000	9.16290e-001	
1.30041e-002	8.92351e-001	
7.55781e-001	1.53777e-001	
1.24022e-001	7.81011e-001	
7.33719e-001	1.73237e-001	
6.64246e-001	2.42139e-001	
2.81574e-001	6.23189e-001	
5.66443e-002	8.48923e-001	
3.48852e-001	5.56214e-001	
6.40712e-001	2.63011e-001	
8.28046e-001	8.35354e-002	
5.52020e-001	3.52343e-001	
1.16249e-002	8.93542e-001	
3.41317e-002	8.74080e-001	
6.00163e-001	3.12281e-001	
1.46475e-001	7.56241e-001	
8.90119e-001	1.54311e-002	
3.04827e-001	6.03001e-001	
1.68776e-001	7.32950e-001	
3.26570e-001	5.78035e-001	
8.00730e-001	1.06106e-001	
1.07737e-001	8.12604e-001	
4.85854e-001	4.23408e-001	
4.17126e-001	4.89604e-001	
6.87229e-001	2.17848e-001	
6.85716e-001	2.19087e-001	
8.45782e-001	6.07929e-002	
1.92960e-001	7.12867e-001	
8.64125e-001	3.78451e-002	
2.35763e-001	6.66224e-001	
6.19253e-001	2.86222e-001	
4.39091e-001	4.65877e-001	
5.44017e-001	3.85063e-001	
2.59195e-001	6.45900e-001	
3.49986e-001	5.54744e-001	
5.53857e-001	3.53516e-001	
8.28997e-001	8.52346e-002	
9.21237e-001	0.00000e+000	
0.00000e+000	9.17589e-001	
3.72177e-001	5.33620e-001	
3.05411e-001	6.04157e-001	
8.91511e-001	1.54552e-002	
7.34984e-001	1.73536e-001	
7.57906e-001	1.54209e-001	
3.41821e-002	8.75371e-001	
2.82289e-001	6.24769e-001	
1.24626e-001	7.84815e-001	
8.02382e-001	1.06325e-001	
3.30798e-001	5.84591e-001	
6.41822e-001	2.63467e-001	
1.46776e-001	7.57792e-001	
6.66556e-001	2.44745e-001	
1.71173e-001	7.35292e-001	
2.05442e-001	7.30545e-001	
6.03953e-001	3.14020e-001	
3.07701e-001	6.02354e-001	
2.09323e-001	7.26824e-001	
4.18898e-001	4.91749e-001	
6.86060e-001	2.21053e-001	
4.88590e-001	4.26626e-001	
5.17510e-001	4.05795e-001	
5.49231e-001	3.89071e-001	
5.46328e-001	3.98807e-001	
6.22230e-001	2.86685e-001	
8.47507e-001	6.09695e-002	
8.66578e-001	3.79526e-002	
4.40871e-001	4.67766e-001	
2.36103e-001	6.67524e-001	
2.59705e-001	6.47170e-001	
6.20932e-001	2.90004e-001	
1.16457e-002	8.95136e-001	
5.67413e-002	8.50376e-001	
4.77582e-001	4.65399e-001	
1.25005e-001	7.87205e-001	
3.36826e-001	5.88738e-001	
1.97967e-001	7.31953e-001	
2.15110e-001	7.28202e-001	
1.72101e-001	7.41296e-001	
6.07599e-001	3.19526e-001	
5.53133e-001	3.55762e-001	
6.87989e-001	2.19804e-001	
5.19302e-001	4.06045e-001	
4.20675e-001	4.94574e-001	
4.92662e-001	4.30182e-001	
7.61496e-001	1.54592e-001	
8.30567e-001	8.53960e-002	
4.46515e-001	4.69069e-001	
6.24412e-001	2.87690e-001	
8.50844e-001	6.12095e-002	
3.49980e-001	5.58013e-001	
2.39015e-001	6.72806e-001	
2.61810e-001	6.51147e-001	
8.46623e-001	6.49347e-002	
7.48373e-001	1.83809e-001	
3.63734e-002	8.78147e-001	
8.67937e-001	3.80121e-002	
6.71148e-001	2.43911e-001	
