1.68345e+000	1.27355e-005	
5.49895e-002	9.88698e-001	
2.89401e-001	7.42067e-001	
3.86092e-001	6.50049e-001	
1.65226e+000	5.43527e-003	
8.44358e-001	6.16589e-001	
7.86621e-001	6.22617e-001	
1.55313e+000	2.99121e-002	
9.95277e-002	9.77644e-001	
3.03183e-001	7.17913e-001	
4.03762e-001	6.43638e-001	
2.55053e-001	8.27544e-001	
8.54032e-001	6.10149e-001	
1.15029e-001	9.72234e-001	
2.65734e-001	7.97208e-001	
7.70741e-001	6.23851e-001	
1.46585e-001	9.59442e-001	
3.54924e-001	6.66850e-001	
2.49494e-001	8.42242e-001	
1.35872e+000	9.74276e-002	
3.16069e-001	7.01041e-001	
1.92779e-001	9.29804e-001	
1.56744e-001	9.54151e-001	
1.33184e-001	9.65940e-001	
1.61130e+000	1.32134e-002	
2.22731e-001	8.95611e-001	
3.62885e-001	6.60651e-001	
3.47383e-001	6.70927e-001	
1.52505e+000	3.16954e-002	
2.44042e-001	8.52500e-001	
1.06932e+000	4.70632e-001	
1.04064e+000	5.00149e-001	
1.23726e-001	9.69712e-001	
1.08743e+000	4.42007e-001	
1.06194e+000	4.88912e-001	
4.80029e-001	6.28303e-001	
9.11714e-001	5.93381e-001	
2.15734e-001	9.02176e-001	
3.37463e-001	6.78285e-001	
4.17204e-001	6.38918e-001	
1.10017e+000	4.23879e-001	
2.40050e-001	8.65869e-001	
2.30763e-001	8.79059e-001	
1.36782e+000	8.99672e-002	
8.81625e-001	6.04835e-001	
1.00130e+000	5.50935e-001	
3.10434e-001	7.08106e-001	
1.17300e+000	3.10304e-001	
1.80359e-003	1.00109e+000	
1.23545e+000	2.15813e-001	
1.01800e+000	5.25212e-001	
1.24254e+000	2.07584e-001	
5.04393e-001	6.26534e-001	
1.16989e+000	3.19946e-001	
9.90614e-001	5.56479e-001	
1.28574e+000	1.52407e-001	
3.26307e-001	6.89435e-001	
1.14848e+000	3.58956e-001	
2.00592e-001	9.22232e-001	
4.41895e-001	6.33766e-001	
1.08293e+000	4.49649e-001	
1.45230e+000	5.32069e-002	
1.49482e+000	4.37687e-002	
1.12511e+000	3.84861e-001	
2.75427e-001	7.74539e-001	
8.01587e-002	9.82925e-001	
1.83619e-001	9.37092e-001	
2.62068e-001	8.08667e-001	
5.30106e-001	6.25386e-001	
3.94470e-001	6.46340e-001	
1.16193e+000	3.35585e-001	
4.27331e-001	6.37239e-001	
1.19890e+000	2.50572e-001	
1.31633e+000	1.22129e-001	
1.19370e+000	2.74684e-001	
3.75509e-001	6.54706e-001	
4.58094e-001	6.31040e-001	
1.76639e-001	9.42464e-001	
2.71251e-001	7.87643e-001	
1.21899e+000	2.33616e-001	
2.85096e-001	7.52869e-001	
2.41042e-002	9.96182e-001	
9.48313e-001	5.75594e-001	
8.07514e-001	6.19076e-001	
1.67091e+000	2.30143e-003	
1.56692e+000	2.82904e-002	
2.80057e-001	7.62965e-001	
2.06982e-001	9.12760e-001	
1.39873e+000	7.43138e-002	
3.36428e-002	9.94202e-001	
9.28918e-001	5.85430e-001	
1.69007e-001	9.46627e-001	
6.48174e-002	9.86976e-001	
1.30907e+000	1.30390e-001	
2.95663e-001	7.30405e-001	
1.27749e+000	1.61905e-001	
1.26179e+000	1.84782e-001	
9.70034e-001	5.65337e-001	
1.13849e+000	3.77022e-001	
9.76094e-001	5.59441e-001	
