7.99522e-001	3.10568e-001	
7.97010e-001	3.12248e-001	
9.00765e-001	1.52311e-002	
1.68267e-001	8.31024e-001	
2.11665e-001	6.96697e-001	
5.04100e-001	5.24223e-001	
5.26076e-001	3.82325e-001	
1.09382e-001	9.89266e-001	
1.69573e-001	7.92198e-001	
4.93530e-001	5.92301e-001	
2.06854e-001	6.99125e-001	
5.24186e-001	3.88697e-001	
6.32691e-001	3.37098e-001	
5.15844e-001	4.11970e-001	
8.55162e-001	6.19022e-002	
5.39392e-001	3.70704e-001	
9.53177e-001	3.25931e-003	
5.22262e-001	3.91057e-001	
1.55349e-001	9.38159e-001	
8.92196e-001	2.03520e-002	
5.42846e-001	3.64761e-001	
5.69151e-001	3.49375e-001	
5.01803e-001	5.55722e-001	
1.72854e-001	7.66994e-001	
1.86405e-001	7.27428e-001	
8.59920e-001	4.89714e-002	
7.70608e-001	3.24082e-001	
9.03743e-001	1.40295e-002	
7.62582e-001	3.25691e-001	
8.21995e-001	2.79812e-001	
8.88553e-001	2.19008e-002	
2.39651e-001	6.81418e-001	
9.27976e-001	6.50958e-003	
5.63196e-001	3.50693e-001	
2.75498e-004	1.00843e+000	
5.87735e-001	3.43312e-001	
2.38383e-001	6.86826e-001	
8.34327e-001	2.43293e-001	
5.12301e-001	4.15461e-001	
1.64390e-001	9.04125e-001	
1.26542e-001	9.80329e-001	
8.31845e-001	2.54069e-001	
8.80380e-001	2.66743e-002	
1.66855e-001	8.73849e-001	
6.00693e-001	3.40252e-001	
2.63800e-001	6.76855e-001	
5.06241e-001	4.46821e-001	
9.08754e-001	1.17486e-002	
1.48050e-001	9.57478e-001	
3.44979e-001	6.71091e-001	
1.34228e-001	9.72399e-001	
5.30821e-001	3.76410e-001	
6.61984e-001	3.35865e-001	
5.18593e-001	3.95101e-001	
8.97980e-001	1.70687e-002	
8.49407e-001	8.45162e-002	
7.41698e-001	3.31097e-001	
1.60780e-001	9.20456e-001	
8.29958e-001	2.62879e-001	
1.88395e-001	7.21663e-001	
1.53723e-001	9.41524e-001	
1.59056e-001	9.27242e-001	
8.51865e-001	7.09192e-002	
1.58044e-001	9.30534e-001	
9.20752e-001	8.49609e-003	
8.66723e-001	3.97690e-002	
1.76001e-001	7.55954e-001	
2.85240e-001	6.72409e-001	
1.97192e-001	7.10852e-001	
1.30634e-001	9.76900e-001	
5.58822e-001	3.55244e-001	
8.73850e-001	3.15930e-002	
1.95030e-001	7.12213e-001	
1.71325e-001	7.75174e-001	
8.63986e-001	4.57881e-002	
6.84371e-002	1.00080e+000	
5.52030e-001	3.57972e-001	
1.84678e-001	7.30137e-001	
5.09528e-001	4.32234e-001	
7.72946e-001	3.20771e-001	
1.51727e-001	9.47765e-001	
4.96706e-001	5.85193e-001	
5.29431e-001	3.81055e-001	
8.04527e-001	3.03442e-001	
2.02232e-001	7.03727e-001	
5.73175e-001	3.46730e-001	
3.45548e-002	1.00299e+000	
8.44598e-001	9.08017e-002	
7.49595e-001	3.28916e-001	
9.18135e-001	9.71187e-003	
1.92090e-001	7.14265e-001	
1.78872e-001	7.43635e-001	
8.36837e-001	1.92516e-001	
8.15152e-002	9.97023e-001	
7.16990e-001	3.33220e-001	
9.81636e-001	9.24400e-004	
2.13235e-001	6.92719e-001	
1.80151e-001	7.37839e-001	
5.33744e-001	3.71771e-001	
8.38854e-001	1.79960e-001	
