7.19205e-001	1.90825e-001	
8.12185e-001	1.07693e-001	
4.19726e-001	4.92906e-001	
5.15643e-001	3.91345e-001	
3.19898e-001	5.85185e-001	
3.16761e-001	5.94505e-001	
4.21547e-001	4.85929e-001	
2.72582e-002	8.78896e-001	
8.14548e-001	9.18173e-002	
2.36004e-002	8.80753e-001	
2.13543e-002	8.91449e-001	
2.19485e-001	6.85908e-001	
1.46987e-003	1.01407e+000	
6.22034e-001	2.86112e-001	
2.22771e-001	6.81691e-001	
5.14316e-001	3.94548e-001	
5.16968e-001	3.87688e-001	
8.20682e-001	8.90632e-002	
9.15034e-001	1.91804e-002	
3.16765e-001	5.94511e-001	
5.20503e-001	3.85451e-001	
9.16099e-001	0.00000e+000	
7.12203e-001	1.93668e-001	
6.16284e-001	2.88871e-001	
1.21094e-001	7.84470e-001	
4.24853e-001	4.89247e-001	
3.19661e-001	5.87166e-001	
3.22227e-001	5.85505e-001	
1.47326e-003	1.01640e+000	
2.36376e-002	8.82141e-001	
3.18689e-001	5.92448e-001	
8.21764e-001	8.91806e-002	
5.18999e-001	3.88064e-001	
2.14050e-002	8.93383e-001	
1.21579e-001	7.87612e-001	
6.23402e-001	2.86245e-001	
6.17568e-001	2.89266e-001	
2.23099e-001	6.82693e-001	
5.21825e-001	3.86431e-001	
8.17719e-001	9.11892e-002	
7.16644e-001	1.93306e-001	
6.15978e-001	2.96494e-001	
9.17882e-001	0.00000e+000	
6.19200e-001	2.88146e-001	
2.19914e-001	6.87250e-001	
2.53248e-002	8.89024e-001	
4.26080e-001	4.90659e-001	
4.20699e-001	4.93919e-001	
2.19169e-001	6.89618e-001	
2.07460e-003	1.01743e+000	
2.23596e-001	6.84214e-001	
2.30510e-001	6.81813e-001	
8.18623e-001	9.22767e-002	
7.14979e-001	1.98803e-001	
9.19028e-001	0.00000e+000	
6.26138e-001	2.86510e-001	
3.17401e-001	5.95706e-001	
6.15704e-001	2.97927e-001	
1.23229e-001	7.88790e-001	
7.15652e-001	1.96048e-001	
5.19481e-001	3.89450e-001	
2.14591e-002	8.95826e-001	
8.24204e-001	8.94454e-002	
4.22635e-001	4.98891e-001	
4.27782e-001	4.89824e-001	
8.26294e-001	8.96722e-002	
1.22331e-001	7.92482e-001	
5.16525e-001	3.95421e-001	
2.25209e-001	6.84066e-001	
9.21426e-001	0.00000e+000	
1.21691e-001	7.95722e-001	
7.18914e-001	1.93198e-001	
8.18592e-001	9.81118e-002	
8.17088e-001	1.18393e-001	
1.47647e-003	1.01862e+000	
3.05449e-002	8.81785e-001	
3.32147e-001	5.87377e-001	
2.18952e-002	8.97517e-001	
2.91207e-002	8.87172e-001	
3.22388e-001	5.89741e-001	
2.20358e-001	6.88636e-001	
4.24216e-001	4.92886e-001	
2.35086e-001	6.82928e-001	
3.41655e-001	5.87107e-001	
7.20130e-001	1.93000e-001	
1.47876e-003	1.02020e+000	
6.21671e-001	2.89296e-001	
2.30939e-001	6.83082e-001	
6.28329e-001	2.87639e-001	
6.16675e-001	3.00714e-001	
3.18600e-001	5.97956e-001	
3.21699e-001	5.90910e-001	
9.23503e-001	0.00000e+000	
2.19729e-001	6.91384e-001	
2.15289e-002	8.98834e-001	
4.23738e-001	4.95200e-001	
4.31600e-001	4.91167e-001	
7.15895e-001	1.99993e-001	
7.18167e-001	1.95662e-001	
1.48395e-003	1.02378e+000	
