7.41777e-003	2.01886e+000	
2.01710e+000	5.64247e-003	
1.38129e+000	6.67449e-001	
9.66631e-004	2.27206e+000	
1.24540e+000	7.15610e-001	
9.11715e-001	7.23104e-001	
8.80306e-001	8.20564e-001	
6.86309e-002	1.94292e+000	
7.63973e-001	9.05478e-001	
4.16513e-002	1.99359e+000	
7.98228e-001	8.23822e-001	
2.33315e+000	5.69003e-004	
7.68826e-001	1.00440e+000	
2.01825e+000	5.94858e-003	
1.24977e+000	7.18180e-001	
9.69556e-004	2.27894e+000	
4.18831e-002	2.00468e+000	
1.38344e+000	6.68489e-001	
8.07731e-001	8.33629e-001	
1.09997e-002	2.20463e+000	
9.66034e-001	7.45243e-001	
2.82126e-002	2.18603e+000	
2.34579e+000	5.72085e-004	
7.81238e-001	9.72730e-001	
9.85115e-001	7.67640e-001	
9.77336e-001	7.69930e-001	
8.83670e-001	8.23700e-001	
2.07662e+000	2.33055e-001	
2.21222e+000	6.52029e-003	
2.11054e+000	1.07929e-001	
1.14075e+000	7.60242e-001	
8.59662e-002	1.99956e+000	
2.34836e+000	5.72712e-004	
8.55770e-001	8.71382e-001	
9.70635e-004	2.28147e+000	
1.47708e+000	7.13737e-001	
7.78034e-001	1.26681e+000	
7.88997e-001	1.00715e+000	
7.82184e-001	1.25407e+000	
8.70833e-001	8.86720e-001	
9.75458e-004	2.29281e+000	
8.43830e-001	9.07930e-001	
2.95240e-002	2.24547e+000	
9.79106e-001	8.12199e-001	
4.75461e-002	2.10527e+000	
2.36764e+000	5.77414e-004	
2.21360e+000	6.52436e-003	
4.91776e-002	2.02109e+000	
1.11579e+000	7.68172e-001	
2.11229e+000	1.08019e-001	
4.48797e-002	2.14811e+000	
8.38619e-003	2.28243e+000	
2.92544e-002	2.26676e+000	
2.21619e+000	6.53201e-003	
2.12739e+000	1.08791e-001	
8.50954e-001	9.15595e-001	
2.43853e+000	5.94704e-004	
2.13476e-001	2.01283e+000	
4.94889e-002	2.03188e+000	
1.48145e+000	7.15847e-001	
9.95707e-004	2.34041e+000	
9.97640e-001	7.72577e-001	
9.94702e-001	7.83611e-001	
7.88861e-001	1.03026e+000	
8.52683e-001	9.17456e-001	
2.29020e+000	6.29006e-003	
2.46944e+000	6.02240e-004	
2.20044e+000	1.12526e-001	
2.12428e+000	3.60711e-001	
2.21974e+000	3.36563e-002	
5.85566e-002	2.09142e+000	
7.96075e-001	1.14788e+000	
8.39569e-003	2.28501e+000	
9.17239e-001	8.54991e-001	
1.06244e-003	2.49727e+000	
7.86230e-001	1.34049e+000	
3.51443e-003	2.39128e+000	
2.29898e+000	6.31418e-003	
2.23215e+000	6.74237e-002	
2.22039e+000	7.68582e-002	
8.47033e-001	1.00461e+000	
8.28701e-004	2.51379e+000	
8.35297e-001	1.01388e+000	
2.50045e+000	6.09803e-004	
9.42988e-002	2.02840e+000	
9.24711e-001	8.61955e-001	
7.98849e-001	1.04330e+000	
9.98393e-001	7.91850e-001	
2.17956e+000	2.40247e-001	
2.28854e+000	6.25466e-002	
2.19553e+000	2.42007e-001	
2.32614e+000	6.86114e-003	
9.14209e-001	8.85979e-001	
4.76641e-005	5.91413e+000	
8.64828e-001	9.57248e-001	
5.18922e-004	2.51931e+000	
1.51526e+000	7.32183e-001	
9.27064e-001	8.64150e-001	
8.03441e-001	1.04962e+000	
2.28127e+000	7.14314e-002	
