0.00000e+000	9.22711e-001	
1.03063e-001	8.04637e-001	
1.92653e-001	7.17677e-001	
8.03662e-001	1.05898e-001	
7.09525e-001	1.96847e-001	
3.29710e-001	5.82541e-001	
5.79253e-002	8.50201e-001	
1.24673e-001	7.85128e-001	
3.97762e-001	5.15163e-001	
1.27284e-002	8.94270e-001	
4.19317e-001	4.90423e-001	
6.44878e-001	2.63975e-001	
1.69146e-001	7.36499e-001	
7.30774e-001	1.72623e-001	
3.50217e-001	5.57408e-001	
2.83060e-001	6.23450e-001	
8.70167e-001	3.97679e-002	
8.45460e-001	6.06243e-002	
3.74728e-001	5.35682e-001	
6.86454e-001	2.17649e-001	
8.96795e-001	1.62866e-002	
4.85280e-001	4.20973e-001	
1.47521e-001	7.62509e-001	
4.63575e-001	4.45282e-001	
8.24395e-001	8.30777e-002	
6.19483e-001	2.85254e-001	
5.56560e-001	3.59267e-001	
7.54357e-001	1.51055e-001	
8.85133e-001	3.86462e-002	
8.22472e-001	8.53593e-002	
6.67096e-001	2.41241e-001	
5.58407e-001	3.56603e-001	
9.12745e-001	0.00000e+000	
2.14177e-001	6.91642e-001	
2.57860e-001	6.43125e-001	
7.77890e-001	1.28317e-001	
2.37747e-001	6.68607e-001	
7.11467e-001	1.95918e-001	
8.04332e-001	1.11003e-001	
4.20487e-001	4.90774e-001	
3.51768e-001	5.57562e-001	
3.75771e-001	5.37173e-001	
3.99059e-001	5.15738e-001	
1.27510e-002	8.95852e-001	
2.83786e-001	6.26570e-001	
3.76237e-001	5.37839e-001	
4.86643e-001	4.21903e-001	
8.73397e-001	3.99156e-002	
9.01993e-001	1.83724e-002	
6.90677e-001	2.18987e-001	
1.47769e-001	7.63795e-001	
2.00001e-001	7.18852e-001	
3.31504e-001	5.82740e-001	
5.80097e-002	8.51440e-001	
0.00000e+000	9.25152e-001	
1.93394e-001	7.20435e-001	
6.89602e-001	2.23779e-001	
7.31820e-001	1.72870e-001	
8.06635e-001	1.06290e-001	
6.19830e-001	2.87123e-001	
9.22304e-001	0.00000e+000	
7.55419e-001	1.50504e-001	
1.24941e-001	7.86818e-001	
1.03198e-001	8.05695e-001	
6.48297e-001	2.65374e-001	
1.69692e-001	7.37584e-001	
2.38257e-001	6.70040e-001	
4.65891e-001	4.45664e-001	
2.14690e-001	6.93299e-001	
2.58901e-001	6.45723e-001	
4.18918e-001	4.92019e-001	
8.71211e-001	4.52459e-002	
7.77637e-001	1.30343e-001	
7.80688e-001	1.29235e-001	
8.47954e-001	6.08031e-002	
5.59428e-001	3.57255e-001	
8.25441e-001	8.31831e-002	
8.86503e-001	3.87061e-002	
1.25744e-001	7.88747e-001	
6.92290e-001	2.19499e-001	
4.87672e-001	4.22795e-001	
6.51384e-001	2.66638e-001	
6.22947e-001	2.86774e-001	
6.22249e-001	2.86453e-001	
7.33705e-001	1.73315e-001	
1.70304e-001	7.39969e-001	
8.46111e-002	8.86743e-001	
9.23795e-001	0.00000e+000	
7.57124e-001	1.51171e-001	
8.87618e-001	3.87548e-002	
2.38682e-001	6.71235e-001	
7.79402e-001	1.30639e-001	
8.49462e-001	6.09113e-002	
4.65939e-001	4.47318e-001	
2.59343e-001	6.46823e-001	
1.72120e-002	8.98679e-001	
2.84810e-001	6.28830e-001	
3.32702e-001	5.84536e-001	
7.12352e-001	2.01413e-001	
9.03293e-001	1.83989e-002	
