1.67988e+000	1.75035e-004	
8.72696e-001	4.25183e-001	
1.33555e-001	9.72013e-001	
1.04298e+000	3.28677e-001	
5.59419e-002	9.93615e-001	
2.03607e-001	8.55026e-001	
2.49705e-001	7.26662e-001	
6.59041e-002	9.92188e-001	
2.12432e-001	8.13725e-001	
2.14027e-001	8.04436e-001	
3.10847e-001	6.95021e-001	
7.99417e-001	5.66372e-001	
2.05856e-001	8.46163e-001	
1.47079e-001	9.64540e-001	
1.67279e+000	1.74171e-002	
8.75948e-001	4.20739e-001	
7.95850e-001	5.74254e-001	
7.92525e-001	5.79493e-001	
8.14881e-001	5.33211e-001	
9.96278e-002	9.85699e-001	
2.20896e-001	7.79103e-001	
8.06520e-001	5.51011e-001	
7.41767e-001	6.54801e-001	
2.54269e-001	7.22427e-001	
1.77806e-001	9.31062e-001	
2.36801e-001	7.43374e-001	
1.56510e-001	9.55694e-001	
2.18964e-002	9.97971e-001	
1.81531e-001	9.23585e-001	
1.16748e-001	9.78946e-001	
1.84493e-001	9.17533e-001	
8.32592e-001	4.97393e-001	
3.42560e-001	6.91048e-001	
2.26680e-001	7.63443e-001	
7.01253e-001	6.82182e-001	
2.02096e-001	8.61593e-001	
1.27833e+000	3.08973e-001	
7.69981e-001	6.23035e-001	
8.05397e-001	5.64902e-001	
1.60296e+000	2.61409e-001	
7.86601e-001	5.90848e-001	
8.17577e-001	5.25689e-001	
2.68383e-001	7.11376e-001	
2.79036e-001	7.05659e-001	
8.22638e-001	5.14910e-001	
7.19359e-001	6.72002e-001	
8.62063e-001	4.64534e-001	
8.66534e-001	4.34800e-001	
2.23409e-001	7.72205e-001	
7.28025e-001	6.65963e-001	
1.99336e-001	8.73293e-001	
3.22916e-001	6.93283e-001	
2.45922e-001	7.31337e-001	
7.34158e-001	6.60966e-001	
2.90774e-001	7.00707e-001	
1.01134e+000	3.36481e-001	
1.62036e-001	9.50503e-001	
7.72205e-002	9.89690e-001	
7.08824e-001	6.78522e-001	
2.58938e-001	7.18194e-001	
7.74407e-001	6.17046e-001	
8.88286e-001	4.08100e-001	
1.71320e-001	9.39413e-001	
1.67884e-001	9.44635e-001	
1.17231e+000	3.16822e-001	
7.79332e-001	6.03837e-001	
7.06759e-004	1.00088e+000	
1.08554e-001	9.81984e-001	
1.28963e-002	9.99116e-001	
9.11813e-002	9.87301e-001	
3.02315e-001	6.97202e-001	
1.51564e-001	9.60223e-001	
2.16785e-001	7.92610e-001	
2.07179e-001	8.36657e-001	
2.15345e-001	7.98961e-001	
1.97347e-001	8.82439e-001	
8.45771e-001	4.72723e-001	
2.31567e-001	7.52383e-001	
2.09469e-001	8.25206e-001	
1.40049e-001	9.67876e-001	
1.47388e+000	2.98077e-001	
8.27684e-001	5.02193e-001	
1.49573e+000	2.96531e-001	
3.24280e-002	9.96680e-001	
2.40401e-001	7.37967e-001	
1.56133e+000	2.77772e-001	
1.89237e-001	9.06863e-001	
1.92449e-001	8.98420e-001	
8.12028e-001	5.38998e-001	
7.56236e-001	6.39771e-001	
7.60775e-001	6.34563e-001	
8.40925e-001	4.76404e-001	
4.57987e-002	9.95001e-001	
1.24792e-001	9.75848e-001	
2.19201e-001	7.84671e-001	
9.00821e-001	3.97364e-001	
7.49730e-001	6.46868e-001	
2.85171e-001	7.02796e-001	
1.95579e-001	8.89856e-001	
8.57986e-001	4.69028e-001	
