3.31678e-001	7.75408e-001	
6.07216e-003	9.39341e-001	
3.21266e-001	7.80408e-001	
3.94799e-001	5.24866e-001	
7.18376e-001	1.95622e-001	
9.50449e-001	1.53087e-001	
6.09908e-001	4.92245e-001	
1.00784e+000	7.71762e-002	
4.11646e-001	5.19817e-001	
1.01304e+000	3.54036e-003	
4.16749e-001	5.16478e-001	
7.40033e-001	1.83509e-001	
8.05964e-001	1.70180e-001	
7.58253e-001	1.76661e-001	
1.01863e+000	1.95523e-004	
7.74133e-001	1.73344e-001	
3.42742e-001	5.94572e-001	
7.70000e-001	1.75506e-001	
7.51156e-001	1.81861e-001	
7.87668e-001	1.71703e-001	
3.36514e-001	6.86288e-001	
3.63961e-001	5.48877e-001	
7.26183e-001	1.87618e-001	
3.23233e-001	7.77587e-001	
3.51594e-001	5.64233e-001	
3.90719e-002	8.69313e-001	
5.78573e-001	5.04833e-001	
9.56170e-001	1.48615e-001	
7.36219e-001	1.85801e-001	
1.99030e-002	8.94865e-001	
5.84790e-001	4.98273e-001	
9.80001e-001	1.34439e-001	
9.76137e-001	1.37100e-001	
4.63574e-002	8.62870e-001	
3.14138e-001	7.91498e-001	
1.85188e-001	8.38093e-001	
9.82261e-001	1.29941e-001	
5.97926e-001	4.95431e-001	
6.77358e-001	2.77496e-001	
3.47575e-001	5.75897e-001	
3.45670e-003	9.48923e-001	
6.75551e-001	2.88195e-001	
3.34802e-001	6.94280e-001	
7.52953e-001	1.78286e-001	
6.36695e-001	4.76374e-001	
9.45916e-001	1.54847e-001	
7.06238e-001	2.07677e-001	
6.11293e-001	4.90374e-001	
6.64619e-001	4.20636e-001	
5.64976e-002	8.59413e-001	
1.13558e-002	9.10653e-001	
6.71831e-001	3.57371e-001	
2.33338e-003	9.62337e-001	
1.37619e-001	8.43244e-001	
9.63273e-001	1.43220e-001	
5.04096e-002	8.61248e-001	
8.10639e-003	9.20564e-001	
1.81371e-001	8.41152e-001	
3.57419e-002	8.72664e-001	
9.97352e-001	1.01080e-001	
9.54051e-001	1.51135e-001	
2.26714e-002	8.91041e-001	
1.32338e-002	9.06677e-001	
9.25253e-001	1.62439e-001	
6.82420e-001	2.42093e-001	
3.40975e-001	6.00184e-001	
3.39447e-001	6.13264e-001	
4.49979e-001	5.06001e-001	
6.90442e-001	2.39923e-001	
1.15893e-003	9.80157e-001	
9.91637e-001	1.02818e-001	
8.31173e-001	1.68231e-001	
3.43892e-001	5.87531e-001	
9.88142e-001	1.08667e-001	
1.51834e-002	8.99933e-001	
2.52591e-002	8.82157e-001	
3.38142e-001	6.31273e-001	
8.63917e-002	8.48631e-001	
3.69821e-001	5.35467e-001	
3.76691e-001	5.30482e-001	
9.28035e-001	1.58671e-001	
7.66773e-001	1.77050e-001	
1.01467e+000	3.54608e-003	
3.51062e-001	5.66726e-001	
1.48108e-002	9.03854e-001	
3.05713e-002	8.81243e-001	
8.65131e-002	8.49824e-001	
3.37938e-001	6.33476e-001	
3.76854e-001	5.32696e-001	
2.74803e-002	8.84911e-001	
3.73094e-001	5.39330e-001	
6.87025e-001	2.43726e-001	
3.41198e-001	6.03180e-001	
3.39155e-001	6.15282e-001	
9.94004e-001	1.03064e-001	
9.91483e-001	1.04096e-001	
8.33059e-001	1.68613e-001	
4.51092e-001	5.07252e-001	
9.89363e-001	1.08801e-001	
9.87719e-001	1.22331e-001	
