2.77591e-002	7.13437e-001	
6.07904e-001	1.96874e-001	
3.17268e-001	6.02812e-001	
3.28903e-001	4.92723e-001	
9.96928e-001	3.12989e-002	
3.22082e-001	5.44547e-001	
6.93444e-001	1.59395e-001	
8.09102e-001	1.18780e-001	
3.79722e-001	3.73745e-001	
7.96673e-001	1.22662e-001	
8.20851e-001	1.15025e-001	
8.48256e-001	1.06188e-001	
3.25876e-001	5.12015e-001	
1.97686e-001	6.94102e-001	
1.71432e-002	7.35801e-001	
4.38151e-001	3.08423e-001	
3.94238e-001	3.54565e-001	
4.32197e-001	3.14165e-001	
3.66160e-001	3.94429e-001	
9.62079e-001	6.45530e-002	
9.73112e-001	5.77271e-002	
9.79384e-001	5.27419e-002	
6.27542e-001	1.87562e-001	
2.92168e-001	6.54286e-001	
3.15577e-001	6.11399e-001	
5.16957e-001	2.47891e-001	
4.65515e-001	2.84761e-001	
2.18591e-001	6.89072e-001	
5.94829e-001	2.03068e-001	
4.86981e-001	2.68352e-001	
6.18922e-001	1.91330e-001	
2.26345e-001	6.87132e-001	
6.43615e-001	1.80052e-001	
9.22269e-001	8.14528e-002	
4.12108e-001	3.34303e-001	
1.00766e+000	3.73761e-003	
9.91831e-001	3.95051e-002	
8.88888e-001	9.30504e-002	
4.81990e-001	2.73986e-001	
7.15857e-001	1.50683e-001	
8.57631e-001	1.04281e-001	
1.88401e-002	7.28314e-001	
7.25847e-001	1.47171e-001	
6.82588e-001	1.63553e-001	
2.85990e-001	6.59702e-001	
9.01766e-001	8.90830e-002	
8.81612e-001	9.60873e-002	
4.72892e-001	2.79049e-001	
3.50502e-001	4.24959e-001	
3.88071e-001	3.65104e-001	
5.05069e-001	2.56841e-001	
1.46347e-002	7.55693e-001	
4.02166e-001	3.45811e-001	
3.06698e-001	6.36111e-001	
7.46605e-001	1.39535e-001	
3.54879e-001	4.16635e-001	
5.60273e-001	2.22071e-001	
2.52350e-001	6.79122e-001	
3.33308e-001	4.77570e-001	
4.95326e-001	2.62175e-001	
9.11721e-001	8.54238e-002	
1.21484e-001	7.03015e-001	
7.05490e-001	1.54743e-001	
1.00054e+000	1.22642e-002	
8.29465e-001	1.11981e-001	
4.56288e-001	2.92590e-001	
2.38272e-001	6.84049e-001	
3.27326e-001	5.02458e-001	
5.86206e-002	7.04446e-001	
6.35585e-001	1.83883e-001	
1.35873e-001	7.01527e-001	
4.20251e-001	3.25223e-001	
6.68417e-001	1.69708e-001	
2.73658e-001	6.68718e-001	
9.47637e-001	7.10863e-002	
3.60510e-001	4.04836e-001	
8.69272e-001	9.93847e-002	
5.50969e-001	2.26756e-001	
6.54152e-001	1.75918e-001	
1.47291e-001	7.00293e-001	
1.74927e-001	6.97266e-001	
5.70906e-001	2.15745e-001	
7.79537e-001	1.28328e-001	
5.34643e-001	2.36784e-001	
3.42881e-001	4.43496e-001	
3.69964e-001	3.88176e-001	
5.23976e-001	2.43046e-001	
5.78936e-001	2.11656e-001	
3.00554e-001	6.45244e-001	
2.11810e-001	6.91100e-001	
3.11642e-001	6.25575e-001	
5.40802e-001	2.32738e-001	
7.60873e-001	1.34469e-001	
3.38226e-001	4.58840e-001	
2.64480e-001	6.73267e-001	
4.48834e-001	3.00174e-001	
3.47707e-001	4.31906e-001	
3.75953e-001	3.78925e-001	
9.87600e-001	4.64061e-002	
9.27142e-001	7.99343e-002	
