4.91469e-001	6.16308e-001	
5.52347e-002	9.69436e-001	
9.58090e-001	6.26729e-002	
1.62281e-001	8.84772e-001	
6.15368e-001	4.90484e-001	
5.20685e-001	5.82826e-001	
1.78699e-001	8.71690e-001	
8.55547e-001	2.04912e-001	
2.69812e-001	8.06769e-001	
6.77820e-001	4.22147e-001	
6.39318e-001	4.62689e-001	
4.00572e-001	6.98895e-001	
1.54646e-001	8.92989e-001	
6.50227e-001	4.50633e-001	
4.60401e-001	6.42302e-001	
4.16737e-001	6.83317e-001	
6.26482e-001	4.72926e-001	
3.30009e-001	7.54520e-001	
2.87357e-001	7.91467e-001	
7.21277e-002	9.56404e-001	
2.07996e-001	8.50922e-001	
8.83120e-001	1.65820e-001	
7.92387e-001	2.82410e-001	
1.97847e-001	8.57062e-001	
4.05593e-001	6.90062e-001	
1.08985e-001	9.23534e-001	
8.64042e-001	1.93543e-001	
4.65546e-001	6.34800e-001	
4.74479e-001	6.26145e-001	
7.81219e-001	2.95355e-001	
7.33362e-001	3.55820e-001	
5.64061e-001	5.41651e-001	
4.46967e-001	6.53223e-001	
2.40048e-001	8.24014e-001	
2.30761e-001	8.31300e-001	
9.34092e-001	9.19912e-002	
9.94498e-001	9.41496e-003	
9.72070e-001	4.57018e-002	
1.44225e-001	8.98855e-001	
6.91567e-001	4.00560e-001	
7.96591e-002	9.49538e-001	
1.71100e-001	8.81785e-001	
3.53930e-001	7.32984e-001	
3.91483e-001	7.00132e-001	
3.58266e-002	9.79910e-001	
8.43225e-001	2.15609e-001	
3.64018e-001	7.21941e-001	
7.67639e-001	3.10308e-001	
2.22807e-001	8.36985e-001	
7.56756e-001	3.22896e-001	
7.39997e-001	3.49035e-001	
6.06852e-002	9.61692e-001	
8.04154e-001	2.66468e-001	
5.39486e-001	5.65171e-001	
3.00347e-001	7.78875e-001	
9.00185e-001	1.37537e-001	
8.92787e-001	1.49834e-001	
2.15596e-001	8.43670e-001	
8.19694e-001	2.45041e-001	
9.88134e-001	1.82860e-002	
6.21113e-001	4.82480e-001	
1.89384e-001	8.64921e-001	
9.49701e-001	7.55505e-002	
1.18788e-001	9.17148e-001	
5.04324e-001	6.00366e-001	
1.01391e+000	9.48765e-005	
8.08933e-001	2.58410e-001	
9.65946e-002	9.33833e-001	
6.63757e-001	4.38072e-001	
9.44366e-001	8.41743e-002	
7.45490e-001	3.36264e-001	
8.37992e-001	2.22932e-001	
4.27569e-001	6.70125e-001	
8.32286e-001	2.30093e-001	
9.81017e-001	2.74108e-002	
1.00288e+000	4.48318e-003	
6.99601e-001	3.91458e-001	
8.68187e-002	9.42298e-001	
9.12143e-001	1.25772e-001	
1.66366e-003	1.00273e+000	
3.19407e-001	7.62747e-001	
8.72664e-001	1.73966e-001	
2.75069e-001	7.96825e-001	
5.69984e-001	5.32082e-001	
2.51058e-001	8.16660e-001	
3.41761e-001	7.46856e-001	
5.78458e-001	5.23412e-001	
5.95449e-001	5.08391e-001	
5.48707e-001	5.53474e-001	
6.05960e-001	4.96631e-001	
8.27018e-001	2.37975e-001	
7.13089e-001	3.78025e-001	
3.09861e-001	7.67193e-001	
3.80085e-001	7.11105e-001	
1.86344e-002	9.89816e-001	
5.85245e-001	5.16539e-001	
7.19869e-001	3.68109e-001	
4.44937e-002	9.75264e-001	
9.22046e-001	1.10593e-001	
3.73692e-001	7.19769e-001	
