5.32927e-001	3.76602e-001	
5.21351e-001	3.88795e-001	
1.77285e-001	7.50172e-001	
4.89081e-001	6.11999e-001	
9.44460e-001	4.05478e-003	
8.27963e-001	2.62254e-001	
5.13607e-001	4.09277e-001	
8.83755e-001	2.38851e-002	
5.71836e-001	3.46026e-001	
8.97739e-001	1.65881e-002	
1.74026e-001	7.66633e-001	
1.88041e-001	7.18699e-001	
5.88138e-001	3.44519e-001	
4.99396e-001	5.50776e-001	
2.54658e-001	6.79785e-001	
2.73492e-004	1.00831e+000	
9.33077e-001	5.55417e-003	
1.71638e-001	7.75789e-001	
1.94419e-001	7.09422e-001	
2.38288e-001	6.84725e-001	
8.61269e-001	4.24977e-002	
8.39920e-001	1.32943e-001	
9.54262e-001	2.92474e-003	
2.01811e-001	7.04665e-001	
8.26117e-001	2.84963e-001	
6.50538e-001	3.36029e-001	
1.78832e-001	7.42023e-001	
4.94715e-001	5.92570e-001	
3.48813e-001	6.72610e-001	
6.52491e-001	3.34779e-001	
7.89381e-001	3.15251e-001	
9.25318e-001	6.99236e-003	
1.76182e-001	7.56488e-001	
5.93590e-001	3.41349e-001	
2.19266e-001	6.90095e-001	
5.41664e-001	3.67393e-001	
5.40380e-001	3.71810e-001	
8.30048e-001	2.41539e-001	
5.42715e-001	3.65449e-001	
7.85311e-001	3.19117e-001	
1.64217e-001	8.95675e-001	
2.82727e-001	6.75816e-001	
2.13279e-001	6.94975e-001	
2.78598e-001	6.78604e-001	
5.05515e-001	4.33068e-001	
7.77016e-001	3.21274e-001	
5.56118e-001	3.54000e-001	
5.13397e-001	4.08731e-001	
1.60311e-001	9.24571e-001	
8.49400e-001	7.93605e-002	
8.68131e-001	3.54587e-002	
4.82950e-001	6.19061e-001	
1.84573e-001	7.28757e-001	
8.87776e-001	2.12785e-002	
8.51419e-001	6.04506e-002	
9.18857e-001	7.99728e-003	
9.11091e-001	1.07065e-002	
4.90272e-001	5.97237e-001	
9.66410e-001	1.69035e-003	
1.80338e-001	7.39104e-001	
7.65355e-001	3.23186e-001	
9.02514e-001	1.39276e-002	
7.35905e-001	3.30778e-001	
5.15888e-001	3.97297e-001	
1.69487e-001	7.89843e-001	
5.09671e-001	4.16584e-001	
8.34163e-001	2.11487e-001	
7.26952e-001	3.32884e-001	
8.41539e-001	9.04130e-002	
7.93295e-001	3.09780e-001	
8.36371e-001	1.62305e-001	
5.44665e-001	3.59877e-001	
5.26733e-001	3.79255e-001	
5.89735e-001	3.42414e-001	
8.91640e-001	1.97254e-002	
5.53710e-001	3.57008e-001	
5.08589e-001	4.35529e-001	
2.28883e-001	6.89417e-001	
2.20412e-001	6.93703e-001	
7.82176e-001	3.21725e-001	
1.68244e-001	8.42457e-001	
5.40117e-001	3.73534e-001	
9.02480e-001	1.52297e-002	
4.82051e-001	6.21108e-001	
1.84140e-001	7.34185e-001	
5.28268e-001	3.80360e-001	
8.35248e-001	2.26349e-001	
1.66560e-001	9.08452e-001	
5.15139e-001	4.03178e-001	
1.68515e-001	8.00242e-001	
2.55950e-001	6.83234e-001	
8.53733e-001	6.88516e-002	
1.70224e-001	7.98409e-001	
7.37618e-001	3.31548e-001	
8.36698e-001	2.02822e-001	
2.15496e-001	7.02199e-001	
5.10506e-001	4.18155e-001	
8.43063e-001	9.05766e-002	
5.16993e-001	3.98368e-001	
2.02471e-001	7.06160e-001	
