4.74235e-001	6.25300e-001	
5.30983e-001	3.72286e-001	
8.42171e-001	8.70400e-002	
5.43282e-001	3.59610e-001	
4.99572e-001	5.57546e-001	
1.61481e-001	9.07773e-001	
8.24909e-001	2.59663e-001	
9.27569e-001	6.30816e-003	
4.91606e-001	6.01162e-001	
1.38973e-001	9.62907e-001	
4.04837e-001	6.62643e-001	
1.66888e-001	8.55039e-001	
5.03776e-001	4.47291e-001	
1.85360e-001	7.21125e-001	
2.12166e-001	6.92147e-001	
7.62221e-001	3.23726e-001	
9.14799e-001	8.55584e-003	
4.83646e-001	6.13693e-001	
4.66177e-001	6.36656e-001	
9.08644e-001	1.08630e-002	
4.59824e-001	6.43207e-001	
4.93164e-001	5.83935e-001	
2.37066e-001	6.79596e-001	
5.17989e-001	3.90981e-001	
1.56652e-001	9.28266e-001	
9.39061e-001	4.15667e-003	
5.54659e-001	3.51845e-001	
4.96432e-001	5.75619e-001	
1.76149e-001	7.46067e-001	
1.68172e-001	8.01915e-001	
7.83593e-001	3.14691e-001	
5.12585e-001	4.04915e-001	
5.22120e-001	3.85730e-001	
2.14968e-003	1.00171e+000	
2.88485e-001	6.69395e-001	
8.11240e-002	9.93342e-001	
1.92991e-001	7.10734e-001	
8.09185e-001	2.94519e-001	
8.32198e-001	2.23065e-001	
3.86261e-001	6.64260e-001	
1.69212e-001	7.90642e-001	
1.24265e-001	9.75273e-001	
8.02654e-001	3.00630e-001	
7.08396e-001	3.32572e-001	
3.69492e-001	6.66101e-001	
4.48951e-001	6.49473e-001	
8.53838e-001	5.37032e-002	
5.05334e-001	4.31758e-001	
7.75788e-001	3.18554e-001	
7.92341e-001	3.09133e-001	
6.12182e-001	3.36942e-001	
6.33739e-002	9.98378e-001	
1.17210e-001	9.81408e-001	
5.25095e-001	3.79369e-001	
9.49131e-001	3.00816e-003	
5.34711e-001	3.66079e-001	
8.59505e-001	4.42616e-002	
5.96542e-001	3.38789e-001	
7.43830e-001	3.28070e-001	
2.05685e-001	6.95586e-001	
4.33321e-001	6.55064e-001	
8.98188e-001	1.38120e-002	
5.02350e-001	4.69567e-001	
1.00921e-001	9.88022e-001	
7.36198e-001	3.29780e-001	
6.83245e-001	3.33616e-001	
8.91993e-001	1.65301e-002	
1.80910e-001	7.30207e-001	
1.71907e-001	7.66273e-001	
4.23614e-001	6.58643e-001	
8.82738e-001	2.13144e-002	
9.72992e-001	9.98657e-004	
8.38702e-001	9.84935e-002	
5.84531e-001	3.41298e-001	
5.70658e-001	3.45481e-001	
2.68090e-001	6.72440e-001	
8.37263e-001	1.09336e-001	
1.97753e-001	7.04659e-001	
1.53366e-001	9.37757e-001	
5.09513e-001	4.12323e-001	
8.35353e-001	1.42669e-001	
1.46495e-001	9.50649e-001	
8.29741e-001	2.40898e-001	
1.65812e-001	8.69487e-001	
8.22473e-001	2.67318e-001	
8.33555e-001	2.08335e-001	
2.21481e-001	6.85942e-001	
4.80264e-001	6.18949e-001	
8.49320e-001	6.03232e-002	
8.73849e-001	2.73495e-002	
2.51554e-001	6.75460e-001	
8.27378e-001	2.53206e-001	
1.34193e-001	9.68604e-001	
8.65525e-001	3.72346e-002	
8.15654e-001	2.81751e-001	
1.64109e-001	8.84826e-001	
6.36710e-001	3.35053e-001	
2.43072e-001	6.78511e-001	
1.59534e-001	9.16822e-001	
2.27084e-001	6.83241e-001	
