4.73486e-001	4.08197e-001	
2.27729e-003	1.09040e+000	
4.47967e-001	4.26918e-001	
4.16847e-001	4.57225e-001	
1.05787e-001	1.06948e+000	
1.01644e+000	2.89114e-001	
9.26691e-001	3.34719e-001	
4.64138e-001	4.11016e-001	
3.92235e-001	5.01193e-001	
4.01305e-001	4.79742e-001	
1.02676e+000	2.65669e-001	
3.72177e-001	5.79500e-001	
9.73954e-001	3.20293e-001	
1.04285e+000	2.34892e-001	
9.99110e-001	2.97423e-001	
1.41516e-001	1.06221e+000	
9.85223e-001	2.99122e-001	
1.00599e+000	2.91102e-001	
4.81796e-001	3.96739e-001	
8.32432e-001	3.53994e-001	
9.81290e-001	3.08112e-001	
5.83849e-003	1.07522e+000	
4.79355e-001	4.02571e-001	
4.49595e-001	4.18039e-001	
1.08308e+000	1.23362e-004	
9.69105e-001	3.21803e-001	
2.27592e-001	1.04983e+000	
4.31784e-001	4.39130e-001	
1.00799e+000	2.91683e-001	
1.09383e+000	1.24587e-004	
8.34603e-001	3.54917e-001	
9.84850e-001	3.06793e-001	
1.08901e+000	1.98704e-002	
4.81880e-001	4.01515e-001	
1.83575e-002	1.08010e+000	
4.40507e-001	4.53301e-001	
7.39153e-002	1.07536e+000	
4.22557e-001	4.63488e-001	
9.87043e-001	3.02807e-001	
1.72234e-005	1.13966e+000	
1.06112e-001	1.07277e+000	
3.80144e-001	5.91904e-001	
4.04860e-001	4.88366e-001	
9.90892e-004	1.13337e+000	
4.07422e-001	4.79983e-001	
1.41927e-001	1.06529e+000	
4.83943e-001	3.98507e-001	
9.28039e-001	3.34391e-001	
4.65246e-001	4.11996e-001	
9.97740e-001	2.99988e-001	
1.07375e+000	2.41851e-001	
1.02879e+000	2.66195e-001	
2.28411e-003	1.09366e+000	
1.08841e+000	7.62268e-002	
9.25184e-003	1.09034e+000	
9.83923e-001	3.08938e-001	
1.96274e-003	1.12980e+000	
1.76213e-001	1.06650e+000	
1.00915e+000	2.92016e-001	
1.06252e-001	1.07418e+000	
9.47146e-001	3.42108e-001	
4.54488e-001	4.34477e-001	
1.03065e+000	2.66676e-001	
9.88708e-001	3.03317e-001	
4.27639e-001	4.69127e-001	
1.13527e+000	1.29306e-004	
1.84210e-002	1.08384e+000	
4.02162e-002	1.08105e+000	
1.13712e+000	1.29518e-004	
4.06497e-001	4.88552e-001	
1.42696e-001	1.07106e+000	
1.72899e-005	1.14406e+000	
1.19145e-001	1.07322e+000	
9.97465e-004	1.14089e+000	
1.00321e+000	3.01247e-001	
1.03867e+000	2.66461e-001	
1.53366e-001	1.06906e+000	
1.01036e+000	2.92368e-001	
9.92134e-001	3.04368e-001	
5.18822e-001	4.01230e-001	
4.57143e-001	4.37015e-001	
1.32593e-001	1.07246e+000	
1.09824e+000	3.36625e-002	
1.00927e+000	2.93495e-001	
1.88235e-002	1.08590e+000	
1.09105e+000	7.64124e-002	
9.26725e-003	1.09216e+000	
1.09365e+000	6.34834e-002	
1.13780e+000	1.12002e-002	
5.09013e-001	4.05564e-001	
1.14130e+000	1.29994e-004	
1.12777e+000	3.45017e-002	
7.91279e-002	1.08028e+000	
9.94500e-001	3.05094e-001	
1.13888e+000	2.01814e-003	
1.10639e+000	6.18115e-002	
1.73379e-005	1.14723e+000	
1.03863e+000	2.68742e-001	
3.85791e-002	1.08646e+000	
4.35404e-001	4.77580e-001	
