8.50251e-002	1.00057e+000	
5.95769e-001	9.43327e-001	
6.95327e-001	3.52514e-001	
7.21616e-001	3.04911e-002	
6.74951e-001	6.61876e-001	
8.55721e-001	1.16261e-002	
6.53131e-001	8.04631e-001	
6.71591e-001	6.92467e-001	
5.22367e-001	9.84240e-001	
6.85727e-001	5.38268e-001	
6.55895e-001	7.89316e-001	
5.59254e-001	9.71126e-001	
6.61696e-001	7.58166e-001	
5.75861e-001	9.61507e-001	
4.66809e-001	9.92947e-001	
7.03799e-001	6.42674e-002	
7.13226e-001	3.85644e-002	
5.30794e-001	9.82327e-001	
7.06067e-001	5.44009e-002	
6.34809e-001	8.70686e-001	
6.80717e-001	6.04603e-001	
6.32673e-001	8.77656e-001	
4.05977e-001	9.97363e-001	
5.45623e-001	9.77373e-001	
6.84176e-001	5.60886e-001	
5.72670e-001	9.63276e-001	
7.31994e-001	2.52074e-002	
6.30514e-001	8.82355e-001	
6.06059e-001	9.29887e-001	
6.62902e-001	7.51616e-001	
6.79432e-001	6.16812e-001	
6.49223e-001	8.20231e-001	
6.42416e-001	8.47176e-001	
7.46694e-001	2.12359e-002	
5.82497e-001	9.55846e-001	
4.31283e-001	9.95898e-001	
6.60489e-001	7.65575e-001	
6.40531e-001	8.52899e-001	
7.02295e-001	7.83281e-002	
6.01838e-001	9.35599e-001	
6.14031e-001	9.18377e-001	
8.68007e-001	5.47663e-003	
6.11076e-001	9.22361e-001	
6.19905e-001	9.06347e-001	
6.47888e-001	8.25875e-001	
5.91537e-001	9.47228e-001	
5.53536e-001	9.73984e-001	
7.01109e-001	9.30625e-002	
6.08712e-001	9.25638e-001	
8.71432e-001	5.34596e-004	
6.44014e-001	8.41535e-001	
7.08402e-001	4.70429e-002	
4.82048e-001	9.91481e-001	
7.07211e-001	5.04024e-002	
7.10669e-001	4.23210e-002	
6.57289e-001	7.82915e-001	
7.54778e-001	1.99302e-002	
7.27829e-001	2.68918e-002	
6.91792e-001	4.42646e-001	
5.09151e-001	9.87260e-001	
6.38988e-001	8.59552e-001	
5.79376e-001	9.58406e-001	
4.88040e-001	9.90454e-001	
3.61227e-001	9.98472e-001	
6.29069e-001	8.85638e-001	
7.17137e-001	3.39256e-002	
5.65385e-001	9.67614e-001	
6.23510e-001	8.98930e-001	
6.27449e-001	8.89643e-001	
6.90605e-001	4.64393e-001	
6.89055e-001	4.88985e-001	
6.18346e-001	9.10300e-001	
7.85002e-001	1.77174e-002	
6.26034e-001	8.93154e-001	
6.67687e-001	7.18115e-001	
7.38805e-001	2.28826e-002	
8.49086e-001	1.37975e-002	
5.49008e-001	9.76007e-001	
8.31803e-001	1.62790e-002	
6.78288e-001	6.28220e-001	
5.35091e-001	9.80764e-001	
6.69821e-001	7.04127e-001	
5.14948e-001	9.86117e-001	
5.86716e-001	9.52267e-001	
6.46400e-001	8.32620e-001	
6.15886e-001	9.14225e-001	
6.76068e-001	6.53665e-001	
6.51713e-001	8.10804e-001	
6.99317e-001	1.39580e-001	
6.87369e-001	5.12809e-001	
8.60099e-001	9.84362e-003	
6.22287e-001	9.02346e-001	
6.93348e-001	4.02770e-001	
5.40574e-001	9.79331e-001	
6.66220e-001	7.29231e-001	
6.73929e-001	6.70400e-001	
6.97513e-001	2.74184e-001	
6.37281e-001	8.63311e-001	
6.83001e-001	5.74994e-001	
5.68458e-001	9.65877e-001	
