6.40381       0.000353696
4.15992       0.0394224
4.50622       0.0839344
4.52499       0.102529
4.16933       0.0232165
3.93485       0.0559791
4.25214       0.378382
4.18418       0.146511
3.37768       0.465191
3.34299       0.585629
3.27434       0.642175
2.68286       0.473927
2.81148       0.507841
3.22466       0.465964
2.36719       0.76021
2.89324       0.857604
2.45722       0.764727
2.0497       0.717452
2.08012       0.790356
2.16537       0.824017
2.09261       0.769136
2.05922       0.756864
1.53111       0.8424
1.3955       0.827756
0.665189       1.08866
0.944842       0.950546
1.33829       0.79382
0.650308       1.05671
0.735902       1.00242
0.50921       0.980101
1.26581       1.03911
0.85105       1.03254
0.911674       0.955217
0.898936       0.902661
0.918994       0.838784
0.628556       0.806572
0.366134       0.949024
0.644476       0.976598
0.36781       0.953368
0.611093       0.939965
0.447696       0.930728
0.477407       0.961582
0.475792       1.05922
0.433376       0.95086
0.409587       0.904916
0.377537       0.903229
0.42178       0.884733
0.451218       1.00554
0.223669       1.10785
0.518679       1.14801
0.345521       1.21444
0.265217       1.11017
0.305427       1.26821
0.198075       1.44412
0.180723       1.31761
0.199122       1.45176
0.177006       1.27043
0.23432       1.4382
0.147722       1.42772
0.178313       1.45415
0.169701       1.38392
0.114432       1.68041
0.0409708       2.26179
0.075396       2.13484
0.0719022       2.03591
0.00060316       2.50799
1.02097e-005       2.53245
