4.75759       5.14793       4.4136e-006
6.10132       0.937618       0.0769235
6.09719       0.820503       0.150835
5.98206       0.63604       0.189417
6.01995       0.609919       0.257542
6.01474       0.600488       0.37546
5.94515       0.468373       0.452695
6.07851       0.384105       0.476716
6.066       0.337754       0.488122
6.15473       0.306495       0.681164
6.20319       0.184142       0.780952
6.21474       0.127904       0.804394
6.29741       0.0690042       0.823994
2.27818       0.000220679       3.57315
0.309652       5.65572       0.0127871
2.68477       3.24631       0.0841313
4.22693       1.48466       0.363474
4.32627       1.01582       0.253216
4.285       0.943736       0.522965
4.51833       0.566533       0.632578
4.41115       0.644061       0.714746
4.47648       0.443495       0.765501
4.30521       0.525415       0.903116
4.49551       0.163632       1.20477
4.30519       0.023379       2.02194
2.74595       0.108171       2.8181
0.295465       4.22792e-005       5.40171
0.295205       5.39837       8.03746e-005
2.1443       4.2028       0.369466
2.50549       2.44576       0.568954
3.20073       2.15896       0.793662
3.87928       2.0148       0.974562
4.21375       1.04669       0.960886
3.84334       1.23612       1.56404
3.76303       1.08576       1.74796
2.94099       0.869284       2.62842
2.73693       0.482589       2.67905
1.92829       0.372698       4.27442
0.296642       0.0373801       4.99175
0.295157       5.39735       0.000672128
0.969993       5.26177       0.387396
2.12887       3.04026       0.725028
2.36808       2.30291       0.694152
2.59068       2.10761       1.42958
2.55634       1.54275       1.623
2.24969       1.2638       1.88032
2.50337       1.11027       1.98441
2.19303       0.107193       3.29751
1.02319       0.346079       4.4904
0.295121       5.39667       0.000109209
0.618582       5.24528       0.596343
1.32065       3.74668       1.06131
2.16218       2.87221       0.656429
2.27006       1.67321       1.76476
2.24125       1.36011       2.22921
2.17824       1.28696       2.843
1.92408       0.579053       4.26339
0.295371       0.000128663       5.39695
0.295014       5.39487       0.000122797
0.818532       5.0658       0.730148
0.663805       3.66989       1.18324
2.04715       3.43556       1.25559
2.00886       2.40794       2.4647
1.42861       1.81719       3.13959
1.23506       1.21872       4.4013
0.29459       0.559668       4.51062
0.445067       4.99762       0.839417
0.297968       3.65466       1.45584
0.77313       3.40545       2.44899
0.303014       2.1169       2.8172
0.664184       1.61766       4.30792
0.294946       0.73272       4.50092
0.294605       0.00931525       5.16982
0.612734       4.33643       0.904308
0.594114       3.54321       1.51262
0.613602       2.27486       2.66428
0.523961       1.78804       3.53311
0.61421       0.749797       4.40658
0.294002       0.000128067       5.37194
0.294479       5.38063       0.0774267
0.312511       3.94903       0.962973
0.58188       3.50092       2.33293
0.323131       1.98461       2.94752
0.294702       0.95155       4.47643
0.293853       0.000331649       5.36214
0.295323       5.40017       0.00106877
0.306034       3.70371       1.21654
0.310292       2.60615       2.69919
0.295707       1.42853       4.43317
0.293258       0.0739782       4.81093
0.325674       3.58892       1.67638
0.295844       1.80025       3.4892
0.294746       3.74454       1.1008
0.294718       1.88879       2.99735
0.294249       0.46413       4.52185
0.294192       1.86965       3.02553
