0.997081       4.48627
0.998564       4.48613
0.999441       4.48595
0.999749       4.48676
0.999453       4.48641
0.99702       4.48605
0.999625       4.48627
0.999208       4.48634
0.99874       4.48618
0.999031       4.48556
0.99739       4.48639
0.999343       4.48559
0.999805       4.4855
0.9983       4.48623
0.998357       4.4863
0.998224       4.4862
0.999193       4.48636
0.999656       4.48589
0.9979       4.48615
0.998479       4.48584
0.998895       4.4858
0.998351       4.48636
0.99965       4.4864
0.998403       4.48575
0.998344       4.48603
0.998608       4.48611
0.999143       4.48567
0.997958       4.48604
0.999089       4.48591
0.998097       4.48604
0.998355       4.48511
0.998581       4.48567
0.998596       4.48516
0.999114       4.48598
0.998782       4.48632
0.999637       4.48569
0.997652       4.48576
0.998077       4.4857
0.99817       4.48635
0.99817       4.4858
0.998809       4.48632
0.998355       4.48592
0.999019       4.48666
0.99822       4.48572
0.999637       4.48612
0.998986       4.48607
0.999791       4.48635
0.999991       4.48703
0.999998       4.48594
0.999637       4.48608
0.998547       4.48636
0.996406       4.48763
0.930478       4.50402
0.864918       4.52118
0.797449       4.5391
0.741633       4.54427
0.658364       4.55881
0.517371       4.57586
0.497093       4.57953
0.451627       4.58519
0.358157       4.59043
0.286734       4.59306
0.206098       4.59578
0.151094       4.59976
0.0891177       4.60011
0.0443516       4.60267
5.10611e-006       4.83143
