1.96474       0.558849
1.92736       0.570901
1.86068       0.586277
1.79144       0.612363
1.70109       0.627663
1.69465       0.639269
1.6237       0.657812
1.58845       0.676843
1.52809       0.696334
1.51752       0.706538
1.47231       0.716419
1.45711       0.733814
1.40266       0.742763
1.38088       0.754002
1.37896       0.773779
1.30807       0.79277
1.27711       0.809123
1.23008       0.827574
1.2153       0.847048
1.198       0.855049
1.15863       0.874135
1.13915       0.88634
1.11697       0.892712
1.10511       0.917329
1.0822       0.946772
1.06584       0.971363
1.03659       0.984047
0.985597       0.995103
0.985418       1.00508
0.971902       1.02171
0.944614       1.03463
0.935138       1.05156
0.908496       1.05867
0.883349       1.06158
0.861888       1.06829
0.838214       1.10887
0.822365       1.1184
0.817261       1.13172
0.77816       1.13742
0.766249       1.15082
0.7236       1.17795
0.721306       1.21361
0.687703       1.21987
0.666423       1.24847
0.660383       1.25382
0.642678       1.26151
0.639927       1.28179
0.617768       1.31622
0.60996       1.3267
0.577209       1.33365
0.576391       1.33476
0.573502       1.36894
0.553289       1.35773
0.522708       1.38087
0.504898       1.39328
0.487998       1.4183
0.476035       1.42562
0.452648       1.45334
0.450668       1.44934
0.44901       1.48439
0.445617       1.45959
0.440117       1.46501
0.438509       1.46218
0.44017       1.46771
0.441097       1.47219
0.45318       1.49484
0.445296       1.45808
0.448625       1.49018
0.442668       1.4702
0.44338       1.47974
0.445802       1.47104
0.442793       1.46682
0.443884       1.47731
0.444062       1.48208
0.448661       1.4779
0.444619       1.47468
0.450806       1.5039
0.446521       1.48946
0.446862       1.49145
0.442762       1.4744
0.444545       1.45534
0.444639       1.48349
