128.745       0.00861603
10.2213       0.100743
7.61337       0.134188
6.42121       0.157768
5.54504       0.182003
4.92474       0.204387
4.58573       0.218928
4.24238       0.236417
3.98088       0.251201
3.8031       0.263253
3.59806       0.278086
3.4673       0.288509
3.35346       0.298236
3.30001       0.303032
3.30002       0.303032
3.30001       0.303032
3.30002       0.303032
3.30002       0.303032
3.30002       0.303032
3.30002       0.303032
3.30002       0.303032
3.30001       0.303032
3.30002       0.303032
3.30002       0.303032
3.30002       0.303032
3.30002       0.303032
3.30002       0.303032
3.30002       0.303032
3.30002       0.303032
3.30001       0.303032
3.30002       0.303032
3.30001       0.303032
3.30002       0.303032
3.30002       0.303032
3.30002       0.303032
3.30002       0.303032
3.30002       0.303032
3.30002       0.303032
3.30001       0.303032
3.30001       0.303032
3.30001       0.303031
3.30001       0.303032
3.30001       0.303032
3.30001       0.303032
3.30001       0.303032
3.30001       0.303031
3.30002       0.303032
3.30001       0.303032
3.30001       0.303032
3.30002       0.303032
3.30001       0.303032
3.30001       0.303031
3.30002       0.303032
3.30001       0.303031
3.30001       0.303032
3.30001       0.303032
3.30002       0.303032
3.30002       0.303032
3.30002       0.303032
3.30001       0.303032
3.30002       0.303032
3.30001       0.303032
3.30002       0.303032
3.30001       0.303032
3.30002       0.303032
