8.87517       8.87517       8.76541e-009
3.80858       3.64245       0.181432
3.81158       3.54203       0.579064
3.80765       3.46087       1.03154
4.03845       2.94463       1.34445
4.10263       2.7588       1.62377
4.09187       2.63988       1.8216
3.98242       2.41838       2.62458
3.87701       1.15034       3.03359
3.88286       1.17369       2.71914
3.92001       0.12294       3.87933
3.92324       0.000602788       7.80717
3.70389       3.75537       0.303291
3.71116       3.67989       0.29494
3.8173       2.71712       1.39124
4.12077       2.53253       2.52044
4.23659       1.31398       2.99257
3.8609       1.25796       2.67143
3.73323       1.1695       3.2398
6.2008e-006       0.000848251       16.112
3.66658       3.76158       0.355948
3.62576       3.57608       0.552491
4.00163       2.87991       1.26756
3.83309       2.65145       1.4375
3.8691       1.19969       2.66991
3.89746       1.14795       2.7989
2.93009       0.294271       6.50882
6.20343e-006       0.000848222       16.1114
3.5764       3.91592       1.06701
3.50902       3.78415       0.927671
2.90709       4.02268       1.27653
3.70108       2.71899       1.3145
3.83207       2.41479       1.99173
3.40661       1.3103       4.89543
1.39729       0.0959839       7.30164
2.82288       4.17706       1.39738
2.8986       4.03348       1.45108
2.78008       4.02707       1.51837
2.82929       4.01524       1.46991
3.47195       3.36248       2.85977
3.44051       2.43123       2.90583
2.58048       2.36646       4.17036
2.24764       1.28848       6.14925
1.33452       0.126558       6.68872
2.75981       4.09855       1.53433
2.69278       4.05131       1.9021
2.69899       3.95068       1.94131
2.6504       2.96849       2.86224
1.1115       1.19568       5.60517
1.31706       1.1106       5.69872
2.73899       4.13134       1.89791
2.71939       3.82698       2.67395
1.26679       3.95022       2.77514
1.44238       3.85995       3.28556
1.25027       2.80215       3.98051
1.08788       0.166618       6.85137
2.35757       3.97818       3.56138
1.41367       3.96399       3.26505
1.10133       3.65489       3.6132
1.22774       2.38348       5.39662
1.11354       4.07696       3.51541
1.0965       2.98857       4.63811
1.01607       0.299388       8.69892
1.48605       3.95008       3.57915
0.985077       3.95662       3.91616
0.19805       3.80706       3.87291
0.0945902       2.67239       5.65493
0.197135       3.76157       4.07716
0.163865       3.9661       3.8201
0.121042       3.88995       3.85768
0.0932103       4.008       4.37089
9.15377e-007       3.76566       7.53136
