1.33218       4.98885e-006
1.05721       0.00452815
1.07386       0.0044638
1.03963       0.0407955
1.01808       0.0279242
1.00655       0.0755277
1.01555       0.0551739
0.993113       0.0889824
0.95386       0.128567
0.924476       0.135818
0.911479       0.144316
0.872716       0.15523
0.786204       0.162814
0.746755       0.165053
0.686895       0.167831
0.633228       0.167881
0.621213       0.169014
0.57485       0.170669
0.555854       0.172219
0.52641       0.175785
0.528573       0.176508
0.484819       0.183293
0.476326       0.185529
0.46511       0.188848
0.450941       0.194199
0.439012       0.199525
0.42965       0.208026
0.428915       0.214638
0.418603       0.221772
0.405679       0.228078
0.395314       0.231531
0.391606       0.234924
0.38829       0.242336
0.383921       0.244929
0.375665       0.255745
0.365781       0.272751
0.364579       0.277656
0.363061       0.286307
0.358724       0.291433
0.350918       0.316386
0.349659       0.322165
0.348034       0.337528
0.344639       0.351978
0.34303       0.363564
0.341684       0.37892
0.341235       0.383769
0.338815       0.405845
0.338228       0.414543
0.336216       0.463295
0.335287       0.495027
0.334148       0.511287
0.333633       0.524389
0.333206       0.535933
0.332199       0.580992
0.331981       0.59958
0.33028       0.622649
0.329068       0.640405
0.327526       0.664282
0.322548       0.713148
0.321715       0.720256
0.315828       0.758193
0.310563       0.78391
0.304007       0.808711
0.295876       0.834124
0.288908       0.851805
0.27546       0.881058
0.265057       0.897947
0.256417       0.909829
0.246525       0.924434
0.236262       0.935076
0.22067       0.946332
0.211683       0.952412
0.198229       0.961147
0.178441       0.970711
0.173693       0.972915
0.157086       0.97864
0.147749       0.981689
0.135906       0.984887
0.123155       0.988119
0.109066       0.990546
0.0975891       0.992594
0.0862683       0.994016
0.0742415       0.995306
0.0620131       0.996446
0.0516816       0.99717
0.041707       0.997975
0.031006       0.99858
0.0204969       0.999097
0.00919953       0.999668
1.53052e-006       1.00026
