0.699052       0.718569       7.37157e-020
1       7.45018e-013       3.75048e-018
1       1.44169e-011       3.76292e-019
1       1.47658e-011       3.82839e-018
1       1.31416e-011       2.53834e-018
1       1.47658e-011       2.35778e-018
9.0024e-011       1       5.21546e-010
0.907899       0.426629       0.0437464
0.956708       0.293701       8.99187e-020
0.971873       0.238777       1.81846e-020
0.982889       0.19695       0.105503
0.989122       0.148408       2.0883e-019
0.994555       0.119476       0.14303
0.997971       0.0646755       7.09036e-019
0.856853       0.0128008       0.618446
3.7513e-033       6.12633e-017       1.00051
0.380627       0.924728       2.83453e-011
0.717927       0.722812       1.00214e-010
0.830587       0.556676       0.105235
0.898489       0.439748       0.0880777
0.934751       0.321094       0.269821
0.937612       0.291102       0.338227
0.939026       0.257761       0.355409
0.907963       0.122659       0.591795
0.739793       0.0610134       0.756388
0.410717       0.0575133       0.919289
0.222315       0.974975       9.8368e-011
0.533997       0.850344       0.20963
0.804471       0.59305       0.142707
0.844797       0.424081       0.479099
0.82581       0.399476       0.549914
0.656733       0.31927       0.707115
0.513454       0.107696       0.867223
0.319088       0.0986265       0.949655
0.464989       0.906636       0.17878
0.607071       0.803456       0.316868
0.613446       0.637994       0.520336
0.527441       0.275212       0.831072
0.183138       0.112513       0.979985
3.75126e-033       6.12627e-017       1.0005
0.174138       0.983351       0.135543
0.346511       0.937502       0.176025
0.515462       0.855692       0.306839
0.276871       0.688566       0.724545
0.488724       0.478431       0.804755
0.296037       0.265478       0.935962
0.102745       0.993929       0.13438
6.03981e-011       0.937027       0.366069
0.418152       0.874072       0.554666
0.314206       0.516212       0.84584
0.309178       0.36769       0.905647
0.138862       0.159662       0.9836
2.4167e-017       5.62943e-017       1.00049
0.0312451       0.914798       0.424896
0.182166       0.425392       0.920705
0.0716134       0.155838       0.987544
0.0251265       0.988489       0.210419
0.193076       0.910883       0.55953
0.119705       0.564738       0.850177
0.0509783       0.240502       0.986217
1.23364e-017       6.00086e-017       1.00051
0.101905       0.985805       0.281868
0.0516205       0.714782       0.753718
0.0117606       0.208581       0.980663
0.0358468       0.95084       0.450533
8.2017e-012       0.421786       0.962642
3.75141e-033       6.12652e-017       1.00054
3.7514e-033       6.12651e-017       1.00053
3.75147e-033       6.12661e-017       1.00055
