1.13159       6.63785e-005
1.12263       0.00316113
1.11457       0.0286964
1.06515       0.0314423
1.07886       0.0529581
1.02866       0.0739241
1.02294       0.0806272
1.02002       0.0733033
1.01962       0.111369
1.02492       0.0969182
1.02062       0.111479
1.00864       0.179407
0.989936       0.196642
1.00164       0.230493
0.997343       0.236295
0.998771       0.249082
0.906891       0.281066
0.889876       0.273418
0.947546       0.226909
0.846473       0.276856
0.792447       0.311824
0.71137       0.337306
0.730314       0.34012
0.765734       0.320473
0.728893       0.348077
0.698676       0.344159
0.693633       0.367297
0.691818       0.382729
0.690212       0.392432
0.706535       0.376795
0.696811       0.393371
0.687046       0.366164
0.660931       0.447566
0.679544       0.536428
0.594076       0.575258
0.64923       0.582253
0.604251       0.614887
0.556672       0.574941
0.505653       0.649517
0.480271       0.604937
0.513066       0.649325
0.478466       0.664226
0.455728       0.658074
0.437972       0.711745
0.43402       0.718134
0.429221       0.731834
0.368951       0.842341
0.368517       0.84135
0.328831       0.876726
0.320448       0.853541
0.301148       0.852762
0.2462       0.927143
0.238087       0.881731
0.226317       0.891533
0.194935       0.943622
0.151965       1.04828
0.160731       1.04687
0.157583       1.08703
0.166456       1.04891
0.146533       1.10877
0.114276       1.19349
0.100403       1.25829
0.0868863       1.28412
0.0702275       1.27033
0.022199       1.29019
0.0248322       1.30014
0.0104383       1.3165
8.47678e-006       2.83965
