1.39645       1.39645       1.10184e-005
1.07427       1.07742       0.0607031
0.997111       1.04952       0.139137
0.99791       0.998996       0.128318
1.11072       0.952471       0.41331
1.18416       1.01737       0.607069
1.13524       0.68331       0.727828
1.23069       0.584987       0.901911
1.07361       0.0424167       1.34263
1.06733       0.0882853       1.13476
1.09439       0.0565544       1.25964
0.624048       3.41774e-005       3.1488
1.08479       1.08477       0.0197905
1.13544       1.01377       0.205409
1.03502       0.976217       0.321987
1.04246       0.970228       0.436405
1.0745       0.589599       0.646817
1.10927       0.64886       0.674811
1.25303       0.629451       0.828137
1.16642       0.144412       1.36708
1.08157       0.0558918       1.24488
0.00051003       0.000114695       4.43112
0.99273       1.09947       0.171719
0.99527       1.04041       0.163659
1.08737       1.01118       0.221011
1.15525       0.946256       0.690737
1.29899       0.668742       0.811683
1.17604       0.107964       1.18394
1.00417       0.097787       1.93973
3.36326e-009       1.41879e-011       4.49146
0.963161       1.04017       0.213245
0.965442       1.07251       0.286074
1.13789       0.609637       0.720464
1.13       0.158363       1.53922
0.463972       0.0335637       2.21315
3.17133e-008       3.44486e-009       4.41397
0.95714       1.03875       0.297213
0.957092       1.05949       0.140194
0.947936       1.08039       0.281015
1.03295       1.0617       0.112263
1.00852       0.774344       0.914362
0.601671       0.143953       1.88514
0.44888       0.03843       2.39661
0.981103       1.09425       0.241832
0.611711       1.22849       0.617442
0.658853       1.26935       0.736808
0.595426       1.13652       0.630796
0.74371       0.973138       0.996654
0.884163       0.831405       1.41543
0.124596       0.0494227       2.55553
0.000391757       2.02854e-006       4.489
0.627713       1.30009       0.810237
0.643187       1.29553       0.817581
0.581292       1.18724       0.615261
0.548312       1.0956       0.961768
0.0867367       0.757931       1.96136
0.442891       0.172354       2.63914
0.000949738       2.90545e-005       4.50446
0.627742       1.2761       0.73792
0.55941       1.2051       0.791387
0.565467       1.12922       0.994208
0.0741638       1.20792       1.1402
0.000521956       0.000117377       4.53473
0.550934       1.23599       0.880338
0.0661703       1.18308       1.14294
0.0246885       1.13198       1.62503
0.0224194       0.550073       2.21125
0.000283904       1.41088e-006       4.53555
0.112158       1.16784       1.17701
0.0559138       1.20435       1.23373
0.0627653       0.556784       1.81441
0.000520969       4.28044e-005       4.52894
0.0543414       1.17043       1.20402
0.000157707       0.00248047       4.43659
0.120176       1.28217       1.37436
0.000316171       1.27401       2.53702
