0.562491       0.67801       6.10254e-005
1.01011       4.3405e-007       7.90626e-007
1.01013       4.33927e-007       7.90401e-007
1.00832       4.85332e-008       2.21849e-007
1.00847       2.29395e-007       1.04985e-006
0.553413       1.5316e-005       0.770121
1.63177e-011       1       3.47459e-027
0.660801       0.529711       0.0177358
0.695484       0.438779       0.0706619
0.869638       0.218814       0.0422295
0.933046       0.140865       0.0868113
0.931127       0.0608963       0.110773
0.814886       0.106175       0.249133
0.948794       0.0269168       0.14715
0.511924       0.000903899       0.634268
2.21127e-007       6.13074e-008       1.00168
2.6346e-013       1       3.47459e-027
0.174017       0.888021       0.0815254
0.603593       0.588172       0.0613128
0.680581       0.379606       0.166277
0.71584       0.301385       0.204196
0.651073       0.246344       0.309004
0.70386       0.190529       0.309646
0.512336       0.0025104       0.63647
0.350518       0.0393795       0.800172
0.475851       0.58927       0.166306
0.48068       0.509269       0.250385
0.548273       0.374957       0.297681
0.567229       0.343943       0.336029
0.606724       0.291105       0.324519
0.438848       0.0200317       0.69752
0.28761       0.0883049       0.836779
3.30306e-005       1.93732e-009       1.03835
5.47745e-014       1       3.47459e-027
0.208409       0.846069       0.104934
0.355028       0.699564       0.197074
0.360174       0.583103       0.284304
0.462059       0.460082       0.320129
0.511099       0.407067       0.318235
0.475501       0.00943347       0.668333
0.345424       0.0754692       0.747138
7.84682e-007       0.00124077       1.00654
4.67668e-005       5.56683e-008       1.00164
0.136255       0.867505       0.120815
0.273684       0.69312       0.223826
0.411589       0.514399       0.294072
0.0705353       0.354745       0.73257
0.270754       0.138222       0.770019
6.02637e-005       2.66268e-007       1.00154
1.08133e-012       1       3.47459e-027
0.239493       0.733601       0.206663
0.322975       0.630495       0.261953
0.0229868       0.477782       0.656468
0.10974       0.31174       0.753957
0.00062306       2.72303e-006       1.01341
4.67082e-005       1.13663e-008       1.00038
9.67497e-013       1       3.47459e-027
0.122854       0.879833       0.11941
0.221414       0.766458       0.188475
0.000102977       0.592146       0.582952
0.140533       0.192572       0.856955
0.101957       0.904377       0.0968851
0.174152       0.836916       0.163145
0.0253212       0.464265       0.657757
2.23946e-005       7.17138e-007       1.02976
3.32107e-005       2.53627e-007       1.01453
8.34566e-012       1       3.47459e-027
1.97698e-005       0.583026       0.582911
0.0732657       0.32194       0.769598
6.33398e-005       4.29771e-007       1.06111
0.0565989       0.958073       0.0571814
0.0812975       0.361967       0.722321
8.3301e-014       1       3.47459e-027
1.59108e-005       0.568508       0.576393
4.53957e-005       3.93653e-007       1.07953
5.89412e-007       3.31775e-010       1.00333
