0.749625       0.749625       1.08398e-010
1.00182       5.16692e-011       1.34585e-009
1.00217       7.33575e-012       2.66575e-010
1.00162       3.6092e-011       1.30323e-009
1.00201       3.90454e-011       1.41662e-009
1.00194       4.45833e-011       1.34838e-009
1.00201       3.81408e-011       1.38379e-009
0.747111       3.9754e-010       0.750379
2.96488e-009       1       2.35228e-010
0.747974       0.749569       0.000372219
1.00014       0.000326752       0.0121295
1.00019       0.000185651       0.00679619
1.00037       0.000357835       0.0134153
1.00023       0.000918491       0.0244947
1.00037       0.000357835       0.0134153
0.981053       0.0832477       0.275779
1.56158e-010       1.81958e-010       1
8.00117e-009       1       2.98304e-010
0.749556       0.749556       1.08388e-010
0.936642       0.436997       0.207434
0.987649       0.222179       0.157201
0.989968       0.222532       0.157844
0.919351       0.246492       0.451408
0.74743       4.14391e-010       0.750699
2.51905e-010       2.02989e-008       1
1.56158e-010       1.90829e-010       1
0.263196       0.969313       0.249728
0.933967       0.438572       0.20833
0.937812       0.440377       0.209188
0.747073       2.15589e-010       0.750341
0.447068       0.878054       0.417093
0.715774       0.610397       0.55647
0.438643       0.424559       0.880053
2.01591e-010       1.71511e-009       1
5.70549e-011       7.50073e-013       1
2.2906e-009       1       1.0282e-010
0.254418       0.96863       0.249387
0.447067       0.878052       0.417092
2.96483e-008       0.748517       0.748517
0.447444       0.422992       0.876805
0.143099       0.992102       0.14197
8.85329e-011       1.42438e-011       1
0.254419       0.968633       0.249388
2.70411e-008       0.748517       0.748517
9.82419e-012       1.71336e-008       1
2.38043e-009       1       4.17876e-010
3.43558e-010       5.36143e-008       1
