2.78512       3.56394       8.54184e-006
2.95203       0.671258       0.055071
2.94045       0.612555       0.10618
2.88249       0.455995       0.135798
2.89654       0.442668       0.175958
2.87428       0.4333       0.262307
2.9843       0.327888       0.338863
3.02096       0.28522       0.348667
2.98972       0.243037       0.388511
2.98392       0.22261       0.494736
3.01264       0.133998       0.568287
3.01943       0.0918652       0.577744
2.97467       0.0395044       0.602099
1.42165       1.23899e-005       2.57905
0.972246       3.33773       0.0802125
1.98562       1.99542       0.0116762
2.55455       0.901154       0.197519
2.55836       0.751035       0.179165
2.58777       0.650898       0.314807
2.65819       0.524411       0.31418
2.6567       0.433277       0.394318
2.61447       0.337048       0.498156
2.6881       0.291565       0.569112
2.66522       0.283229       0.775356
2.6358       0.000900898       1.06799
1.49371       0.10459       1.72092
0.947219       0.0139065       3.05467
0.958203       3.293       0.01952
1.33539       2.84783       0.169112
1.36272       1.53627       0.406815
2.12173       1.42775       0.350569
2.44707       1.2025       0.436669
1.69184       0.828527       1.00363
1.72621       0.68009       1.16227
2.44238       0.176329       1.59138
1.27042       0.0660473       2.50411
0.930242       0.0145573       2.99338
0.965216       3.2869       0.14847
0.999608       3.2199       0.267019
1.32789       1.79014       0.42991
1.41009       1.52653       0.531582
1.71377       1.33157       0.798272
1.66204       0.992765       0.990085
1.58219       0.748849       1.099
1.50744       0.694909       1.6028
1.37068       0.15774       1.91475
0.927481       0.0912293       2.78083
0.93993       0.199867       2.71665
0.957365       3.25903       0.307008
0.933783       3.14107       0.396604
1.14666       2.31012       0.615063
1.37004       1.27485       1.0803
1.35846       1.009       1.19718
1.32902       0.848463       1.45002
0.928808       0.0396816       2.87439
0.947101       2.94647       0.522975
0.935352       2.23109       0.674927
1.23378       2.12307       0.887814
1.18368       1.60086       1.59742
0.961142       1.14034       1.86046
0.94615       0.82832       2.62833
0.940905       0.0068667       3.09618
0.928046       2.80753       0.525971
0.923184       2.70183       0.529157
0.927955       2.28989       0.600124
0.965739       2.05283       1.51399
0.950174       1.29067       1.68009
0.936711       0.23326       2.72482
0.926083       0.00283001       3.10519
0.939913       0.356507       2.67461
0.932756       2.17044       0.777388
0.930523       2.15683       0.824608
0.928856       2.13254       1.15022
0.934184       1.06778       2.18293
0.937415       0.88248       2.64494
0.931169       3.19171       0.238357
0.932703       2.35035       0.573949
0.935386       0.870838       2.61257
0.927651       1.09265       1.86107
0.934057       1.40443       1.61715
0.930135       2.13617       1.15218
0.930167       0.990309       2.53423
0.931846       2.13754       1.15893
0.930408       2.13667       1.15244
0.932589       2.16973       0.766871
0.930411       2.32097       0.58863
