1.60839       0.580417       0.229875
1.61935       0.584636       0.23077
1.61602       0.583496       0.230139
1.61627       0.573528       0.254205
1.61843       0.532768       0.33281
1.64639       0.505609       0.39079
1.6401       0.412241       0.485874
1.64091       0.344284       0.535828
1.60605       0.246746       0.57246
1.59563       0.224722       0.578926
1.59485       0.224702       0.578676
1.59912       0.225187       0.580166
1.61105       0.581701       0.229431
1.61161       0.564016       0.270505
1.62549       0.443396       0.448841
1.6282       0.364273       0.517154
1.60341       0.263477       0.563822
1.56061       0.72854       0.285792
1.53562       0.797706       0.310687
1.48455       0.851193       0.332724
1.45171       0.865934       0.338872
1.5307       0.694693       0.410436
1.55971       0.582634       0.491812
1.55177       0.451302       0.640707
1.50622       0.346242       0.746744
1.42353       0.3536       0.910962
1.45835       0.331835       0.839998
1.53303       0.287618       0.740766
1.55976       0.281007       0.723828
1.33573       1.0544       0.409959
1.25951       1.13662       0.441169
1.19598       1.16243       0.451906
1.31732       0.992967       0.520798
1.34159       0.726978       0.82731
1.30671       0.638017       0.983194
1.17816       0.451674       1.16367
1.26092       0.429871       1.10747
1.37221       0.385953       0.994147
1.08186       1.2628       0.490147
1.01954       1.31283       0.509564
0.895048       1.3726       0.53277
0.977977       1.29299       0.554655
1.05444       1.05502       0.872327
1.13106       0.895786       1.06525
0.996422       0.515337       1.32728
0.923027       0.530808       1.36683
1.01214       0.512472       1.31985
1.12931       0.469887       1.20933
0.844939       1.39506       0.542551
0.757418       1.43073       0.557762
0.66465       1.46637       0.569485
0.82511       1.31248       0.767509
0.854036       1.05045       1.06037
0.819253       0.771039       1.3016
0.66178       0.56956       1.46733
0.769257       0.554291       1.42792
0.866689       0.539821       1.39066
0.617699       1.48203       0.579861
0.617699       1.28128       0.943922
0.617699       0.952443       1.27496
0.617699       0.575907       1.48357
0.617699       1.42908       0.700287
0.617699       1.07574       1.17279
0.617699       0.575886       1.48358
0.617699       0.910813       1.30502
0.617699       1.05994       1.1871
0.617699       0.575872       1.48359
