14.5116       8.4761e-006
12.2059       0.0058676
10.2535       0.291282
10.24       0.352053
5.59762       0.436511
7.76072       0.476715
7.5697       0.459802
5.74083       0.549272
5.30502       0.42576
4.71064       0.630852
5.11728       0.524303
4.22079       0.341923
3.76101       0.645371
2.81714       0.355212
2.89029       0.586854
2.62784       0.720747
2.74099       0.690497
1.91738       0.931219
2.54588       0.794092
2.60828       1.02506
1.73479       1.11588
1.4587       0.98688
1.50538       1.15505
2.67879       1.11858
1.54464       0.98284
2.5078       1.3508
1.43889       0.995278
1.38665       1.08046
1.5939       0.664703
1.40449       1.03663
1.35549       0.997548
1.52883       1.164
1.20309       1.52279
1.32339       1.16899
1.95911       1.70091
1.4829       0.897505
1.428       1.37727
1.47943       1.20747
1.37516       1.94759
1.71457       1.9739
1.56318       1.54168
1.15501       0.726946
1.53556       1.44431
1.37092       1.73912
1.27489       2.04465
1.18859       1.73168
1.27269       2.69198
1.29205       1.97999
1.20401       2.75908
1.25486       2.87253
1.07605       2.71589
1.03195       2.78244
1.14374       3.20147
1.08146       3.37962
1.09567       3.31779
1.07257       3.35846
1.02947       3.8712
0.97479       4.05405
1.24304       5.53153
0.962343       3.65222
0.987125       4.9373
1.00552       3.44858
0.982306       5.7631
1.00622       4.2535
1.00252       6.96054
0.986892       6.43368
0.0937951       17.8552
0.112002       21.3561
0.0837763       18.1926
0.000863975       23.003
