642.863       0.0707022
9.79855       0.134769
6.02385       0.178439
5.45922       0.18862
5.05007       0.20133
4.72221       0.212938
4.40569       0.227567
4.40883       0.227182
4.40589       0.227295
4.40337       0.227217
4.40752       0.227303
4.40554       0.227453
4.40772       0.227546
4.4049       0.227385
4.40843       0.227376
4.40467       0.227374
4.4054       0.227359
4.40395       0.227473
4.40397       0.227244
4.40414       0.227236
4.40451       0.227304
4.40406       0.227224
4.40361       0.227257
4.40438       0.227284
4.40455       0.227266
4.40361       0.227251
4.40429       0.227494
4.40485       0.227252
4.4034       0.227448
4.40465       0.227231
4.40442       0.227191
4.40438       0.227357
4.40526       0.227544
4.40384       0.227471
4.40444       0.227312
4.40362       0.227406
4.40524       0.227259
4.40466       0.227514
4.40579       0.227345
4.40498       0.227462
4.40462       0.227202
4.40518       0.227432
4.40477       0.227386
4.40472       0.227323
4.40511       0.227311
4.4057       0.227432
4.40537       0.227207
4.40584       0.227334
4.40569       0.227557
4.40514       0.227394
4.40356       0.227253
4.40573       0.227306
4.40344       0.227381
4.40608       0.227486
4.40387       0.22727
4.40629       0.227186
4.40533       0.227404
4.40457       0.227365
4.40364       0.227259
4.40505       0.227317
4.40661       0.227251
4.40515       0.227313
4.40818       0.227457
4.40688       0.227296
4.40443       0.227338
4.40637       0.227216
4.4068       0.227354
4.40629       0.227203
