0.887513       0.450679
0.963552       0.434544
0.914635       0.450658
0.905596       0.424788
0.929172       0.475008
0.963552       0.468198
0.888576       0.430476
0.905596       0.424186
0.942126       0.437927
0.981346       0.444577
0.930518       0.412966
0.913054       0.45325
0.862321       0.491995
0.836611       0.416404
0.938361       0.451341
0.844548       0.457936
0.949478       0.366888
0.984137       0.296712
0.937621       0.440042
0.905009       0.408471
0.947332       0.382921
0.993044       0.433973
0.939437       0.506593
0.901305       0.482972
0.89226       0.484893
0.895609       0.528721
0.911326       0.554561
0.879449       0.601364
0.69312       0.562594
0.836946       0.570892
0.829087       0.606497
0.853757       0.697817
0.726637       0.700417
0.774972       0.693919
0.648133       0.724556
0.727547       0.713834
0.655639       0.741255
0.64892       0.739004
0.642202       0.763637
0.568091       0.691564
0.552944       0.756387
0.518507       0.751019
0.557219       0.778069
0.463686       0.840323
0.467754       0.855058
0.444283       0.79453
0.43185       0.838603
0.428988       0.882953
0.383907       0.886331
0.34222       0.887733
0.338825       0.931179
0.339561       0.918123
0.332031       0.953241
0.310473       0.9255
0.282121       1.01707
0.234463       1.0543
0.217679       1.06364
0.170797       1.19146
0.153238       1.24964
0.127502       1.246
0.112438       1.23516
0.0856671       1.27259
0.0907911       1.26718
0.0856671       1.31095
0.0550355       1.3429
0.0416585       1.38616
0.0270715       1.48153
0.000977631       1.4506
3.14085e-005       1.56859
