0.999581       4.48559
0.999625       4.48584
0.999489       4.48605
0.999833       4.48649
0.999833       4.48554
0.999833       4.48609
0.99988       4.48571
0.999595       4.48513
0.999614       4.48551
0.999661       4.48554
0.999818       4.48582
0.999846       4.48622
0.999567       4.48579
0.998908       4.48608
0.999566       4.48476
0.999799       4.48584
0.999823       4.48646
0.999377       4.48711
0.999903       4.4868
0.999981       4.48679
0.999381       4.48572
0.99857       4.48672
0.999989       4.48638
0.998746       4.48664
0.999966       4.48637
0.999037       4.48622
0.998671       4.48583
0.998981       4.48666
0.999023       4.48601
0.999969       4.48786
0.999726       4.48598
0.999761       4.48719
0.998994       4.48528
0.99922       4.48639
0.999492       4.48499
0.999846       4.48652
0.999709       4.48649
0.999447       4.48598
0.998567       4.48569
0.998817       4.48559
0.998975       4.4859
0.999099       4.48608
0.999029       4.48632
0.99985       4.48609
0.998459       4.48705
0.999187       4.48576
0.999251       4.48655
0.99908       4.48681
0.99985       4.4875
0.982075       4.49516
0.912996       4.50996
0.839338       4.52715
0.749453       4.54404
0.713051       4.55223
0.663228       4.56491
0.5682       4.56943
0.498915       4.57997
0.441781       4.58802
0.205208       4.59668
0.168379       4.59591
0.0862224       4.60013
0.0692961       4.5982
0.0425255       4.60347
0.000394172       4.61046
