1.0535       6.745e-008
1.0183       0.00703919
0.980756       0.018271
0.953718       0.0388333
0.936047       0.0450888
0.917337       0.0587552
0.916444       0.072534
0.908434       0.0907711
0.904097       0.110297
0.902182       0.122587
0.906566       0.125469
0.893333       0.142122
0.891067       0.140422
0.888789       0.172751
0.878391       0.194144
0.863096       0.203762
0.84174       0.209879
0.819986       0.231546
0.795738       0.24277
0.788657       0.245726
0.744247       0.256584
0.758328       0.272843
0.708133       0.277292
0.713247       0.297524
0.702438       0.301819
0.678455       0.30588
0.670599       0.31767
0.654604       0.344889
0.648734       0.344312
0.640803       0.383401
0.640489       0.374901
0.623229       0.408236
0.638313       0.415134
0.611475       0.449157
0.602349       0.47365
0.56346       0.488689
0.550638       0.500619
0.546364       0.508939
0.525876       0.519951
0.509664       0.525051
0.50162       0.525949
0.48515       0.546373
0.472397       0.546611
0.464146       0.548996
0.444061       0.560636
0.424907       0.568756
0.415407       0.595892
0.409621       0.600635
0.394544       0.620252
0.397232       0.639229
0.38271       0.659987
0.38141       0.662334
0.377317       0.685863
0.367399       0.695467
0.359636       0.717407
0.338103       0.725847
0.318816       0.742594
0.303973       0.745747
0.289092       0.762341
0.272606       0.76201
0.252592       0.765034
0.232829       0.77547
0.215431       0.780433
0.211501       0.789447
0.196464       0.790175
0.188487       0.795278
0.175184       0.803997
0.169697       0.816696
0.146389       0.838399
0.141517       0.859684
0.133235       0.874232
0.123974       0.908736
0.116261       0.930827
0.0929773       0.965637
0.0843465       0.976917
0.0556601       0.993112
0.0526988       1.01003
0.0311343       1.01707
0.00954681       1.01893
0.00941062       1.02241
7.16882e-005       1.03539
