100.179       0.0127055
10.7463       0.0957392
7.46883       0.13551
6.29813       0.163499
5.58829       0.1809
5.02211       0.201573
4.75027       0.213555
4.44169       0.227564
4.20045       0.241069
3.97112       0.254862
3.77691       0.268326
3.66342       0.277547
3.52755       0.289155
3.42657       0.297459
3.29785       0.305513
3.22156       0.315866
3.11767       0.326481
3.03798       0.335352
2.98252       0.340688
2.92049       0.348042
2.86648       0.353413
2.80994       0.364349
2.73458       0.370771
2.69456       0.378307
2.63846       0.384321
2.5958       0.391434
2.56867       0.395509
2.53054       0.402414
2.47846       0.40805
2.45217       0.413374
2.42139       0.418305
2.36645       0.428746
2.35457       0.433454
2.32676       0.438626
2.28665       0.442543
2.26519       0.445944
2.2488       0.449332
2.21158       0.460143
2.19975       0.46378
2.16338       0.465662
2.15311       0.472605
2.12689       0.478563
2.10877       0.48159
2.07439       0.490224
2.0607       0.494095
2.02906       0.499719
2.01321       0.510426
1.98628       0.509479
1.96346       0.517344
1.93138       0.529125
1.91553       0.529738
1.89566       0.536369
1.8778       0.548305
1.86176       0.543772
1.84253       0.553148
1.82428       0.556226
1.82625       0.559254
1.81778       0.560266
1.81601       0.560313
1.81646       0.557069
1.82026       0.55849
1.82084       0.561988
1.81666       0.560162
1.81637       0.560475
1.81974       0.561479
1.82285       0.562607
1.81577       0.558738
1.82085       0.56199
1.81257       0.559202
1.81607       0.560245
1.81511       0.560016
1.82056       0.56167
1.82195       0.562328
1.81176       0.55903
1.81947       0.561364
1.81225       0.559182
1.81947       0.561329
1.81825       0.560958
1.82294       0.562327
1.82654       0.563477
1.81808       0.560945
