8.45408       8.45408       0.000123352
3.71447       3.78074       0.32172
3.82873       3.67411       0.627746
3.78266       3.56067       0.877998
3.87486       2.78764       1.20933
3.78784       2.6681       1.36991
3.99263       2.78545       1.48228
3.77967       2.25974       2.71209
3.83864       1.32647       2.81053
3.80122       1.08473       2.84832
3.81306       1.00423       3.30796
3.83538       0.148794       3.68747
3.84566       0.155492       3.69917
3.81852       0.000386925       7.61185
3.91301       3.84432       0.258174
3.73981       3.77075       0.283651
3.69609       3.62193       0.711346
3.7525       2.64317       1.35717
3.74442       2.47262       1.83858
3.77686       2.57698       1.21277
3.85232       1.16674       2.69417
3.8505       1.28359       2.70565
3.59483       1.10071       3.41879
3.84024       0.137754       3.71062
0.0152812       2.62824e-005       36.8077
3.61639       3.87977       0.528788
3.59279       3.8711       0.610231
3.6585       2.47429       1.73331
3.24551       0.19469       6.13239
0.00014657       9.02215e-005       37.6581
3.58325       3.87668       0.693293
3.50399       3.86954       1.15053
3.51378       3.78646       1.15572
3.5332       3.60052       1.56892
3.79337       2.69303       1.3835
2.94895       1.04795       4.82253
2.50621       0.209165       6.81678
2.89582       3.96688       1.30186
2.84988       4.04896       1.4153
2.83933       4.02405       1.45524
2.88547       3.83466       1.60577
3.61879       3.35487       2.21349
3.6433       1.08767       3.24288
3.38104       2.29637       4.22768
2.5919       1.24951       4.0081
1.21217       0.207983       7.04997
3.45657e-032       4.62724e-009       36.876
2.86456       4.09764       1.49403
2.70378       4.20522       1.93804
2.49899       3.92801       1.92738
2.41498       3.89943       2.28306
2.7345       2.56921       3.57797
1.09074       1.27675       5.71567
2.56558       4.00247       2.19766
2.36733       3.85357       2.36799
1.27474       3.79564       2.93734
1.01008       3.66367       4.51564
1.16096       2.27908       5.64931
1.03352       0.162739       7.34255
3.47e-005       4.57692e-009       36.4727
1.14589       4.09108       3.27343
1.22811       3.77379       2.91117
1.29162       3.84647       3.58999
1.09959       1.29995       6.14243
0.000791422       0.000497839       36.882
1.25144       3.99927       2.97123
1.20893       4.01463       3.10921
1.23366       3.24438       4.89465
0.219479       2.13052       8.29036
1.19447       3.96663       3.07204
1.09287       3.90041       3.35086
1.00445       4.0019       4.03395
0.154603       2.7416       5.46202
3.49371e-005       4.60819e-009       36.7219
1.08212       4.03142       3.36692
0.928196       3.90585       4.63003
0.217051       3.16277       5.78052
1.24611e-005       0.0118982       36.9291
0.273172       4.26912       4.86027
4.4516e-008       0.00815572       37.0492
4.76639e-010       5.05464       10.5866
