19.2863       0.000647842
19.2033       0.191343
1.7337       0.240806
3.18566       0.230024
2.04234       0.318124
3.21671       0.343969
1.28397       0.283065
1.54487       0.354757
0.878745       0.266663
1.5212       0.254482
1.11859       0.283108
1.61209       0.366058
1.26329       0.362
0.944904       0.247965
0.906196       0.315152
1.14742       0.35044
1.37496       0.372122
1.00392       0.395355
0.839241       0.359318
0.916026       0.29839
0.934136       0.294552
1.03492       0.36243
0.390302       0.379186
0.807321       0.30737
0.447672       0.401473
0.434467       0.40345
0.84855       0.453981
0.458758       0.265785
0.577704       0.269164
0.535789       0.490358
0.528632       0.653041
0.927679       0.442363
0.441464       0.287424
0.900214       0.765732
0.808327       0.832234
0.58765       0.555407
0.539724       0.876607
0.742194       0.708118
0.346367       0.430201
0.706802       0.732207
0.5681       0.858999
0.568423       0.869516
0.557878       0.787412
0.655372       1.02912
0.534713       0.89625
0.320121       0.397602
0.662265       1.13302
0.597187       0.929357
0.599452       0.744542
0.566697       1.31016
0.56774       1.25544
0.471506       1.48865
0.606868       1.76994
0.299572       0.650064
0.525869       1.94755
0.504166       1.55129
0.496154       1.9292
0.24717       1.74141
0.446085       0.923609
0.460601       2.19152
0.572578       3.55672
0.530325       3.66527
0.446013       0.923459
0.480546       2.25119
0.571491       3.94978
0.560115       3.68768
0.431996       2.68346
0.535012       3.1496
0.376465       13.7333
0.00950405       13.9426
0.000657974       15.7287
