7.09622       0.000102579
6.83229       0.0689975
6.68413       0.132466
6.61771       0.17086
6.50258       0.237549
6.43942       0.325317
6.39543       0.356471
6.36602       0.463161
6.32583       0.517394
6.27578       0.62385
6.26171       0.725971
6.22807       0.848041
6.22262       0.906513
6.14437       0.990889
6.12368       1.05351
6.02161       1.2467
5.92609       1.33021
5.89008       1.39149
5.7698       1.45574
5.5979       1.50593
5.46646       1.56331
5.28378       1.5999
5.15922       1.654
5.03662       1.70891
4.95747       1.75849
4.8855       1.83779
4.85341       1.90165
4.79346       1.95944
4.76198       2.04885
4.73534       2.14574
4.70524       2.22203
4.67185       2.32107
4.66074       2.41464
4.57688       2.53431
4.51428       2.69409
4.43593       2.79204
4.35338       2.87358
4.2156       2.96793
4.07334       3.03102
3.97714       3.06074
3.8651       3.0953
3.74178       3.12634
3.62652       3.15776
3.53947       3.19792
3.40842       3.2767
3.38526       3.31163
3.30229       3.39036
3.25533       3.4595
3.21634       3.50865
3.16489       3.6423
3.119       3.74428
3.09324       3.86199
3.04527       3.98062
3.01165       4.09314
2.96746       4.19499
2.91289       4.27899
2.8343       4.37041
2.769       4.43963
2.69057       4.48874
2.58757       4.52995
2.48062       4.56902
2.36663       4.61021
2.25788       4.63357
2.2179       4.6481
2.1196       4.67638
2.04392       4.72124
1.9393       4.7613
1.88851       4.78526
1.79678       4.86024
1.74114       4.91713
1.69658       5.00008
1.63294       5.1315
1.58296       5.25001
1.53999       5.44783
1.49984       5.56448
1.42687       5.73221
1.37008       5.81668
1.31329       5.89268
1.22038       6.00218
1.10842       6.03309
1.00968       6.08334
0.967958       6.10088
0.857894       6.12609
0.834351       6.13103
0.767391       6.16679
0.680839       6.1784
0.574764       6.20367
0.531858       6.22681
0.476718       6.26846
0.375614       6.28944
0.320625       6.31913
0.266418       6.36534
0.198078       6.49065
0.115645       6.61818
0.051642       6.72811
3.71432e-006       7.29063
