0.00500958       2.90468       0.000713751
3.3555       0.163888       0.00221955
2.5933       0.119118       0.058674
2.92814       0.0848527       0.00867085
3.08651       0.00434222       0.00210498
3.05013       0.0184606       0.00179299
4.46182       0.0211778       0.0466867
2.38045       0.0290634       0.0688944
4.25888       0.0890878       0.0450073
2.66198       0.0185358       0.0566241
1.12674       0.0137103       0.857898
2.33203e-018       2.10783e-016       3.44256
0.0767108       2.71252       0.0138807
1.24526       2.15892       0.200233
1.73521       0.564666       0.202068
2.53206       0.0916951       0.199552
2.04705       0.027303       0.0488427
1.40363       0.0187211       0.117748
2.32364       0.030992       0.360664
1.77623       0.0322726       0.00219588
2.11678       0.128102       0.506862
1.26334       7.60501e-005       0.961829
0.317401       0.0247754       1.78005
1.1229e-016       1.73688e-016       3.37771
1.16285       2.0373       0.188461
1.32791       1.24728       0.268446
1.48779       1.00501       0.216949
2.17192       0.197855       0.63128
2.00185       0.673148       0.683151
0.359675       0.170683       1.31849
4.47264e-018       2.13094e-016       3.48085
0.00142017       3.74628       7.74335e-006
0.591769       2.68409       0.055397
1.11777       1.62096       0.237485
0.968371       1.26982       0.262502
1.49326       0.931885       0.630424
0.000956421       0.00648612       1.23254
0.00469498       0.0431684       1.1766
0.00374107       0.0251124       1.21569
0.00109279       4.34137       2.13208e-007
0.192952       2.00295       0.173036
0.732194       1.33714       0.425149
0.0327087       1.13575       0.616962
0.887378       0.283279       1.12685
0.75446       0.572843       1.16139
0.0705836       0.0931326       1.41288
0.430031       2.4088       0.20751
0.699086       0.667081       1.26805
0.000117019       0.00111365       1.30398
0.0662847       2.13333       0.0930308
0.0376296       1.2396       0.673405
0.163633       0.793278       1.22061
0.00820735       0.0639861       1.12376
0.0066325       0.22575       1.31123
7.1085e-018       2.59271e-016       4.23581
0.0387833       4.01086       3.73113e-005
0.0777021       1.85974       0.133919
0.352866       1.06298       0.868738
0.0816347       0.245919       1.05968
1.44515e-016       1.5429e-016       3.45243
0.015169       4.51018       1.15272e-005
1.52618e-016       1.7934e-016       3.84584
0.101064       4.3511       0.00160657
0.102073       1.89015       0.0188748
0.0976618       0.129769       1.04629
0.0223495       0.240091       1.16634
0.059091       0.171439       1.2536
1.49449e-016       1.08501e-016       3.01609
0.0792325       1.23178       1.00341
0.0185237       0.0310964       1.04813
0.00460593       0.000421391       6.14104
