1.01004       9.65771e-011
1.0968       1.24866e-008
0.988014       0.0151925
0.944205       0.0405479
0.774144       0.0428292
0.672987       0.0450502
0.596039       0.0456179
0.556901       0.0477794
0.512274       0.0528068
0.48026       0.054662
0.468275       0.0575909
0.440867       0.0612579
0.433403       0.0634531
0.418401       0.0693988
0.411205       0.0732118
0.410753       0.0748233
0.396928       0.0813461
0.398207       0.079337
0.393916       0.0985832
0.38365       0.0866233
0.386848       0.103009
0.373908       0.115331
0.360642       0.112076
0.365383       0.121504
0.361243       0.129493
0.364518       0.128512
0.356276       0.134016
0.362314       0.163526
0.352706       0.144844
0.359777       0.165277
0.35713       0.191882
0.347858       0.152755
0.343099       0.203964
0.343588       0.179273
0.34644       0.199517
0.341799       0.253542
0.338154       0.256308
0.33759       0.25588
0.33557       0.274938
0.334777       0.274664
0.336505       0.288627
0.333939       0.305219
0.332962       0.347314
0.3357       0.345908
0.330551       0.43364
0.330479       0.437226
0.330185       0.457811
0.327736       0.495201
0.325728       0.532953
0.323046       0.562737
0.321362       0.584835
0.319413       0.601865
0.314807       0.622498
0.314579       0.631719
0.309134       0.677027
0.303115       0.697582
0.298597       0.717299
0.29663       0.743708
0.285157       0.769879
0.280652       0.784206
0.276288       0.794248
0.265176       0.826332
0.257026       0.845034
0.243247       0.870709
0.237684       0.885353
0.228511       0.895614
0.213296       0.915555
0.204819       0.926726
0.190408       0.93854
0.181505       0.947527
0.166993       0.95632
0.156879       0.962821
0.144532       0.96974
0.133513       0.974396
0.120367       0.979417
0.107232       0.984087
0.0979464       0.98625
0.0862056       0.988998
0.074958       0.991237
0.0637537       0.993125
0.0522983       0.994767
0.0417473       0.996052
0.0310612       0.997201
0.0204697       0.99822
0.00989017       0.999163
7.68438e-005       0.999994
