2.09571       5.43829e-007
1.01988       0.00201888
1.00241       0.0171692
0.965196       0.0253265
0.886474       0.0353724
0.796542       0.0410743
0.671594       0.0434584
0.568986       0.0454343
0.518884       0.0478995
0.471034       0.0540337
0.454046       0.0557507
0.436591       0.059266
0.420751       0.0640187
0.408265       0.0690864
0.403315       0.0711278
0.394785       0.0762472
0.388079       0.0800754
0.382124       0.0856668
0.378294       0.0889188
0.373509       0.0927799
0.368822       0.0979503
0.364238       0.104073
0.361779       0.10949
0.359563       0.112687
0.357083       0.119089
0.353968       0.123506
0.350086       0.134041
0.347532       0.142924
0.346538       0.147364
0.345214       0.157645
0.343845       0.161637
0.343356       0.167291
0.340998       0.178752
0.340981       0.178743
0.339154       0.192683
0.339088       0.210654
0.336783       0.218718
0.336461       0.226024
0.335974       0.235736
0.335614       0.244622
0.335153       0.254799
0.334548       0.269354
0.334256       0.279754
0.333768       0.298329
0.333685       0.309821
0.333182       0.325684
0.332917       0.335236
0.332547       0.350002
0.332445       0.355094
0.332135       0.373324
0.331556       0.393744
0.331221       0.399281
0.33054       0.420005
0.329531       0.443373
0.32754       0.48128
0.326927       0.491578
0.325862       0.512973
0.324193       0.531745
0.321813       0.560439
0.320775       0.587086
0.317333       0.604127
0.313806       0.629511
0.311838       0.649718
0.308176       0.670035
0.303643       0.69359
0.298352       0.722848
0.29439       0.747582
0.288886       0.770677
0.279163       0.785615
0.270212       0.816105
0.268374       0.832348
0.258388       0.840168
0.24699       0.868807
0.238878       0.879312
0.222015       0.904995
0.210089       0.919411
0.203933       0.929457
0.194471       0.939728
0.178216       0.949678
0.167553       0.957471
0.156483       0.963838
0.144654       0.970087
0.131664       0.975095
0.121202       0.97922
0.110492       0.982786
0.0984216       0.987037
0.0860582       0.989763
0.0721916       0.992286
0.0623413       0.993457
0.0528323       0.994798
0.0409453       0.996215
0.0306171       0.997435
0.0193511       0.998445
0.0092494       0.999278
1.78039e-011       1.11113
