1.48971       1.78903e-005
1.4533       0.000508161
1.41902       0.0272755
1.41767       0.0386741
1.43904       0.0114349
1.39942       0.0621878
1.39425       0.0864622
1.34826       0.13045
1.26258       0.0764108
1.33737       0.14783
1.16232       0.212838
1.30898       0.212049
1.23256       0.252918
1.17204       0.282127
0.978112       0.270563
1.0205       0.282169
1.05272       0.293878
0.919357       0.313989
0.92852       0.302909
0.863673       0.316137
0.893786       0.329966
0.834286       0.337566
0.801388       0.358447
0.796925       0.36394
0.765361       0.393814
0.770405       0.416423
0.714495       0.434651
0.683477       0.428306
0.762265       0.432146
0.641218       0.486326
0.62408       0.503946
0.625562       0.489406
0.61516       0.589515
0.610756       0.578523
0.608273       0.611724
0.604648       0.610667
0.597148       0.601677
0.587472       0.644569
0.602433       0.656011
0.604619       0.622484
0.540735       0.782469
0.476192       0.762583
0.491479       0.770933
0.44298       0.788043
0.346369       0.782634
0.443417       0.819437
0.412606       0.846172
0.321768       0.850352
0.302402       0.841746
0.317678       0.884268
0.336559       0.821097
0.332393       0.845401
0.309881       0.888915
0.229763       0.946966
0.241248       0.908559
0.205388       0.964898
0.242703       0.989567
0.223749       0.971092
0.160471       0.985458
0.131176       1.07833
0.175402       1.17845
0.0942031       1.13621
0.128842       1.05914
0.113846       1.13327
0.10475       1.26342
0.0931295       1.3247
0.0316715       1.33652
0.0506966       1.32403
0.00610198       1.35575
0.000908332       1.4009
3.88675e-006       1.42064
