14.3018       14.3018       0.000632115
4.96924       5.0171       0.40696
4.89436       4.94936       0.369554
5.10826       4.03349       1.20174
5.14276       3.93234       1.51102
5.09359       3.90307       1.87222
5.55165       2.80082       2.8134
5.18134       2.42203       3.14896
5.32999       2.52325       3.45892
5.3481       1.1654       4.30834
5.19711       1.07105       4.20708
5.16481       1.00436       4.3392
5.31842       0.204535       6.14169
3.31071       0.00132266       15.5742
4.90683       4.95492       0.327914
5.08092       4.82192       0.901206
5.10131       3.97871       1.49608
5.13773       4.00455       1.65266
5.12739       2.71237       2.73968
5.15742       1.00293       4.33299
5.19537       0.908317       5.00403
5.22402       0.214306       6.06317
1.1514e-008       8.33777e-009       30.4976
4.82615       4.95437       0.731799
4.90551       4.93967       0.878127
5.05327       4.00782       1.3226
5.13773       2.65291       2.57986
5.30963       2.36117       4.04434
2.818       0.851471       8.97592
4.21362       5.33311       1.17535
4.08053       5.13471       1.38803
4.21644       4.92563       1.46792
5.23392       3.94588       2.41393
5.28357       2.67711       2.86381
5.18161       0.905911       4.99078
4.04551       1.04664       6.54083
6.82864e-008       1.85298e-008       27.5563
4.09634       5.24849       1.29499
4.09292       4.79024       1.87943
3.9603       5.21862       2.03866
3.92929       5.06657       1.92266
4.27863       3.78434       4.81269
4.63351       2.42652       6.15154
2.62169       2.28287       7.19932
0.168667       1.39013       10.949
5.01323e-007       2.10586e-005       26.9894
3.88992       5.17367       2.63789
2.7233       5.49467       2.80719
2.60864       5.4708       3.18831
2.43225       4.33881       4.88683
0.141006       1.30329       10.3519
0.00595708       9.61104e-007       26.2955
2.76665       5.27304       2.83873
2.64376       5.46173       2.95674
2.44246       5.27066       3.93224
1.27665       3.555       9.24491
2.72002       5.52937       2.8636
2.56713       5.38552       3.39055
2.50171       5.56727       4.16391
1.16557       5.60389       4.58605
0.902355       4.20665       8.69738
0.0805683       0.897956       11.6388
2.56006       5.4495       3.43367
1.18459       5.53731       4.46863
1.18611       5.55919       4.55483
1.22558       5.05421       6.30107
0.250572       2.34468       10.8438
1.93645e-007       2.93642e-008       26.4881
1.18719       5.68857       4.78516
1.03325       3.50809       10.6429
1.32243e-006       3.53885e-005       27.1182
0.163065       5.6937       5.87607
0.254559       4.0768       9.56718
2.18783e-006       7.90296e-006       26.8205
1.02993       5.59977       5.30318
0.124002       5.96459       5.93072
7.48308e-005       6.52309       13.0388
