1.88456       1.88456       1.301e-007
1.24121       1.22125       0.0961483
1.21141       1.15626       0.09634
1.19621       1.09708       0.317661
1.22196       0.91415       0.464464
1.20414       0.90203       0.489302
1.27058       0.79432       0.74707
1.37685       0.417115       1.02548
1.33017       0.428322       1.00203
1.25749       0.332992       1.15456
1.45457       0.0440057       1.55878
1.33551       0.044709       1.63554
0.556993       6.09633e-005       4.8685
1.14401       1.16385       0.107555
1.17952       1.14272       0.121121
1.19557       1.0912       0.36253
1.27056       0.909065       0.43591
1.37197       0.889735       0.600657
1.31458       0.423301       0.990284
1.30115       0.35386       1.17086
1.00533       0.0503528       1.8549
2.24636e-018       2.2109e-014       8.27838
1.14546       1.14727       0.135825
1.17778       1.24722       0.206439
1.36126       0.876695       0.663979
1.27902       0.82593       0.647406
1.29901       0.399931       0.916378
1.3384       0.0684359       1.4385
0.950043       0.0520832       1.85407
3.02957e-018       2.68967e-014       7.8518
1.17314       1.2496       0.261606
1.17855       1.08281       0.419895
1.26053       0.821984       0.603509
1.34256       0.432354       0.969241
1.25005       0.438294       1.237
0.834497       0.0622126       2.01505
8.8151e-019       1.23851e-014       8.5861
0.823753       1.18668       0.432244
0.915049       1.34361       0.453688
0.834878       1.21967       0.473442
1.02002       1.06043       0.911509
0.873296       0.815672       0.92182
1.14036       0.527152       1.44631
0.105175       0.0472866       3.1954
0.854476       1.26972       0.527388
0.776202       1.19561       0.593681
0.762264       1.18617       0.626546
0.864258       1.14075       0.922172
0.404192       0.595903       2.45825
1.3093e-020       0.00125197       7.9267
0.862185       1.28454       0.576674
0.850839       1.30535       0.831915
0.748993       1.11721       0.651644
0.459939       1.11361       1.65964
0.586731       1.00028       1.98209
0.101282       0.548585       3.03048
1.73555e-020       1.63613e-006       7.50993
0.482047       1.40477       1.058
0.469878       1.42294       1.03284
0.459749       1.38562       1.38046
4.07114e-021       8.05755e-007       8.12591
0.467681       1.41628       1.02801
0.402162       1.10856       1.72906
0.161479       0.709547       3.46536
1.87257e-019       2.2128e-006       6.71255
0.451794       1.36164       1.35658
0.359434       1.40475       1.40606
0.111851       0.0423293       3.30007
0.389553       1.41408       1.16084
0.364142       1.46388       1.60785
0.0920739       1.32955       2.52345
2.35133e-021       0.00241793       7.42339
0.0775674       1.60751       1.71061
3.31128e-023       1.73493e-005       8.76759
0.0772639       1.60122       1.70391
0.000173312       2.42666       5.26746
