1.93642       1.9364       0.006751
1.15169       1.15474       0.0646272
1.11988       1.10562       0.202644
1.07717       1.06808       0.23411
1.11949       0.954504       0.411185
1.10605       0.750602       0.463148
1.08061       0.611293       0.537943
1.14477       0.560623       0.590231
1.12086       0.478175       0.66929
1.08445       0.330854       0.909038
1.16503       0.31883       1.05039
1.21459       0.252561       1.33103
1.11783       0.121066       1.71507
0.361553       2.46346e-006       3.80177
1.14603       1.14666       0.0440245
1.09737       1.10056       0.165161
1.07464       1.06145       0.221067
1.14198       0.830744       0.458276
1.1295       0.751172       0.489702
1.11549       0.405491       0.778892
1.09134       0.33612       0.945176
1.13323       0.200062       1.38358
1.14189       0.13518       1.65241
5.33923e-033       5.33923e-033       5.69609
1.11028       1.1183       0.106153
1.08398       1.00975       0.375431
1.12821       0.821156       0.465101
1.08273       0.613331       0.554333
1.10497       0.491519       0.659181
0.902337       0.169109       1.7025
5.01888e-033       7.57389e-006       5.35428
1.0672       1.0574       0.244208
1.05828       1.17455       0.365179
0.997099       1.07065       0.474637
1.084       0.447399       0.749075
1.08418       0.406905       0.884403
0.995787       0.356474       1.34405
0.583901       0.263217       1.75112
5.23275e-033       5.23275e-033       5.58249
0.941572       1.14549       0.421975
0.856738       1.14594       0.434782
0.882312       1.20382       0.575843
0.96199       0.688932       0.76671
0.838802       0.682047       0.847948
0.791804       0.481501       1.1438
0.573399       0.34843       1.49501
0.710015       1.12757       0.501518
0.711195       1.31105       0.607949
0.662603       1.15486       0.657299
0.588577       0.878168       0.826097
0.595688       0.63077       0.900257
0.457825       0.439846       1.24219
0.329192       0.341063       1.85143
5.10514e-033       5.10514e-033       5.44635
0.706387       1.14056       0.608123
0.6277       1.23626       0.611751
0.522867       1.1546       0.676075
0.545391       1.14993       0.696139
0.553799       0.569207       1.0777
6.4831e-033       6.4831e-033       6.91641
0.567472       1.18093       0.648542
0.449671       1.18775       0.827525
0.443539       1.05447       0.986576
0.387094       0.577761       1.54634
0.293758       0.365066       2.13921
0.401839       1.10866       0.895184
0.320856       1.12802       1.05879
0.313035       0.92893       1.49596
0.266595       0.421182       2.26097
3.42428e-006       6.64569e-033       7.08986
0.293823       1.27834       1.3151
0.254945       0.774007       1.79808
0.341045       1.12352       1.09696
0.250254       1.13821       1.40206
0.211553       1.06078       1.4708
0.182877       1.13974       1.76344
0.10667       0.996217       2.18714
7.09372e-033       7.09372e-033       7.56785
4.80445e-033       0.39785       3.59919
