6.11798       5.06137e-007
4.17672       0.0396942
4.17077       0.0410014
4.13317       0.123512
4.12309       0.125859
4.11702       0.198921
4.05674       0.228666
4.04513       0.266682
4.03573       0.281421
3.9752       0.396578
3.94408       0.428974
3.86046       0.478271
3.79681       0.5199
3.77505       0.552134
3.7203       0.603215
3.61665       0.6152
3.51737       0.679379
3.46944       0.708097
3.34132       0.75204
3.29612       0.780728
3.28998       0.782853
3.19289       0.833724
3.12123       0.898918
3.06483       0.924217
3.03127       0.972906
2.97047       1.03184
2.9423       1.12339
2.90137       1.20293
2.85144       1.25165
2.84301       1.33247
2.81433       1.42591
2.76902       1.50389
2.74137       1.63881
2.68919       1.67986
2.64669       1.71656
2.63414       1.79001
2.55758       1.83321
2.55249       1.86024
2.50736       1.896
2.47714       1.9682
2.36598       1.99972
2.29103       2.01448
2.16108       2.07847
2.11636       2.11412
2.07902       2.11845
2.00479       2.14082
1.96737       2.17026
1.91756       2.20205
1.85924       2.22054
1.81981       2.26925
1.77319       2.31561
1.71852       2.32541
1.68445       2.38985
1.64286       2.4206
1.62804       2.43855
1.57069       2.55575
1.54875       2.58238
1.49043       2.6479
1.4383       2.72984
1.40782       2.82644
1.3708       2.89231
1.34262       2.93943
1.31823       2.98334
1.26419       3.06333
1.24487       3.10383
1.18972       3.18766
1.12222       3.25085
1.09754       3.26821
1.04464       3.32048
0.949691       3.38334
0.903289       3.42285
0.848366       3.44104
0.775958       3.42786
0.748257       3.45683
0.723843       3.47569
0.614749       3.50129
0.525294       3.54334
0.481854       3.60156
0.439411       3.62667
0.386795       3.63187
0.345737       3.65015
0.299253       3.6842
0.270011       3.7324
0.204516       3.78793
0.145618       3.88754
0.102671       3.92883
0.0668844       4.02895
0.0190476       4.12072
0.000205092       4.23511
