0.706949       0.707265       1.01243e-012
1       0.000571696       1.72197e-012
1       0.000375987       2.58296e-012
1       0.000224283       1.42575e-012
1       0.00021398       1.40325e-012
1       7.65321e-005       2.13863e-012
1       7.45523e-005       1.40325e-012
1.00005       3.32592e-005       6.20131e-013
1       4.23231e-006       1.40325e-012
0.776867       4.87999e-021       0.79321
0.00111609       0.999999       2.24492e-014
0.706502       0.707711       1.52512e-021
0.898159       0.439692       8.55247e-020
0.949246       0.314621       3.06854e-015
0.970824       0.239918       1.52516e-021
0.980615       0.196114       1.15192e-019
0.987393       0.158603       8.8122e-020
0.990201       0.139799       1.28481e-019
0.986764       3.17849e-021       0.193494
0.924153       0.0656989       0.462325
0.766874       0.0608214       0.785466
1.92502e-018       3.89226e-016       6.35662
0.000620231       1       1.62671e-013
0.438555       0.898704       8.82962e-022
0.832068       0.554674       2.78062e-021
0.89456       0.446964       5.23534e-021
0.930709       0.367794       2.1912e-020
0.965976       0.25912       4.84817e-020
0.849723       3.84564e-021       0.527651
0.737074       0.0691825       0.725303
0.487075       0.0651204       0.943391
0.000428588       1       6.64031e-015
0.316199       0.948701       1.49632e-021
0.553562       0.832808       1.95711e-021
0.800241       0.599727       4.06303e-020
0.858316       0.513198       2.80356e-020
0.900619       0.179907       0.651064
0.69619       0.301955       0.671124
0.569356       0.142526       0.837523
0.375912       0.0533534       1.11077
2.38335e-032       3.89231e-016       6.35662
0.000313255       1       1.417e-014
0.238515       0.971139       2.06119e-014
0.441439       0.897949       7.40128e-016
0.599676       0.800243       2.78062e-021
0.624604       0.124396       0.79279
0.380415       0.0891965       1.07309
2.38335e-032       3.89231e-016       6.35662
0.00024429       1       1.46439e-015
0.196226       0.980616       1.27168e-022
0.371275       0.928531       9.3448e-022
0.514256       0.857637       2.91911e-014
0.481047       0.586194       0.659485
0.425082       0.306675       0.865428
0.2728       0.26395       0.97766
0.318828       0.217865       1.06052
3.12095e-017       3.87977e-016       6.35662
0.000204022       1       1.417e-014
0.159927       0.987129       1.42294e-014
0.295671       0.743806       0.600024
0.325606       0.588191       0.808961
0.0782058       0.344546       0.951781
0.000177121       1       1.46439e-015
0.134951       0.990852       7.36664e-015
5.61001e-017       0.916184       0.440312
0.267399       0.695684       0.695714
0.13242       0.433438       0.919044
0.202582       0.309912       1.13681
2.38335e-032       3.89231e-016       6.35662
0.000155407       1       6.13673e-015
0.117256       0.993102       2.57984e-022
0.060155       0.835589       0.549908
0.18305       0.549832       0.845969
0.115693       0.337772       0.961817
0.000144228       1       7.35928e-014
0.108126       0.994137       3.59061e-015
0.11554       0.736294       0.695714
0.124902       0.385603       0.94082
5.8215e-020       3.89231e-016       6.35662
0.000125971       1       7.36664e-015
5.61553e-017       0.917085       0.440745
0.0110584       0.367952       0.933828
0.00011378       1       5.46483e-014
0.0365612       0.744407       0.695714
1.42507e-019       3.89231e-016       6.35662
9.75257e-005       1       5.34736e-014
1.47098e-019       3.89231e-016       6.35662
4.62532e-017       0.755371       0.711472
