1.3315       1.33175       5.25365e-007
1.82371       0.606568       0.0396414
1.82698       0.530631       0.100833
1.81444       0.422118       0.123668
1.84803       0.416952       0.152583
1.81763       0.400462       0.250911
1.81698       0.339384       0.301269
1.81953       0.251488       0.308913
1.82554       0.207946       0.355453
1.82348       0.20453       0.375365
1.81263       0.128994       0.503122
1.81417       0.0673166       0.506738
1.81197       0.0267188       0.518949
1.33528       2.88928e-006       1.33519
0.843336       2.0458       0.0031988
1.32848       1.32854       0.00077322
1.78385       0.468931       0.168203
1.79589       0.446637       0.151855
1.82057       0.389179       0.279047
1.8182       0.297473       0.303787
1.81861       0.232401       0.316366
1.8136       0.202281       0.391777
1.80959       0.0191827       0.524738
1.77652       0.00114715       0.76945
1.11743       0.00128531       1.30992
0.843336       0.0119307       1.89338
0.843336       2.0426       0.0790151
0.890449       1.75942       0.06789
1.21821       1.27009       0.192422
1.03201       0.928572       0.343407
1.69753       0.829957       0.282183
1.76341       0.441361       0.569089
1.73194       0.549038       0.588687
1.32819       0.461169       0.748757
1.22935       0.387404       1.08902
1.10308       0.130216       1.15345
0.876291       0.0764786       1.64612
0.843336       0.0255808       1.84224
0.843336       2.04588       0.000361053
0.885606       1.29431       0.321675
0.973488       0.958399       0.339094
1.07425       0.885204       0.596868
1.09916       0.606069       0.681763
0.993556       0.508547       0.766647
1.07652       0.455877       0.931613
0.908083       0.308718       1.34859
0.843336       0.0102059       1.90322
0.843336       1.39356       0.467975
0.885199       1.19283       0.438082
0.914943       0.701591       0.761382
0.90276       0.723268       0.784907
0.888866       0.591205       0.926032
0.843656       0.417678       1.70243
0.843336       0.0183207       1.8652
0.843336       1.39356       0.467975
0.843336       0.848274       1.0397
0.843336       0.756329       1.08529
0.843336       0.674508       1.48755
0.843336       0.00226888       1.9843
0.843336       1.56976       0.350017
0.843336       1.06988       1.02136
0.843336       0.966321       1.02497
0.843336       0.674508       1.48755
0.843336       0.674508       1.48755
0.843336       1.93213       0.305268
0.843336       1.30822       0.940739
0.843336       1.08793       1.0205
0.843336       1.30822       0.940739
