1.57381       0.476756       0.151544
1.57632       0.477516       0.151785
1.55604       0.45412       0.195993
1.56307       0.440296       0.230464
1.63109       0.403361       0.325737
1.5497       0.302975       0.388554
1.54472       0.237906       0.429538
1.53773       0.169591       0.464862
1.58062       0.152802       0.479746
1.5262       0.149511       0.465713
1.54689       0.150538       0.470768
1.539       0.464612       0.153123
1.54112       0.443037       0.209025
1.54476       0.323574       0.369491
1.58083       0.287027       0.412446
1.54353       0.222181       0.444236
1.52746       0.150901       0.469894
1.56111       0.150351       0.472901
1.38944       0.787186       0.250244
1.35806       0.82972       0.263765
1.31406       0.871084       0.276886
1.41602       0.683579       0.375709
1.4854       0.466582       0.386909
1.45568       0.227079       0.66145
1.3166       0.293838       0.855913
1.31912       0.287827       0.89631
1.36332       0.2604       0.818995
1.3992       0.25249       0.78987
1.12963       1.07342       0.341216
1.09846       1.12722       0.358304
0.990357       1.20845       0.384125
1.11046       1.10735       0.352215
1.24015       0.91627       0.498203
1.30496       0.749081       0.768452
1.27557       0.485006       0.912949
1.08737       0.435695       1.11026
1.01073       0.379656       1.18828
1.10049       0.36343       1.13957
1.17888       0.328434       1.03046
0.89914       1.27067       0.405433
0.817019       1.32102       0.419906
0.755324       1.34436       0.427423
0.908488       1.20707       0.607158
0.996784       1.0533       0.699518
1.03804       0.665493       1.02981
0.886423       0.581491       1.21017
0.739221       0.430787       1.35048
0.826831       0.411813       1.2945
0.898169       0.40505       1.27093
0.682452       1.37078       0.43576
0.584404       1.41061       0.450236
0.538637       1.4199       0.467897
0.6576       1.27392       0.689988
0.7321       0.994165       1.00498
0.747341       0.729365       1.2091
0.563581       0.47011       1.41871
0.600802       0.450445       1.40598
0.680266       0.436162       1.372
0.48313       1.4422       0.462177
0.490153       1.43039       0.488851
0.481879       1.40945       0.554727
0.495313       1.25036       0.846525
0.482285       0.906316       1.21136
0.480985       0.564579       1.40391
0.480985       0.472766       1.43743
0.525116       0.454118       1.42857
0.481725       1.44145       0.464208
0.481754       1.44252       0.462586
0.481905       1.11253       1.02553
0.480985       0.652714       1.36517
0.480985       0.519632       1.42116
0.481561       1.17296       0.958737
0.481056       0.826099       1.26779
0.481287       1.10752       1.03151
