2.51225       2.51299       9.9135e-007
4.39719       0.828701       0.0541586
4.40292       0.724564       0.137685
4.40244       0.57965       0.170719
4.38455       0.554318       0.247216
4.37671       0.552762       0.258122
4.3906       0.469767       0.411851
4.3904       0.34386       0.422379
4.45268       0.296632       0.466144
4.15884       0.279857       0.561097
4.37796       0.128415       0.690698
4.39192       0.054405       0.70612
2.51688       5.44601e-006       2.51669
0.639239       4.17477       8.8881e-017
3.35862       1.60379       0.277306
3.37134       1.11467       0.236587
3.49642       0.70659       0.308062
3.49646       0.704451       0.35933
3.71984       0.408359       0.445447
3.46143       0.460695       0.678638
3.44069       0.40903       0.694604
3.38061       0.267668       1.08673
3.33542       0.248332       1.65734
1.85951       0.193462       2.23711
0.639239       0.00164103       4.12164
0.639239       4.17477       2.18833e-017
1.67455       3.30617       2.2874e-015
1.79581       2.01227       0.50477
2.23036       1.73538       0.6466
3.13342       1.61764       0.900784
3.32024       0.997952       1.01296
3.10669       0.992283       1.22729
2.50401       0.857066       1.49443
2.83424       0.50989       2.07015
1.62311       0.291114       3.2286
0.639239       0.00164103       4.12164
1.30729       4.10969       0.175386
1.73466       2.12331       0.496605
1.91115       1.75426       0.700117
2.16334       1.03926       1.29333
2.08545       0.998362       1.32303
1.96702       0.870167       1.87891
1.68008       0.69027       2.6822
0.641017       0.318191       3.52889
0.639239       4.17477       2.59874e-017
0.639239       4.08126       0.499885
0.714514       2.94519       0.844807
1.76267       1.70641       1.35639
1.77933       0.973524       1.57882
1.67722       1.09814       2.22218
1.61758       0.555931       3.20588
0.676132       0.290186       3.56937
0.639239       4.15602       0.277943
0.639569       4.03647       0.558144
0.851344       2.86945       0.898731
1.63052       2.5683       1.10367
1.59607       1.89192       2.00143
0.821401       1.43615       2.41503
0.678666       1.07878       3.44711
0.639239       0.0234106       3.86865
0.639239       4.17355       0.040416
0.640027       3.98078       0.604932
0.639239       2.85709       0.925886
0.639239       2.67767       1.90894
0.640317       1.60452       2.17579
0.639412       1.15661       3.40859
0.639239       0.0555174       3.75039
0.639239       4.33047e-007       4.17476
0.639239       3.40254       0.698261
0.639539       2.79905       1.14518
0.639239       2.08891       2.08734
0.639239       1.39179       2.77648
0.639239       5.78287e-007       4.17475
0.639239       4.17477       2.96056e-017
0.639239       4.17477       2.46785e-017
0.640317       2.74524       1.78133
0.639239       1.56613       2.19581
0.639239       4.31382e-007       4.17476
0.639239       7.15239e-007       4.17475
0.639239       4.16331       0.219012
0.639239       2.80174       1.11498
0.639239       1.39712       2.64112
0.639239       4.17477       2.27704e-017
0.639239       4.17389       0.0293044
