1.86673       2.82981       1.73276e-016
1.48567       9.30962e-007       0.000158252
1.36146       6.81646e-008       8.5546e-005
1.3243       3.65889e-009       7.27895e-005
5.75253       1.18857e-006       1.82543e-005
4.75075       0.00015548       0.000731484
4.94863       0.000240165       0.000780315
5.51242       0.000174594       0.000849974
4.61645       0.000359594       0.0015071
4.77384       7.49724e-005       0.000351466
5.77265       6.97335e-005       0.000376809
0.308059       2.64415       0.00274205
1.55244       2.77127e-005       0.00145668
1.52079       2.38742e-005       0.00306646
1.93444       0.152106       0.166055
1.78174       0.104466       0.226418
1.95419       0.253407       0.163526
1.62492       0.102284       0.20679
1.91734       0.23369       0.148794
2.06768       0.121285       0.210496
1.95079       0.092937       0.637397
0.0528611       0.130962       1.99652
0.417076       3.57988       0.00371243
0.865517       2.43044       0.139373
1.28437       1.29534       0.236496
1.83577       0.0373581       0.0755279
1.89121       0.00719255       0.035989
1.28454       0.551622       0.975051
1.55649       0.180113       1.20319
1.72403       0.370104       1.07657
0.0569742       0.0280288       2.34366
0.0383281       4.15009       0.0105927
0.926044       1.80274       0.329136
1.4558       0.8126       0.647867
0.9095       0.214296       1.34091
0.0706956       0.472148       1.79701
0.0528231       0.219875       1.83828
0.0457279       0.0178738       2.02125
0.0486276       5.26529       0.011394
0.612519       2.77592       0.163613
0.25613       2.19205       0.392185
1.16458       1.55567       0.444557
1.18152       0.813563       1.02265
1.08035       0.208413       1.1636
1.12517       0.485895       1.57992
0.00373613       0.00551054       6.73209
0.555639       2.96967       0.381404
0.48816       1.98929       0.614004
0.541381       0.940604       0.960155
0.70385       0.94331       1.80465
0.727991       0.0580787       1.36224
0.320311       0.332814       2.08251
0.00435599       0.0251543       4.41543
0.0338061       5.29872       0.00137859
0.478158       3.20313       0.214535
0.8062       1.84061       1.1532
0.457773       0.237558       1.47191
0.0510668       0.420048       1.93688
0.0593754       0.23737       2.06745
0.221863       0.162985       3.11045
0.0940151       4.96732       0.00184336
0.606153       1.87706       1.0935
0.446678       1.70592       1.67613
0.101739       0.79342       1.43111
0.0184152       5.97877       0.0057699
0.367228       2.57111       0.708029
0.00385596       0.00152505       6.94802
0.0112562       6.12424       0.00232205
0.0338354       2.30908       1.03167
0.401883       1.08079       1.91908
0.00598912       0.860142       2.12858
0.0330814       5.18513       0.00723199
5.45936e-005       0.112982       5.79745
0.161387       1.13267       1.78317
0.0242469       0.620921       5.65884
0.000403835       0.189944       5.46189
