178.778       0.0175849
11.9416       0.112459
7.92519       0.146986
6.2837       0.168866
5.76149       0.181619
5.22626       0.200378
4.70403       0.225186
4.17446       0.243058
4.11138       0.248745
3.82692       0.263607
3.71923       0.279201
3.57116       0.28103
3.43852       0.300639
3.29456       0.307171
3.17613       0.315583
3.08253       0.325305
2.99374       0.334905
2.91352       0.344447
2.84663       0.351948
2.78855       0.360187
2.72253       0.369033
2.70393       0.370811
2.70533       0.370929
2.70197       0.370616
2.70303       0.370786
2.70188       0.370564
2.70223       0.370596
2.70298       0.37072
2.7025       0.370709
2.70206       0.370579
2.70193       0.370589
2.70268       0.370675
2.70149       0.370381
2.70299       0.370705
2.70292       0.370765
2.70276       0.370688
2.70305       0.370732
2.70337       0.370831
2.70385       0.370754
2.70307       0.37068
2.70249       0.37063
2.70341       0.370721
2.70324       0.370666
2.70277       0.370745
2.70327       0.370702
2.70248       0.370532
2.70352       0.370649
2.7039       0.370642
2.70258       0.370656
2.70165       0.370473
2.70232       0.370675
2.70357       0.370613
2.70363       0.370603
2.7042       0.370694
2.70249       0.370698
2.70409       0.370594
2.7037       0.37069
2.70312       0.370546
2.70242       0.370691
2.70298       0.370765
2.70298       0.370513
2.70329       0.370744
2.70406       0.370608
2.70285       0.37075
2.70289       0.370413
2.70326       0.370737
2.70235       0.370554
2.70324       0.370551
2.70256       0.370712
