11.584       11.584       2.06212e-005
4.96036       4.9451       0.341081
4.91686       4.84054       0.44117
5.08227       4.09585       1.17747
5.10115       3.98404       1.50488
5.28816       4.02634       1.67039
5.42799       2.65543       2.84288
5.3653       2.59662       2.89678
5.35947       2.59376       2.88408
5.40878       1.31415       4.98525
5.35032       1.08453       4.55605
5.42566       0.148508       5.32186
8.93496       0.000641712       18.3373
4.90524       5.09655       0.349242
4.9154       4.83707       0.44027
4.92018       4.82924       0.813633
5.15265       4.0537       1.14336
5.33035       2.69702       2.66034
5.33403       2.69898       2.68257
5.36314       2.59554       2.88605
5.21041       1.15995       4.91283
5.41815       0.995853       4.94105
5.40579       0.143662       5.28657
0.0148997       1.15361e-006       26.146
4.87199       5.09105       0.495939
4.75355       5.02305       0.836594
4.85678       4.87714       0.769871
5.2374       4.02167       1.9984
5.403       2.56957       3.0876
4.30974       2.49185       4.1608
5.324       1.29353       4.89404
2.99367       0.898888       9.07269
4.2092       5.42615       1.37942
4.11715       5.04517       1.23684
4.05541       5.25856       1.43343
4.85681       4.87717       0.769876
5.3549       2.86846       2.96351
5.37842       2.67625       2.71954
4.13875       1.40366       6.92534
3.32394       1.04802       9.44736
0.00375228       0.000548673       27.2389
3.94805       5.07145       1.60011
4.03364       5.05164       1.26803
4.21714       4.16911       2.56707
4.40624       2.46492       4.6666
3.79453       2.49139       5.58141
2.79599       1.14327       7.51026
0.178477       1.46533       11.5341
4.6517e-005       0.00202709       26.5652
4.02337       4.94313       2.48113
2.77631       5.37469       2.72516
2.69154       5.18322       2.78034
2.8341       4.42066       4.46926
2.89136       3.12593       6.1507
2.56836       5.2992       2.887
2.54552       5.32374       3.24737
2.67016       5.24053       2.84369
2.73189       2.79008       5.48083
2.44216       5.25304       4.09595
0.0992526       5.25839       5.35442
2.29492       4.54494       5.96018
2.93647e-005       0.000151345       25.445
2.34874       5.34584       4.3202
1.34699       5.28581       5.41324
1.05317       4.84874       6.87428
0.949757       5.26493       5.13386
0.122532       3.2327       9.50154
2.7228e-008       0.00158547       25.9357
0.0950744       5.11415       5.22894
0.20419       5.53548       6.05162
0.120624       4.35124       8.21648
7.15186e-005       0.00103404       26.547
0.199115       5.39628       5.89648
0.0984749       5.21715       5.32381
5.9469e-005       0.00053189       25.9074
0.206252       5.59163       6.09142
0.000130267       5.34491       10.7312
