4.13972       4.14135       1.63372e-006
8.30058       0.387059       0.0252957
8.31208       0.340652       0.0641642
8.34899       0.270759       0.0815806
8.37686       0.263046       0.10637
8.30165       0.258998       0.135393
8.26454       0.209073       0.192852
8.26445       0.159178       0.197021
8.26601       0.132385       0.224308
8.52792       0.0701993       0.435157
8.56402       0.0186776       0.529672
4.14073       2.44723e-005       4.1399
0.0182589       7.85123       2.62832e-014
4.12986       4.10313       0.329253
5.50201       2.5548       0.44174
5.53023       1.62256       0.542794
5.59732       1.35947       0.402308
5.73346       1.20202       0.801468
5.65712       0.94983       0.928277
5.59967       0.71161       1.05093
5.55605       0.223253       1.83152
3.59794       0.28649       3.58392
0.0182601       2.76943e-006       7.85167
0.0182589       7.85123       6.68843e-013
2.76536       5.35546       0.547303
3.44221       3.0858       0.768031
4.2441       2.82855       0.90455
5.16984       2.63244       1.49905
5.45667       1.50337       1.75901
4.44976       1.77557       2.10147
4.90465       1.38767       2.39019
4.24956       1.21967       3.34585
2.64089       0.434151       5.45479
0.0182615       5.68179e-006       7.85215
0.0182589       7.85123       2.61198e-013
2.14374       6.78938       0.535463
2.76254       3.89531       0.911042
2.95628       3.01978       1.28968
3.51517       2.79945       1.19558
3.56259       1.80068       2.10688
3.06042       1.58646       2.34292
3.32493       1.37951       3.25431
2.80872       0.552496       4.05519
1.24229       0.613743       5.80415
0.0182589       7.85123       6.09389e-013
1.36229       6.75662       0.758838
2.23395       4.73803       1.35316
2.79376       3.33046       1.68087
2.86583       2.00047       2.33822
2.80429       2.19163       2.58694
2.76889       1.81469       3.50198
2.67222       1.52666       5.25457
0.0182598       3.64128e-005       7.85035
1.4619       4.77777       1.50751
2.69349       4.21301       2.31775
2.69473       2.78394       3.28236
2.4307       2.33557       3.97589
1.06575       1.74936       5.74147
1.02724       0.698256       5.81521
0.018259       1.8034e-005       7.85067
0.815507       6.42867       1.0716
1.39853       4.6402       1.78073
2.06387       4.2576       3.29261
1.28709       2.63836       3.60149
0.988359       2.26701       5.10015
0.967053       0.827975       5.77593
0.0182589       7.85123       7.48633e-013
0.503436       5.50332       1.19142
1.07093       4.63691       1.95114
0.867217       3.3559       3.47676
0.869448       2.3607       4.19655
0.674519       1.15527       5.7986
0.0182589       7.85123       2.4098e-012
0.578229       5.41169       1.19676
1.08584       4.5619       2.93715
0.862532       2.4989       3.7968
0.0182633       6.82424e-005       7.85082
0.347192       5.07436       1.36952
0.617405       3.49922       3.51762
0.514583       1.4676       5.83983
0.0182589       7.85123       6.77647e-012
0.29325       4.79449       1.93255
0.296247       2.38828       4.57279
0.0182622       1.18251e-007       7.85264
0.0182589       7.85123       4.06907e-012
0.0182629       3.92342       3.92657
0.0182642       0.000182661       7.84728
