0.716357       0.659355
0.41914       0.559398
0.476141       0.533398
0.582499       0.650024
0.501035       0.501548
0.683591       0.56404
0.551907       0.516116
0.774364       0.591697
0.457918       0.56283
0.396903       0.510678
0.528207       0.577597
0.463012       0.496825
0.375289       0.552053
0.459119       0.507532
0.560695       0.391549
0.489422       0.509088
0.514268       0.561983
0.525555       0.422336
0.415743       0.54576
0.372784       0.56164
0.387455       0.565038
0.506741       0.524352
0.59397       0.465739
0.331837       0.562108
0.483927       0.536825
0.589235       0.519692
0.611958       0.509942
0.598706       0.513703
0.512079       0.471201
0.640766       0.474689
0.543606       0.462419
0.536286       0.527959
0.580936       0.594443
0.528207       0.533123
0.520428       0.624061
0.503644       0.636976
0.502038       0.63799
0.40737       0.667993
0.371953       0.644122
0.302098       0.720262
0.389478       0.61231
0.302098       0.698778
0.374363       0.721489
0.31086       0.642432
0.222988       0.707198
0.256834       0.712863
0.304482       0.716117
0.285545       0.771025
0.2521       0.717678
0.244218       0.771277
0.194845       0.842825
0.186295       0.861142
0.142634       0.888556
0.205169       0.913909
0.183124       0.952414
0.113655       0.907078
0.0983642       0.900569
0.0976501       0.905405
0.110947       0.962808
0.112491       1.01343
0.074817       1.06781
0.0628694       1.10423
0.0548893       1.10413
0.0305185       1.16256
0.0138086       1.32499
0.00660465       1.35714
0.00151106       1.46723
