1.26145       0.809507
1.26145       0.809507
1.25597       0.813594
1.22726       0.834537
1.20738       0.850381
1.18157       0.871566
1.15881       0.889726
1.13476       0.907653
1.11112       0.92577
1.09236       0.946297
1.06652       0.96418
1.04363       0.982567
1.02418       1.00169
0.999901       1.02345
0.978305       1.04054
0.957714       1.05928
0.931279       1.08224
0.917635       1.09707
0.895713       1.11805
0.873935       1.13755
0.855079       1.15895
0.832942       1.17818
0.81151       1.20161
0.792591       1.22167
0.775357       1.24228
0.751581       1.26382
0.731877       1.28713
0.711588       1.30682
0.695644       1.32831
0.674275       1.34975
0.653573       1.37366
0.635695       1.39674
0.616675       1.41676
0.596347       1.44224
0.578248       1.46661
0.557792       1.48925
0.536919       1.51574
0.519431       1.54077
0.498521       1.56462
0.477587       1.5918
0.461144       1.61484
0.44321       1.64035
0.421751       1.67305
0.402182       1.69888
0.382609       1.72521
0.363528       1.76021
0.340201       1.7896
0.323714       1.81783
0.303994       1.84563
0.283727       1.8776
0.260308       1.91914
0.242272       1.94354
0.221443       1.9794
0.200161       2.01784
0.179872       2.05488
0.154903       2.10228
0.137772       2.13603
0.115599       2.18156
0.0924714       2.23227
0.0827052       2.25434
