1.0824       2.56061e-005
1.01097       0.00623288
1.0025       0.01962
0.989395       0.031199
0.982853       0.0309927
0.960869       0.0587783
0.953123       0.0692887
0.939416       0.0792914
0.931017       0.0892854
0.926107       0.101628
0.908785       0.113975
0.901881       0.122307
0.89649       0.128416
0.890285       0.139104
0.879776       0.147761
0.871508       0.16703
0.866881       0.169322
0.850455       0.181859
0.840004       0.196625
0.82889       0.206557
0.823608       0.211359
0.805601       0.231656
0.80032       0.24087
0.789872       0.25415
0.778846       0.257947
0.768147       0.272833
0.756938       0.282893
0.749361       0.296003
0.734666       0.303203
0.726483       0.316254
0.717699       0.326976
0.70683       0.337813
0.69465       0.348033
0.69043       0.353895
0.680296       0.361911
0.664856       0.381561
0.65871       0.384492
0.644683       0.400078
0.63791       0.409865
0.621122       0.427632
0.610584       0.43163
0.606214       0.446902
0.59278       0.455054
0.581409       0.469599
0.572469       0.47993
0.559258       0.486775
0.550393       0.498197
0.541357       0.509346
0.528323       0.519914
0.515965       0.52856
0.511615       0.535552
0.496434       0.55019
0.482142       0.562332
0.474012       0.571719
0.463914       0.581809
0.45509       0.593801
0.443045       0.598766
0.432176       0.615109
0.421198       0.623659
0.41045       0.635178
0.403092       0.650951
0.388772       0.660505
0.379323       0.66495
0.37203       0.673162
0.358937       0.684486
0.347649       0.696096
0.334927       0.70601
0.3239       0.723627
0.311079       0.727878
0.307345       0.735749
0.286494       0.75044
0.279467       0.75877
0.269819       0.770192
0.261779       0.775915
0.236746       0.792772
0.225024       0.811395
0.220861       0.814736
0.20863       0.82759
0.197506       0.831416
0.18823       0.8506
0.173372       0.857402
0.164997       0.873361
0.152937       0.879677
0.143615       0.885747
0.134727       0.899027
0.124771       0.9104
0.113636       0.916719
0.102073       0.924775
0.0870292       0.933604
0.0821678       0.937963
0.0680989       0.945742
0.0571863       0.955539
0.0475172       0.964725
0.036615       0.975282
0.0212229       0.987049
0.0167219       0.993333
0.00415405       1.00478
6.11152e-011       1.05332
