0.305071       0.305071       1.21729e-053
0.992144       4.04382e-005       2.5913e-005
0.992282       4.04438e-005       2.59166e-005
0.992454       4.03628e-005       2.59943e-005
0.976885       0.000290598       0.000133736
0.99137       5.01117e-005       3.03824e-005
0.990163       5.88173e-005       3.57262e-005
0.991136       5.99753e-005       3.48753e-005
0.991582       4.59432e-005       2.85654e-005
0.991659       4.85464e-005       2.99082e-005
0.305071       4.81519e-041       0.305071
4.25026e-005       0.992003       2.85121e-005
0.403379       0.218591       5.02669e-005
0.4703       0.164563       0.000253796
0.537859       0.0214973       0.0673546
0.498985       0.0522846       0.0683401
0.447078       0.0486304       0.0750814
0.383356       0.0609683       0.0849679
0.401834       0.0499521       0.0885737
0.420158       0.043259       0.0900843
0.428479       0.04054       0.0896088
2.32309e-048       1.93931e-045       1
6.61955e-005       0.991016       3.66433e-005
0.0924138       0.424318       0.0454993
0.136835       0.290084       0.0652613
0.216615       0.193288       0.0751514
0.272661       0.135158       0.081852
0.287871       0.113872       0.0872615
0.295086       0.100117       0.105066
0.316212       0.0894076       0.0939791
0.328186       0.0795142       0.0938981
0.206997       0.000147524       0.418157
6.23789e-039       1.05431e-033       1
0.169878       0.260821       0.0662048
0.19462       0.19371       0.0822446
0.219995       0.161713       0.0914668
0.23954       0.140588       0.095929
0.255986       0.12711       0.0986232
0.266758       0.119277       0.098737
0.247456       1.08754e-005       0.367798
0.154158       0.000911314       0.475709
9.80997e-005       0.990855       4.63299e-005
0.0975039       0.38586       0.0495674
0.140569       0.275885       0.0700285
0.168721       0.224383       0.0919329
0.192932       0.192893       0.088639
0.211213       0.169369       0.0919003
0.228565       0.151009       0.0977399
0.196708       0.000151019       0.428065
0.119071       0.00323477       0.51374
0.000182308       0.990983       0.00014596
0.0824145       0.408069       0.0508128
0.123875       0.300531       0.0707539
0.151078       0.249701       0.0823637
0.175904       0.213786       0.0905675
0.16054       0.000751293       0.467801
0.108319       0.00421185       0.525385
0.000191081       0.978951       0.000172362
0.0726416       0.433826       0.0540202
0.108464       0.334753       0.0703384
0.13921       0.274908       0.0854492
0.159876       0.235182       0.0829153
0.000748587       0.174462       0.4479
0.0847094       0.00926594       0.549175
0.0673188       0.476966       0.0386022
0.0986355       0.355734       0.0657951
0.129823       0.287587       0.0737118
0.0011127       0.212584       0.425254
0.00581442       0.102981       0.523871
1.00596e-047       1.44797e-038       1
6.19265e-005       0.990338       5.50467e-005
0.0585067       0.485675       0.0428852
0.0940154       0.373814       0.0565148
0.000111787       0.241912       0.371664
0.00487366       0.121255       0.503416
5.85959e-040       1.11521e-034       1
7.56519e-005       0.991952       3.60059e-005
0.0556996       0.496167       0.0401562
2.21327e-043       0.305071       0.305071
0.00217794       0.156325       0.463694
0.0490304       0.524067       0.0376994
0.000342242       0.219787       0.398655
4.25026e-005       0.992003       2.85121e-005
7.0452e-041       1.34883e-035       1
