1       4.54533e-005
1       4.55143e-005
1       4.52753e-005
1       4.5663e-005
1       4.52236e-005
1       4.52236e-005
1       4.23962e-005
1       4.55752e-005
0.999001       0.131756
0.999031       0.13176
0.999003       0.131756
0.999003       0.131756
0.999       0.131756
0.998999       0.131756
0.99901       0.131757
0.996357       0.301778
0.9885       0.316448
0.985628       0.327644
0.980051       0.344377
0.976276       0.358575
0.969057       0.381943
0.96443       0.390154
0.952706       0.412586
0.941028       0.42631
0.926426       0.441459
0.911622       0.45467
0.890423       0.46573
0.864863       0.476576
0.843828       0.483078
0.81878       0.48826
0.79116       0.492632
0.754448       0.495851
0.731276       0.49711
0.703736       0.498622
0.670734       0.499348
0.640943       0.50032
0.625284       0.500878
0.593418       0.502242
0.579385       0.503273
0.556266       0.505203
0.537294       0.507493
0.517143       0.510678
0.502681       0.513555
0.486438       0.517399
0.469051       0.522622
0.457013       0.526851
0.443873       0.532388
0.43075       0.538994
0.419856       0.545588
0.408371       0.553537
0.39585       0.564313
0.38868       0.573026
0.379674       0.583121
0.370235       0.595953
0.363844       0.607854
0.356594       0.624049
0.349734       0.643227
0.344942       0.660755
0.341132       0.679685
0.337528       0.706916
0.335281       0.734532
0.333966       0.762386
0.332059       0.803119
0.329704       0.834084
0.325124       0.864879
0.31793       0.891381
0.308595       0.912449
0.297324       0.930024
0.285425       0.942751
0.272275       0.953543
0.256385       0.963563
0.245152       0.969041
0.231495       0.974579
0.216476       0.97981
0.202179       0.983978
0.189973       0.986158
0.176484       0.988701
0.162008       0.99094
0.149247       0.992682
0.137074       0.993934
0.124009       0.99513
0.111462       0.996094
0.0979508       0.996949
0.0874366       0.997519
0.0756478       0.99804
0.0642829       0.998471
0.0526618       0.998831
0.0419122       0.999124
0.0296604       0.999414
0.0186496       0.999652
0.0101974       0.999808
8.11847e-011       1
