5.06037       2.52733e-005
4.71273       0.0475564
4.55128       0.0932379
4.4705       0.125973
4.32977       0.170113
4.19878       0.220264
4.14366       0.264053
3.94973       0.303524
3.84043       0.339315
3.73256       0.37366
3.7157       0.404443
3.72538       0.383316
3.74186       0.387341
3.73462       0.373866
2.61845       0.668221
2.63989       0.667658
2.6247       0.67429
0.455366       0.711666
0.444586       0.711841
0.466744       0.712164
0.444244       0.711289
0.458906       0.710791
0.46614       0.711242
0.454117       0.711892
0.455505       0.711882
0.449639       0.710836
0.453078       0.711811
0.438766       0.711166
0.445317       0.711599
0.47035       0.711565
0.452442       0.711472
0.442483       0.711629
0.452419       0.711435
0.45484       0.711402
0.443566       0.711466
0.456372       0.710629
0.452495       0.711292
0.441192       0.710729
0.45476       0.710919
0.453077       0.709748
0.466839       0.710825
0.43493       0.710775
0.463617       0.710429
0.459869       0.711709
0.430241       0.712545
0.425464       0.713201
0.404652       0.715913
0.38933       0.717877
0.378856       0.721201
0.36393       0.725175
0.348728       0.73091
0.334899       0.739
0.319341       0.744716
0.205397       0.820373
0.202039       0.820342
0.207769       0.819427
0.201592       0.812286
0.201718       0.812791
0.202256       0.821224
0.195082       0.823118
0.183731       0.827654
0.174493       0.844567
0.163834       0.849296
0.150964       0.853673
0.14128       0.865454
0.13334       0.878144
0.124294       0.887022
0.110412       0.901894
0.103854       0.925433
9.74241e-005       1.06793
9.60416e-005       1.05277
6.11207e-005       1.06426
3.56079e-005       1.06918
7.89717e-005       1.06952
8.4235e-005       1.06469
