1       9.10562e-031
0.976157       0.00933079
0.951375       0.0178412
0.909838       0.0279916
0.852938       0.0359094
0.771028       0.0409434
0.663035       0.0429155
0.582132       0.044269
0.529687       0.0466131
0.495063       0.0494293
0.471366       0.0527183
0.449419       0.0560457
0.435256       0.0595455
0.423286       0.063329
0.411146       0.0678136
0.401974       0.0717074
0.395907       0.0758895
0.387864       0.0799782
0.381226       0.0849316
0.376582       0.0889673
0.372467       0.093359
0.367609       0.0987697
0.365262       0.102965
0.361291       0.109465
0.358771       0.114429
0.355361       0.120089
0.353105       0.125761
0.35131       0.130378
0.349034       0.137
0.34736       0.143402
0.346093       0.148227
0.344372       0.155162
0.343655       0.160277
0.341969       0.170205
0.340658       0.178112
0.339972       0.183871
0.339016       0.192521
0.338227       0.19937
0.337401       0.209734
0.337267       0.211759
0.336148       0.226951
0.335705       0.236837
0.335344       0.245947
0.334921       0.256386
0.334605       0.264187
0.33425       0.27724
0.33392       0.288262
0.333622       0.29988
0.333376       0.313338
0.333086       0.325956
0.332814       0.339155
0.332465       0.352781
0.33228       0.364513
0.331735       0.381058
0.33139       0.394682
0.330912       0.410513
0.330092       0.42955
0.329448       0.44457
0.328484       0.464558
0.327648       0.47969
0.326266       0.501988
0.325099       0.519378
0.323383       0.540051
0.321601       0.562345
0.319504       0.584535
0.316642       0.6057
0.313445       0.62826
0.311136       0.645691
0.306465       0.674401
0.303997       0.686453
0.298891       0.713869
0.292724       0.738044
0.286299       0.76222
0.279763       0.784413
0.27257       0.8052
0.263467       0.82849
0.254498       0.849262
0.247311       0.863043
0.236919       0.881337
0.226796       0.89702
0.21614       0.911009
0.204496       0.924462
0.193891       0.935046
0.181459       0.945801
0.168623       0.955263
0.158053       0.962209
0.145656       0.968689
0.133714       0.974208
0.121565       0.978983
0.110354       0.982736
0.0983906       0.98627
0.0860599       0.989022
0.0749869       0.991224
0.0615742       0.993464
0.0521505       0.994791
0.0418406       0.996055
0.0304339       0.997263
0.0204823       0.998216
0.00992704       0.999204
3.9629e-006       1.00005
