0.423771       0.408712       2.02814e-005
1.01673       2.59447e-009       1.05429e-007
1.00434       8.43394e-008       1.07835e-006
1.00835       8.46756e-008       1.08265e-006
1.00219       1.35806e-005       4.27336e-005
1.00397       5.61223e-005       0.000155418
1.00397       5.61223e-005       0.000155418
0.412327       5.89519e-011       0.410499
0.000292167       0.99795       0.000105782
0.477858       0.266335       0.0552356
0.549472       0.202755       0.0577128
0.635441       0.14599       0.0564492
0.623003       0.12559       0.090375
0.648274       0.0771973       0.105446
0.625549       0.0869877       0.124843
0.583323       0.0657431       0.14718
0.584651       0.064241       0.147769
0.607849       0.0546212       0.142643
3.79917e-030       1.37783e-022       1
0.262639       0.518113       0.0285174
0.341838       0.372158       0.0664293
0.414738       0.246814       0.105351
0.405777       0.220454       0.127905
0.446228       0.170503       0.145973
0.442405       0.143648       0.173541
0.458729       0.132173       0.169417
0.48451       0.119612       0.178169
0.269337       0.00299268       0.555316
0.193177       0.579046       0.0581554
0.270011       0.403273       0.0926831
0.294826       0.312402       0.138045
0.326723       0.252645       0.166999
0.357641       0.215679       0.173491
0.387119       0.190347       0.17038
0.403072       0.174935       0.173872
0.320209       0.000642308       0.511956
0.206548       0.00859537       0.626278
8.82486e-033       8.41913e-023       1
0.00029202       0.997447       0.000105729
0.147675       0.606972       0.0640932
0.197456       0.442275       0.119879
0.257437       0.342919       0.168906
0.290296       0.291053       0.166197
0.324351       0.249683       0.174339
0.345921       0.227344       0.176032
0.272226       0.00350133       0.553912
0.160744       0.0214276       0.647201
9.34073e-005       0.998865       4.08912e-005
0.11241       0.599784       0.088367
0.177082       0.463711       0.130957
0.224997       0.382974       0.153982
0.263956       0.329273       0.155094
0.231827       0.00721397       0.586931
0.0859153       0.0694084       0.666463
0.000122943       0.998702       5.33369e-005
0.104856       0.618007       0.0910519
0.163276       0.489802       0.125754
0.205382       0.41259       0.142667
0.000779095       0.341906       0.481031
0.0125396       0.218862       0.589571
0.0926368       0.664423       0.0814856
0.149803       0.520813       0.118587
7.37361e-010       0.412808       0.414177
0.00523194       0.273329       0.542618
0.043921       0.126433       0.649636
1.0144e-031       1.12648e-022       1
0.0822267       0.680322       0.065426
0.129738       0.559123       0.108438
0.000899699       0.33752       0.485551
0.0302782       0.155854       0.635916
0.000122931       0.998604       5.33317e-005
0.077998       0.690641       0.063085
1.1885e-010       0.408376       0.414506
0.0185655       0.19324       0.609925
6.32797e-032       8.7014e-023       1
0.00567051       0.269986       0.545888
8.40615e-005       0.999087       3.41174e-005
2.79781e-032       3.64501e-024       1
2.00363e-033       8.41913e-023       1
