1.58384       0.678176
1.55646       0.691724
1.51717       0.709537
1.49439       0.721065
1.45289       0.738272
1.41859       0.752143
1.39121       0.764871
1.36384       0.780141
1.3348       0.794112
1.30662       0.809228
1.28276       0.822345
1.26421       0.833018
1.23665       0.847091
1.21068       0.861229
1.19082       0.874177
1.16502       0.888579
1.15341       0.900512
1.13212       0.910507
1.10992       0.924734
1.09346       0.937791
1.07393       0.948164
1.05723       0.961706
1.03915       0.972092
1.01954       0.987022
1.00563       0.998934
0.990092       1.01086
0.977666       1.02106
0.956244       1.0371
0.943402       1.05049
0.927954       1.05804
0.909762       1.07391
0.893647       1.08633
0.880397       1.09932
0.866399       1.11053
0.850617       1.1248
0.838262       1.1349
0.82354       1.148
0.81196       1.15888
0.796606       1.17596
0.782176       1.18797
0.771302       1.19773
0.756695       1.21253
0.74547       1.22566
0.729348       1.23936
0.716703       1.25294
0.705469       1.2635
0.691784       1.27884
0.677889       1.29191
0.666025       1.30303
0.653228       1.31717
0.640952       1.33111
0.6278       1.34487
0.615135       1.35656
0.601244       1.3702
0.586613       1.38664
0.576987       1.39901
0.564113       1.41368
0.548892       1.42855
0.538581       1.44322
0.525623       1.45702
0.513498       1.47148
0.502386       1.4889
0.488517       1.50167
0.479223       1.51152
0.463281       1.52895
0.449985       1.54591
0.439328       1.55879
0.427019       1.57377
0.414916       1.58991
0.399027       1.60678
0.389226       1.61945
0.377656       1.63402
0.364451       1.65098
0.352708       1.66808
0.339376       1.68259
0.327496       1.70168
0.314903       1.71403
0.298944       1.73593
0.288081       1.74961
0.275045       1.76729
0.26155       1.78566
0.249376       1.80197
0.246934       1.80518
0.246944       1.80525
0.246933       1.80518
0.246937       1.80521
0.246939       1.80522
0.246935       1.80519
0.246942       1.80524
0.246941       1.80523
0.246936       1.8052
0.246938       1.80522
0.246947       1.80528
0.246943       1.80524
