1.00396       1.68494e-008
1.00108       0.00290297
0.966065       0.0141597
0.966267       0.0141626
0.635679       0.0442136
0.582129       0.0452621
0.530547       0.0469076
0.497526       0.0493241
0.471581       0.052502
0.450007       0.056053
0.433685       0.0599522
0.420718       0.0637482
0.411131       0.0673187
0.403773       0.0705636
0.393019       0.0762109
0.387464       0.0799745
0.382418       0.0850846
0.376833       0.0895694
0.372297       0.0934943
0.367629       0.0987374
0.364676       0.103978
0.360894       0.10937
0.358303       0.113369
0.355343       0.119563
0.352749       0.125642
0.351493       0.130007
0.348766       0.137325
0.347204       0.142527
0.345664       0.148528
0.343877       0.156649
0.342753       0.162666
0.341547       0.169923
0.340461       0.177635
0.339498       0.185402
0.338721       0.19301
0.337888       0.201683
0.33731       0.209014
0.336607       0.218783
0.33618       0.226161
0.335728       0.234729
0.335268       0.245153
0.334872       0.255357
0.33449       0.267099
0.334192       0.277347
0.333914       0.28907
0.333605       0.301299
0.333364       0.312847
0.333094       0.32487
0.332842       0.335438
0.332462       0.353149
0.332093       0.367207
0.33172       0.38109
0.331313       0.395038
0.330765       0.411491
0.330252       0.428244
0.329495       0.446552
0.328474       0.464897
0.327463       0.48306
0.326597       0.49636
0.324951       0.521351
0.323375       0.539798
0.321799       0.55827
0.319286       0.581146
0.316849       0.602252
0.313654       0.626749
0.310227       0.649994
0.306811       0.670438
0.302584       0.694356
0.298471       0.714258
0.292242       0.740377
0.285819       0.763939
0.279727       0.78495
0.272667       0.804821
0.265119       0.826738
0.256046       0.845445
0.246943       0.863674
0.236258       0.8825
0.226585       0.89692
0.216065       0.911045
0.20446       0.924664
0.191479       0.937232
0.182112       0.945414
0.16867       0.955249
0.157872       0.962025
0.146168       0.968417
0.133933       0.974149
0.122301       0.97872
0.110428       0.982699
0.0981052       0.986178
0.0859818       0.989057
0.0751575       0.991193
0.0621571       0.993386
0.0527198       0.994698
0.0416043       0.996118
0.0310556       0.997196
0.0204557       0.998293
0.00772141       0.999394
3.94016e-006       1.00214
