1.943       0.0121988
1.93843       0.0121701
1.90486       0.0272361
1.87306       0.0433117
1.85552       0.0778159
1.83681       0.0809596
1.81146       0.105775
1.77579       0.13334
1.76851       0.15367
1.72784       0.170132
1.7022       0.184129
1.6761       0.208117
1.64557       0.226934
1.62405       0.24179
1.58978       0.259743
1.56026       0.274078
1.52499       0.297768
1.50082       0.309158
1.47332       0.326288
1.44958       0.33966
1.41822       0.357993
1.39493       0.371918
1.36508       0.389907
1.3407       0.40385
1.31689       0.421055
1.28982       0.436972
1.27309       0.452625
1.24607       0.468178
1.22597       0.482178
1.20659       0.498322
1.1846       0.514021
1.16684       0.530103
1.14867       0.549069
1.12771       0.564247
1.11051       0.58066
1.09335       0.597004
1.07573       0.615031
1.0591       0.631545
1.04331       0.649356
1.02642       0.667582
1.0087       0.685783
0.995813       0.699917
0.977318       0.720397
0.961285       0.738034
0.945145       0.755856
0.928531       0.773933
0.911712       0.791626
0.894958       0.809339
0.877864       0.826968
0.863774       0.841327
