1       3.88513
1       3.88515
1       3.88514
1       3.88514
1       3.88518
1       3.88517
1       3.8852
1       3.88515
1       3.88516
1       3.88519
1       3.88516
1       3.88514
1       3.8852
1       3.88513
1       3.88512
1       3.88516
1       3.88514
1       3.88509
1       3.88514
1       3.88512
1       3.88513
1       3.88512
1       3.88512
1       3.88513
1       3.88512
1       3.88512
1       3.88513
1       3.88512
1       3.88512
1       3.88513
1       3.88513
1       3.88512
1       3.88512
1       3.88513
1       3.88513
1       3.8851
1       3.88513
1       3.88513
1       3.88514
1       3.88513
1       3.88514
1       3.88508
1       3.88512
1       3.88512
1       3.88512
1       3.8851
1       3.88507
1       3.88516
1       3.88514
1       3.88515
0.981706       3.89226
0.921622       3.91135
0.870066       3.92671
0.805968       3.94394
0.761865       3.95657
0.703695       3.96816
0.644623       3.97999
0.595535       3.98874
0.546446       3.99566
0.492151       4.00338
0.443492       4.01014
0.397571       4.01422
0.344819       4.01803
0.287634       4.02243
0.242361       4.02517
0.20101       4.02626
0.145043       4.0287
0.119714       4.02884
0.000149874       4.02937
5.12989e-006       4.02946
