0.999267       0.00875119
0.991499       0.0103739
0.982019       0.0193244
0.966003       0.0293745
0.945818       0.0366876
0.917       0.0479159
0.897602       0.0582752
0.882354       0.0640785
0.867996       0.0753468
0.847708       0.0846482
0.833896       0.0929903
0.817644       0.0991422
0.802107       0.111709
0.783545       0.119616
0.774348       0.126043
0.758996       0.13557
0.75284       0.140721
0.733255       0.148901
0.71367       0.159772
0.708743       0.164935
0.696885       0.175212
0.682271       0.184215
0.667771       0.191904
0.660852       0.199253
0.647716       0.208621
0.630294       0.214467
0.619906       0.218083
0.609952       0.224351
0.60695       0.237152
0.579438       0.242537
0.572983       0.248894
0.567874       0.259918
0.553237       0.266997
0.549522       0.26773
0.537616       0.275869
0.52606       0.287329
0.514079       0.292254
0.505881       0.301009
0.496788       0.303152
0.487695       0.315226
0.478051       0.317657
0.467783       0.332968
0.455654       0.337654
0.446844       0.342959
0.433456       0.352232
0.418132       0.364606
0.409126       0.374167
0.405994       0.382011
0.399491       0.389252
0.38098       0.396411
0.375346       0.400175
0.370082       0.415285
0.361764       0.422181
0.353632       0.427608
0.343949       0.432174
0.334773       0.445787
0.31537       0.452178
0.313254       0.461671
0.291717       0.474111
0.287633       0.48442
0.277283       0.493375
0.270536       0.495869
0.267351       0.505915
0.258222       0.518348
0.249879       0.519656
0.243049       0.532576
0.231485       0.543804
0.229977       0.546891
0.22235       0.55879
0.209202       0.569978
0.196207       0.575461
0.196207       0.580473
0.190929       0.603392
0.178956       0.607173
0.159459       0.623211
0.15682       0.630006
0.150919       0.630478
0.133756       0.652555
0.119914       0.671469
0.108744       0.703966
0.103676       0.717049
0.0986091       0.718582
0.087074       0.735849
0.0826858       0.753922
0.0764629       0.779883
0.0695416       0.7896
0.0545708       0.819924
0.0532957       0.840975
0.0442752       0.885473
0.0255255       0.932584
0.0154519       0.968709
0.00956923       0.97354
4.18999e-007       3.09921
