3.12384       3.12384       5.86759e-010
6.00091       0.90314       0.0635915
6.00984       0.813178       0.14811
5.95737       0.63228       0.178781
5.9531       0.602519       0.255805
5.94984       0.594127       0.37024
5.95334       0.51054       0.446166
5.96064       0.390418       0.454919
5.95366       0.313175       0.506326
5.94891       0.294876       0.666036
5.94861       0.219781       0.744056
5.97394       0.0948935       0.756466
5.97214       0.0614558       0.763803
2.9982       1.96964e-005       3.12293
0.291841       5.33693       1.60811e-015
4.15759       2.04373       0.353285
4.19328       1.34139       0.279361
4.2783       1.04921       0.525051
4.36449       0.833188       0.60759
4.34891       0.659515       0.671316
4.33515       0.490191       0.751335
4.2694       0.509824       1.06404
4.26234       0.395286       1.4052
4.15975       0.0491526       1.78483
2.6561       0.0829105       2.76442
0.291841       0.000642538       5.31532
0.291841       5.33693       7.45634e-014
2.0816       4.15379       4.5829e-010
2.56521       2.45887       0.552264
3.07894       2.15592       0.705473
3.93279       1.99452       0.907913
4.1507       1.54305       1.30286
3.97172       1.24986       1.53436
2.90764       1.09958       1.81472
3.6381       0.944064       2.49226
2.49381       0.482061       2.67789
2.07125       0.0148335       4.10698
0.291841       5.33693       1.82646e-014
1.66647       5.11148       0.146862
2.09599       3.01479       0.784286
2.26705       2.32361       0.760345
2.72473       2.08215       1.30109
2.72065       1.36913       1.60956
2.46991       1.14793       1.81766
2.53436       1.05854       2.48073
2.10508       0.65946       3.16363
1.39185       0.455663       4.35283
0.291841       0.000825119       5.30926
0.291841       5.33693       5.13988e-015
1.26793       5.12966       0.597536
1.73067       3.57848       1.04511
2.10365       2.65872       0.921919
2.17846       2.24755       1.79928
2.13406       1.66956       1.97467
2.11042       1.2778       2.229
2.03185       0.574861       3.92325
0.975674       0.533687       4.35865
0.428646       5.09833       0.70516
0.921223       3.57373       1.162
1.83926       3.38331       1.68688
1.96374       2.03612       2.48025
1.75533       1.7599       2.88814
1.27068       1.41122       4.25133
0.700901       0.496349       4.37562
0.742443       4.90406       0.790934
1.02349       3.49801       1.35902
0.929846       3.31668       2.40856
1.30641       2.02082       2.68725
1.04379       1.59987       4.11101
0.611426       0.658444       4.36596
0.291841       0.000299208       5.32683
0.291841       5.33693       2.41618e-015
0.59065       4.36029       0.873574
0.966893       3.47703       1.64828
1.01008       2.45295       2.60735
0.747064       1.74434       3.30104
0.291841       5.33579       0.0378982
0.292097       3.89602       0.966237
0.864579       3.42085       2.21475
0.292188       1.92223       2.89191
0.526629       0.832547       4.37077
0.291841       5.33491       0.0653724
0.291841       3.64647       1.19573
0.360748       2.65386       2.6499
0.479804       1.30717       4.35101
0.291841       3.55986       1.71684
0.304401       1.78878       3.42712
0.291841       0.000229867       5.32917
0.291841       1.85446       3.00413
0.291841       0.000264527       5.328
