1.46692e-007       1       2.15365e-010
1.00967       6.12132e-006       1.34893e-005
1.01085       8.96517e-006       1.97553e-005
1.00676       9.51562e-006       2.19999e-005
1.01356       1.0012e-005       2.4369e-005
1.01998       7.84092e-006       1.45347e-005
1.01581       1.61712e-005       3.24513e-005
1.0163       1.96671e-005       3.41867e-005
1.0158       1.61712e-005       3.24512e-005
0.803761       2.64141e-005       0.802904
1.04969e-006       1       1.28185e-009
0.804166       0.803055       0.00150168
1.00022       0.00133517       0.0391505
1.00028       0.00135218       0.0391526
1.00083       0.0188987       3.53399e-005
1.00107       0.0128112       0.116038
0.999137       0.0502336       0.187802
0.999137       0.0502336       0.187802
0.999328       0.0777203       0.216404
1.24704e-008       3.60324e-006       1
1.52912e-006       1       1.28185e-009
0.076026       0.999882       0.0724446
0.804172       0.803061       0.000763344
0.999862       0.0777619       0.21652
0.996342       0.121015       0.289098
0.99628       0.158419       0.347246
0.982176       0.26703       0.435092
0.985063       0.247375       0.442376
0.803761       3.5204e-005       0.802904
0.254602       0.992217       0.247468
0.897652       0.716126       0.260822
0.927582       0.422931       0.561041
0.117823       0.999529       0.112243
0.270576       0.990145       0.270329
0.507537       0.930401       0.473087
0.77571       0.708228       0.619191
0.803761       3.5204e-005       0.802904
0.689173       0.322844       0.879823
2.17479e-007       1       2.15365e-010
0.138551       0.998797       0.139603
0.327785       0.982829       0.325255
0.535809       0.917972       0.498216
9.71985e-006       0.803303       0.803303
0.500259       0.563405       0.904081
2.27711e-008       3.87147e-006       1
2.12027e-007       1       5.67444e-011
0.161422       0.998259       0.157216
0.327785       0.982829       0.325255
0.458044       0.946865       0.447755
0.385266       0.662978       0.885008
2.02697e-008       3.63266e-006       1
1.52124e-006       1       9.61312e-010
0.270576       0.990145       0.270329
4.13533e-006       0.803303       0.803303
3.02048e-007       1       2.71108e-010
0.0955603       0.999656       0.0973205
0.237151       0.995263       0.234363
0.091921       0.999906       0.0973449
1.65747e-008       1.66134e-006       1
6.77574e-008       1       1.49392e-010
8.65179e-009       3.60324e-006       1
1.96155e-007       0.803303       0.803303
