1.01268       5.39767e-015
1.01441       1.07533e-015
0.999344       0.0303317
0.991994       0.0389825
0.98804       0.0502646
0.983213       0.0629174
0.979372       0.0735408
0.969312       0.0822243
0.958835       0.0956006
0.948445       0.105371
0.936042       0.115538
0.918625       0.126924
0.903258       0.134252
0.877947       0.143827
0.851233       0.151393
0.815632       0.15749
0.781425       0.161992
0.739086       0.164563
0.680974       0.166465
0.653191       0.167188
0.623355       0.168182
0.59193       0.170158
0.565069       0.171127
0.542573       0.173922
0.520281       0.176455
0.500469       0.180255
0.484495       0.183069
0.472412       0.186712
0.458521       0.190734
0.448935       0.195037
0.438262       0.200058
0.432246       0.204615
0.420612       0.209657
0.412802       0.215469
0.404411       0.221365
0.399348       0.228162
0.391511       0.233125
0.38575       0.240276
0.380509       0.247743
0.376509       0.252833
0.371723       0.262333
0.367452       0.269307
0.363092       0.278357
0.360073       0.287173
0.35599       0.297361
0.353163       0.306431
0.350496       0.317561
0.348427       0.325447
0.346309       0.335737
0.343948       0.350029
0.342446       0.359773
0.340519       0.376136
0.339081       0.390435
0.337966       0.403978
0.336852       0.420838
0.336228       0.43658
0.335378       0.45241
0.334552       0.471769
0.334214       0.489195
0.333691       0.512182
0.33322       0.529866
0.3327       0.549155
0.331769       0.578558
0.330997       0.601819
0.329744       0.628956
0.328127       0.654158
0.326449       0.674691
0.323721       0.702729
0.319292       0.735913
0.315154       0.760331
0.309723       0.785498
0.303518       0.809388
0.295823       0.833265
0.28787       0.853677
0.279312       0.87195
0.269075       0.890444
0.258283       0.906176
0.248277       0.920487
0.236031       0.932281
0.223615       0.942784
0.209599       0.953807
0.198771       0.959858
0.186342       0.966526
0.171632       0.973126
0.160456       0.977597
0.148296       0.981332
0.135786       0.984825
0.121121       0.988124
0.110212       0.990218
0.098644       0.99205
0.0851574       0.993875
0.0747963       0.995035
0.0638409       0.996078
0.052488       0.997005
0.0418848       0.997747
0.0311261       0.998411
0.0191259       0.999066
0.00972347       0.999541
4.01817e-005       0.999999
