1.58073       0.676684
1.58073       0.676684
1.58073       0.676684
1.58073       0.676684
1.58073       0.676684
1.58073       0.676684
1.58073       0.676684
1.58073       0.676684
1.58073       0.676684
1.58073       0.676684
1.58073       0.676684
1.58073       0.676684
1.58073       0.676684
1.58073       0.676684
1.58073       0.676684
1.58073       0.676684
1.58073       0.676684
1.58073       0.676684
1.58073       0.676684
1.56603       0.683018
1.53209       0.697321
1.49309       0.713972
1.45323       0.731818
1.42413       0.747072
1.39502       0.760107
1.35999       0.77765
1.3335       0.791211
1.29683       0.810343
1.26506       0.828084
1.23664       0.843888
1.214       0.857047
1.18799       0.87556
1.16003       0.891136
1.1367       0.906032
1.10909       0.924294
1.08617       0.94056
1.0603       0.95761
1.02927       0.977441
1.01053       0.995525
0.989164       1.00987
0.965872       1.02628
0.946842       1.04193
0.921671       1.06205
0.898453       1.08271
0.878824       1.09747
0.85772       1.11611
0.834766       1.13604
0.817007       1.15294
0.794343       1.17412
0.775409       1.19124
0.747336       1.21757
0.735511       1.2293
0.714709       1.25106
0.697099       1.272
0.67603       1.29041
0.653977       1.31436
0.635376       1.33311
0.616536       1.35628
0.597571       1.37481
0.578669       1.39624
0.558659       1.4173
0.538144       1.44045
0.519885       1.46167
0.501291       1.48404
0.480197       1.50891
0.462734       1.52915
0.440427       1.5558
0.425166       1.57509
0.405491       1.59897
0.383228       1.62668
0.366655       1.64732
0.347846       1.67281
0.32669       1.69952
0.307839       1.72356
0.286321       1.75201
0.266786       1.77806
0.24866       1.80311
0.246932       1.80517
