1.35609       1.35609       0.000107408
1.0359       0.97605       0.0722927
1.06915       0.958578       0.170884
1.01359       0.928048       0.265563
0.979458       0.895798       0.386446
1.03755       0.558758       0.516415
1.07431       0.537669       0.537037
1.04471       0.509629       0.542749
1.03964       0.472455       0.752275
0.98944       0.425105       0.944994
1.08561       0.0681637       1.08607
1.14071       0.0857       1.07932
1.17502       0.0895942       1.11473
1.15385       4.11567e-005       2.32557
0.968781       1.03967       0.0786093
0.99615       1.02989       0.0823249
0.938244       0.911315       0.295008
0.991779       0.876061       0.410006
1.06566       0.584033       0.540097
1.00615       0.480054       0.647153
1.08036       0.442164       0.871892
1.15393       0.090371       1.08889
1.08809       0.0836652       1.13411
0.000257012       4.34702e-007       4.93702
0.928451       1.02958       0.142243
0.954145       0.965094       0.175022
1.00968       0.907775       0.337336
0.953469       0.875371       0.445777
0.995459       0.448557       0.76083
0.562528       0.0468526       1.7661
0.000146035       3.48247e-007       4.89192
0.910213       1.0356       0.242024
0.891189       1.03651       0.326486
0.905943       0.92424       0.283905
1.05443       0.567877       0.531833
0.982721       0.519275       0.589248
0.984634       0.4882       0.676948
0.938466       0.0632293       1.45722
0.886041       1.03694       0.348132
0.881517       0.980985       0.420181
0.531736       1.02131       0.500526
0.516776       1.02235       0.506483
0.871061       0.88297       0.613328
0.939152       0.748434       0.921993
0.529079       0.516659       1.01543
0.705869       0.442107       1.68953
0.511384       0.130182       1.86141
0.000534735       1.37968e-007       4.94611
0.533981       1.04418       0.514054
0.521917       1.03685       0.515729
0.531736       1.02131       0.500627
0.494167       0.887214       0.88434
0.608086       0.678977       1.23023
0.407597       0.554261       1.70904
0.0762184       0.0671114       2.24037
7.53893e-005       0.000222986       4.77168
0.495369       1.0483       0.574297
0.464155       0.991563       0.734597
0.474453       0.869225       1.10049
0.0765435       0.0885585       2.27193
0.00067144       2.45708e-010       4.79876
0.466788       1.04354       0.653817
0.456627       1.06001       0.736416
0.420581       1.02482       0.99209
0.424613       0.759231       1.63515
0.000672854       7.43422e-010       4.86477
0.459       1.05977       0.725316
0.440369       1.04301       0.767128
0.0619546       1.01752       0.962716
0.0540696       0.921952       1.24227
0.0862353       0.532222       1.85905
0.42166       1.03126       0.930018
0.0611211       1.06622       1.04053
0.0632532       1.03884       0.983487
0.116352       0.533855       1.65576
0.00038825       0.00135241       4.50269
0.0636485       1.04534       0.988444
0.0598051       1.04328       1.01784
1.23881e-005       4.03079e-006       4.71024
8.72437e-006       0.00542975       4.31238
4.202e-005       1.04277       2.08728
