2.50573       2.50645       5.04639e-010
4.39278       0.828273       0.0502678
4.39111       0.747881       0.134756
4.3799       0.576537       0.170152
4.37758       0.554108       0.240935
4.37611       0.547658       0.336223
4.38504       0.478182       0.409807
4.37597       0.35694       0.418119
4.38719       0.291053       0.461716
4.37627       0.271698       0.611237
4.37257       0.19968       0.684819
4.40033       0.121561       0.694527
4.41565       0.0538313       0.707652
2.50983       1.67886e-005       2.50932
0.639239       4.17403       0.0248052
3.32619       1.56411       0.326406
3.34989       1.02851       0.298178
3.45471       0.732452       0.26976
3.4878       0.660562       0.481206
3.43781       0.533254       0.563962
3.39884       0.424615       0.680435
3.35958       0.312965       1.13619
3.33433       0.124466       1.5764
1.95936       0.177729       2.21525
0.639239       0.0257717       3.85613
1.6739       3.21037       1.12097e-010
1.98965       1.98444       0.44005
2.10881       1.74467       0.643793
3.12371       1.59852       0.767262
3.30963       1.26861       1.02504
3.15045       0.88015       1.25522
2.79344       0.84694       1.47869
2.97096       0.715208       2.00255
2.02777       0.40774       2.14603
1.61935       0.21638       3.26138
0.639239       0.00829923       3.99148
0.639239       4.10965       0.447353
1.67729       2.31158       0.551459
1.84674       1.78367       0.819611
2.2101       1.68178       0.921974
1.96916       1.22893       1.2999
1.86236       0.972441       1.42621
1.91721       0.859081       1.94562
1.69972       0.173234       2.53573
0.63982       0.382766       3.50692
0.639239       4.17274       0.0645794
0.639295       4.08697       0.491382
1.42096       2.8568       0.805358
1.67729       2.10657       0.768443
1.73872       1.7319       1.37066
1.67411       1.21806       1.65907
1.67487       1.11069       1.78466
1.57844       0.888074       3.24768
0.639423       0.405664       3.50067
0.639239       0.00650579       4.0167
0.74688       4.032       0.574228
0.939383       2.84013       0.949277
1.59353       2.58881       1.18958
1.60974       1.73406       1.93346
0.639239       1.43536       2.39253
1.28265       0.993331       3.41315
0.639239       0.451557       3.49321
0.639239       0.00329591       4.07756
0.639239       4.17003       0.127897
0.642667       3.90157       0.651907
0.639239       2.8077       1.07945
0.642667       2.64118       1.97455
0.843234       1.62735       2.15295
0.639239       1.31394       3.25606
0.639239       0.0433449       3.78549
0.639239       0.00374253       4.06742
0.639239       4.17005       0.127424
0.639239       2.78316       1.39222
0.703939       2.08368       2.08592
0.639404       1.39193       2.78472
0.639239       0.0100995       3.97006
0.639239       0.0101468       3.96954
0.639239       4.17476       0.000568288
0.639703       2.73179       1.81165
0.639239       1.41022       2.50609
0.639239       0.00107745       4.13908
0.639239       4.17475       0.000769756
0.639239       4.17476       0.000567946
0.639239       2.79162       1.20657
0.639239       0.000196281       4.16815
0.639239       4.17453       0.00821059
0.639239       2.87659       0.891861
0.639239       4.17472       0.00167055
