8.39632e-006       1       4.08199e-007
1.03795       6.96394e-005       0.000105821
1.03771       6.07371e-005       9.22934e-005
1.03771       6.96234e-005       0.000105797
1.03788       6.07468e-005       9.23081e-005
1.03797       5.87545e-005       8.92753e-005
1.03172       5.08393e-005       7.72484e-005
1.03172       5.06547e-005       7.69679e-005
0.848367       5.91195e-007       0.854768
0.850329       0.850229       0.00288463
1.00096       0.00146754       0.0198124
1.00095       0.0106665       0.102228
1.00007       0.0228648       0.138634
1       0.0258646       0.144643
1.00004       0.0242057       0.141676
1.00017       0.026345       0.134137
0.85009       0.0109822       0.850475
8.19058e-005       5.19246e-007       1
3.34505e-005       1       1.51952e-006
0.0778534       0.999992       0.0770781
0.850329       0.850229       0.00319127
0.99832       0.10823       0.321367
0.994408       0.187742       0.43054
0.85009       0.0109822       0.850475
8.24332e-005       6.23125e-007       1
2.20032e-005       1       1.52932e-006
0.0982577       0.999978       0.0973731
0.245473       0.998871       0.244347
0.958765       0.653836       0.419448
0.997577       0.164625       0.406286
0.988747       0.313295       0.553635
0.118788       0.999951       0.117717
0.270311       0.998363       0.267658
0.467742       0.983485       0.456259
0.850329       0.850229       0.00319127
0.85009       0.0109822       0.850475
0.730789       0.476807       0.921734
0.135907       0.999912       0.134678
0.334083       0.995914       0.330427
0.566652       0.96462       0.540128
4.57285e-005       0.850278       0.850278
9.52389e-005       7.04673e-007       1
1.41375e-005       1       1.24646e-006
0.164302       0.999803       0.162808
0.328661       0.99606       0.326915
0.135907       0.999912       0.134678
0.279499       0.998029       0.278503
4.79526e-005       0.850278       0.850278
0.000110243       1.08314e-006       1
1.14602e-005       1       8.89172e-007
0.122243       0.999948       0.123433
0.224528       0.999252       0.222428
1.27936e-005       1       5.96181e-007
0.107685       0.999968       0.106611
0.000105097       1.05947e-006       1
7.33046e-005       5.2004e-007       1
7.98667e-005       1       1.01297e-006
0.0941208       0.999982       0.0931829
9.38587e-005       8.55653e-007       1
0.000105107       9.89992e-007       1
2.20032e-005       1       1.01297e-006
2.15826e-005       0.850278       0.850278
3.6753e-005       8.45919e-007       1
