1.30378       8.19186e-013
1.00073       0.00312779
0.99981       0.0106045
0.999712       0.0218705
0.989186       0.0409797
0.980269       0.0634162
0.972492       0.0734767
0.962382       0.0829805
0.948444       0.0914594
0.923941       0.103041
0.892724       0.112039
0.870421       0.117989
0.848011       0.126075
0.832017       0.134414
0.820397       0.1442
0.810863       0.152958
0.803336       0.161671
0.797313       0.1771
0.793338       0.182382
0.787749       0.199307
0.783608       0.208487
0.780228       0.220559
0.779595       0.232171
0.775701       0.2364
0.770807       0.256491
0.764362       0.268744
0.760021       0.281885
0.750753       0.294647
0.739097       0.306611
0.725338       0.313381
0.707359       0.323547
0.691445       0.329778
0.670018       0.334117
0.650078       0.339923
0.635865       0.344509
0.615626       0.355714
0.604237       0.362533
0.59209       0.37071
0.585507       0.380722
0.57791       0.394228
0.572596       0.401992
0.567931       0.416489
0.563313       0.427442
0.561197       0.439062
0.554188       0.458907
0.550881       0.472268
0.544914       0.492297
0.538951       0.507705
0.527401       0.516187
0.518356       0.528257
0.504506       0.53656
0.477102       0.547774
0.455945       0.554816
0.445669       0.557863
0.431121       0.562223
0.416989       0.567657
0.402155       0.572194
0.392281       0.580503
0.380363       0.585996
0.368151       0.594882
0.362362       0.604836
0.354532       0.61842
0.347137       0.630551
0.341497       0.652513
0.336893       0.666622
0.329231       0.68787
0.324713       0.708855
0.314658       0.725804
0.305599       0.7386
0.293539       0.74925
0.284641       0.756524
0.270067       0.766076
0.259048       0.770606
0.239838       0.77684
0.233122       0.779686
0.223364       0.779872
0.210075       0.785089
0.193817       0.791265
0.184769       0.792986
0.174896       0.796696
0.165668       0.803292
0.155016       0.81051
0.145284       0.817976
0.135098       0.834205
0.125766       0.848274
0.120232       0.86718
0.112225       0.897417
0.103366       0.921264
0.0943911       0.941981
0.0843111       0.962819
0.0733627       0.972906
0.0624253       0.980014
0.0519165       0.985139
0.0386079       0.991473
0.0276325       0.995184
0.0166643       1.00016
0.00657475       1.00165
2.66256e-006       1.00276
