9.0575       4.89336e-009
8.79784       0.0585891
8.64901       0.171568
8.55689       0.255812
8.41066       0.344382
8.2893       0.43714
8.17446       0.514561
8.05834       0.612525
7.95102       0.698782
7.90956       0.706038
7.91368       0.706406
7.92402       0.707329
7.92625       0.708149
7.9293       0.707941
7.30634       1.53979
7.30279       1.54236
0.000638515       1.62822
0.000630579       1.62936
0.00034148       1.62464
3.73163e-005       1.62075
0.000630523       1.62921
0.000273178       1.62725
0.000276738       1.63034
1.77416e-005       1.62054
9.46901e-005       1.62985
4.69606e-005       1.62876
2.42672e-005       1.6207
0.00178187       1.62783
0.00364766       1.62592
0.000161645       1.62737
2.42674e-005       1.6207
0.00264596       1.62463
0.000139025       1.6225
0.00125192       1.62337
0.000695098       1.62208
0.000139139       1.62382
0.00281906       1.62512
0.00116294       1.62473
0.00128552       1.62322
9.39957e-005       1.6239
0.00181981       1.62631
0.00227633       1.62463
0.00158999       1.62395
0.00210971       1.62447
0.00118273       1.62237
0.00171562       1.62527
0.00284751       1.62475
0.00125207       1.62283
0.002482       1.62553
0.00196153       1.62554
0.00114544       1.62412
0.00284689       1.62439
0.00116321       1.62542
0.0017013       1.62319
0.00183437       1.62582
0.00116292       1.62503
0.00138894       1.62681
0.00284597       1.62387
0.00147946       1.62115
0.000714108       1.62095
0.00116171       1.62333
0.000628084       1.62363
0.00103611       1.62319
0.000306208       1.62487
0.00102825       1.62866
0.000145878       1.63164
