0.707107       0.707107       2.29893e-022
1       0.000796837       1.5668e-024
1       0.000610227       1.46537e-024
1       0.000423617       1.36394e-024
1       0.000318908       1.46537e-024
1       0.000256227       1.98496e-028
1       0.000213654       4.02846e-027
1       0.000184267       1.86526e-028
1       0.000157965       1.64508e-028
1       0.000143662       3.34959e-024
1       0.000129148       9.83437e-024
1       0.000117923       9.83437e-024
1       0.000104054       1.57085e-024
0.926585       5.53655e-006       0.845511
0.000610962       1       2.94699e-021
0.898415       0.439147       7.22308e-023
0.949225       0.314599       6.91941e-023
0.969978       0.243192       2.24613e-025
0.980694       0.195568       4.21719e-022
0.987032       0.160521       1.43668e-025
0.991365       0.132873       6.19502e-022
0.978027       0.0709804       0.213571
0.970149       0.0371638       0.292858
0.966018       0.00398882       0.37634
0.534921       0.017125       0.86099
5.53274e-016       1.20832e-014       1.00367
0.447109       0.894479       1.72225e-021
0.704323       0.704323       0.123283
0.82379       0.547914       0.200727
0.898273       0.414663       0.200727
0.896403       0.365078       0.296828
0.9403       0.234847       0.293355
0.898157       0.219598       0.405649
0.816821       0.211117       0.565367
0.726771       0.0999682       0.6948
0.456655       0.00633512       0.894114
5.53046e-016       1.20832e-014       1.00367
0.000386623       1       2.94756e-021
0.300583       0.953756       7.28007e-023
0.552433       0.82276       0.201062
0.799562       0.600584       1.28054e-021
0.843228       0.49819       0.335318
0.761619       0.369141       0.573005
0.698827       0.263908       0.698561
0.543629       0.169536       0.827027
0.304748       0.0922827       0.950472
1.52685e-015       1.01884e-014       1.00262
0.00031046       1       3.19588e-021
0.242464       0.97016       3.1427e-021
0.412994       0.884371       0.24537
0.580816       0.767321       0.326888
0.631637       0.6087       0.519119
0.635352       0.50145       0.621386
0.57424       0.220029       0.800883
0.417106       0.246049       0.886272
0.210323       0.0636891       0.976132
5.53122e-016       1.20832e-014       1.00367
0.00025373       1       4.33365e-021
0.18406       0.982915       2.52532e-022
0.348284       0.906412       0.280143
0.431294       0.782479       0.479524
0.520833       0.625237       0.624531
0.466779       0.408597       0.802243
0.352318       0.258371       0.910943
0.147363       0.139713       0.97983
7.10788e-016       1.20749e-014       1.00367
0.00020478       1       8.95102e-022
0.146621       0.979428       0.157518
0.239853       0.910605       0.355549
0.356762       0.767706       0.572627
0.380784       0.581294       0.759996
0.288717       0.344235       0.901513
0.000180432       1       2.80911e-021
0.112679       0.984531       0.157616
0.000554806       0.908085       0.419603
0.294669       0.697037       0.718486
0.246837       0.423916       0.878701
0.12602       0.190859       0.984289
0.000162021       1       2.70085e-021
0.111864       0.977408       0.201483
1.37501e-005       0.848225       0.55648
0.0997015       0.542139       0.843308
0.0844334       0.168424       0.984159
1.42755e-016       4.8651e-016       1.00336
0.00014037       1       2.24747e-021
1.93422e-005       0.963673       0.317006
0.126377       0.691851       0.721594
0.0160947       0.29466       0.96941
1.85858e-015       8.09617e-015       1.00361
0.000129967       1       4.48128e-022
0.0245414       0.434763       0.907516
0.000105112       1       1.84606e-021
0.0283366       0.711664       0.745852
4.98912e-016       1.20855e-014       1.00367
8.79168e-005       1       4.95112e-023
1.9408e-005       0.792214       0.642762
