1.06674       7.74743e-005
1.0031       0.00819106
0.999235       0.0173311
0.995025       0.0307624
0.980884       0.0407738
0.977272       0.0518931
0.968139       0.0568932
0.959758       0.0698165
0.957203       0.0832001
0.941243       0.0934366
0.936241       0.104229
0.928931       0.115647
0.92095       0.121444
0.916673       0.132563
0.905786       0.147264
0.898485       0.16054
0.881496       0.163314
0.880162       0.170354
0.871898       0.193989
0.850997       0.202116
0.843723       0.211428
0.833622       0.224878
0.820845       0.234654
0.809725       0.235363
0.800484       0.250082
0.783259       0.263325
0.768588       0.272993
0.741439       0.283714
0.74131       0.289094
0.722968       0.301927
0.711565       0.311208
0.703892       0.321004
0.689383       0.327684
0.675854       0.33566
0.664886       0.345652
0.648011       0.35462
0.637516       0.361368
0.624262       0.372583
0.607308       0.384346
0.600115       0.38814
0.592014       0.403647
0.578024       0.405113
0.567501       0.418284
0.552824       0.422209
0.541009       0.434054
0.533363       0.443176
0.518321       0.450598
0.513509       0.466426
0.498837       0.472389
0.492032       0.474204
0.48084       0.492165
0.474742       0.500313
0.462313       0.512296
0.453066       0.521396
0.446089       0.53397
0.428266       0.540244
0.404971       0.57138
0.394033       0.587824
0.384788       0.59572
0.382572       0.600133
0.371569       0.620766
0.363139       0.629645
0.35428       0.648258
0.346776       0.652304
0.333924       0.67753
0.326654       0.694047
0.312644       0.707159
0.30896       0.713194
0.297722       0.726679
0.289759       0.738932
0.281179       0.75253
0.272948       0.772069
0.260434       0.774894
0.252943       0.788791
0.242354       0.798925
0.228184       0.814048
0.220773       0.824931
0.213942       0.838286
0.202227       0.855922
0.190628       0.858676
0.179276       0.869698
0.162838       0.892044
0.155235       0.89544
0.14187       0.901293
0.137382       0.90818
0.121386       0.921067
0.116101       0.928155
0.103702       0.933283
0.0908234       0.94962
0.0829625       0.953861
0.0714184       0.963493
0.0584303       0.973695
0.0483122       0.983489
0.0288308       0.993244
0.0103383       1.00293
0.00641427       1.00534
1.06771e-005       1.39587
