0.429991       0.555011       3.50159e-006
1.105       0.10876       0.00557222
1.09864       0.0962434       0.017715
1.14047       0.0783412       0.0230446
1.13328       0.0745653       0.0328618
1.11034       0.0727988       0.0399783
1.1307       0.0592281       0.0555279
1.12255       0.044145       0.0567931
1.10947       0.0384403       0.0624161
1.10728       0.0354726       0.0820295
1.11044       0.027259       0.0944502
1.1561       0.0111969       0.0973537
1.20809       0.00274678       0.105673
0.579128       7.77454e-006       0.567578
0.0122735       0.946714       1.17874e-007
0.534248       0.533928       0.0138683
0.694606       0.242236       0.0485402
0.717008       0.191121       0.0386693
0.718197       0.156095       0.063602
0.747571       0.126801       0.0668914
0.736042       0.0914032       0.115431
0.72488       0.0990824       0.134138
0.717353       0.0836855       0.180616
0.711463       0.0497483       0.240006
0.704953       0.0167982       0.257224
0.403552       0.042966       0.452573
0.0120801       0.000706538       0.910791
0.35774       0.695601       0.0628411
0.425579       0.457709       0.0940332
0.47397       0.362936       0.143667
0.680603       0.271378       0.162478
0.585151       0.208116       0.258724
0.605871       0.176353       0.30441
0.491878       0.106017       0.42524
0.393239       0.0767394       0.438109
0.322763       0.0451805       0.664172
0.0122791       0.000774631       0.924465
0.0120548       0.929846       2.99111e-006
0.230619       0.852859       0.0402965
0.3438       0.480475       0.119217
0.366289       0.377693       0.154983
0.437421       0.348058       0.181232
0.445804       0.205125       0.266867
0.38733       0.198467       0.296303
0.40164       0.174679       0.402551
0.349389       0.0619763       0.484894
0.22486       0.0802882       0.712941
0.0123236       0.000777441       0.927818
0.0121312       0.935735       4.71688e-008
0.0961688       0.83611       0.101328
0.232411       0.613364       0.16211
0.342786       0.444344       0.134083
0.361173       0.319672       0.29003
0.335992       0.26973       0.327412
0.341609       0.218015       0.45372
0.326391       0.0754044       0.643584
0.165008       0.0382726       0.743315
0.096424       0.838329       0.101597
0.0583565       0.584044       0.192894
0.310281       0.543423       0.252562
0.327917       0.282912       0.413501
0.286678       0.28543       0.487082
0.245185       0.212005       0.69748
0.131159       0.0469051       0.738109
0.0122685       0.00283077       0.894447
0.0120632       0.930331       0.00540555
0.0708115       0.793511       0.138299
0.0851899       0.591683       0.17974
0.109788       0.545972       0.395273
0.109258       0.327344       0.442927
0.201591       0.25851       0.670239
0.0831899       0.0660566       0.734158
0.0122278       0.00735252       0.864165
0.0121082       0.933965       2.40592e-006
0.0589608       0.668931       0.147134
0.0822854       0.579575       0.275799
0.0882638       0.366851       0.429894
0.112321       0.285425       0.520839
0.0120987       0.933229       3.37809e-008
0.0488858       0.636647       0.153918
0.130352       0.559114       0.368758
0.073751       0.312255       0.467084
0.0832632       0.0661148       0.734805
0.0121457       0.0157862       0.83396
0.0690873       0.368759       0.43213
0.034227       0.232416       0.724129
0.0277331       0.598534       0.241612
0.0339551       0.291121       0.592485
0.012157       0.0158008       0.834731
0.0120943       0.93256       0.0108306
0.0231681       0.433068       0.450434
0.0121228       0.929147       0.0722451
0.0120948       0.0798085       0.784139
0.0119013       0.508889       0.456304
