0.0218666       2.1637
0.0218665       2.1641
0.0218701       2.16388
0.021856       2.16393
0.021863       2.16381
0.0218532       2.16403
0.0218477       2.16403
0.0218722       2.16378
0.0218711       2.16376
0.0218651       2.16394
0.0218641       2.16376
0.0218479       2.16404
0.0218582       2.16394
0.021863       2.16401
0.0218398       2.16402
0.0218618       2.16397
0.0218595       2.16408
0.0218707       2.1639
0.0218615       2.16395
0.0218732       2.16399
0.0218537       2.16395
0.0218648       2.1639
0.0218421       2.16426
0.0218401       2.16406
0.021839       2.16418
0.0218561       2.16385
0.021874       2.16434
0.0218334       2.16393
0.0218297       2.16411
0.0218641       2.16422
0.0218709       2.16363
0.0218688       2.16362
0.0218292       2.16415
0.0218368       2.16416
0.0218577       2.16406
0.0218443       2.16413
0.0218607       2.16428
0.0218681       2.16388
0.0218715       2.16375
0.0218551       2.16367
0.0218678       2.1639
0.0218675       2.1642
0.0218732       2.16406
0.0218552       2.16408
0.0218683       2.16408
0.0218701       2.16433
0.0218667       2.16418
0.0218597       2.16432
0.0218676       2.16385
0.021868       2.16381
0.0218625       2.16392
0.0218533       2.16414
0.0218648       2.164
0.0218639       2.16398
0.0218667       2.16395
0.0218677       2.16419
0.0218719       2.16433
0.0218564       2.16434
0.0121448       2.35642
0.000110059       2.86269
