1.57607       1.95163       2.16821e-005
2.87837       0.650794       0.0362715
2.86832       0.580948       0.106495
2.88744       0.455156       0.134702
2.88059       0.438584       0.1743
2.89189       0.432673       0.270432
2.89261       0.378887       0.323601
2.89375       0.282635       0.331866
2.87557       0.229148       0.361139
2.90535       0.215638       0.488565
2.8851       0.15486       0.541743
2.88913       0.0901394       0.546437
2.91321       0.0445216       0.558422
1.64716       3.35903e-005       1.93243
0.90315       3.1149       0.0211258
1.8756       1.87138       0.163786
2.52075       1.12241       0.217132
2.53424       0.776692       0.239285
2.55705       0.628552       0.211468
2.66358       0.493647       0.34701
2.63491       0.391995       0.394595
2.63792       0.266446       0.455914
2.55705       0.308238       0.597654
2.5497       0.248015       0.814138
2.524       0.0688439       1.19427
1.5801       0.127396       1.61674
0.90315       1.51877e-006       3.11548
0.90315       3.11495       0.0195552
1.26037       2.3707       0.0579375
1.53124       1.55087       0.324605
1.93432       1.27822       0.470842
2.40333       1.1914       0.437819
2.48165       0.891748       0.824651
2.28915       0.735127       0.949754
2.19372       0.639659       1.08598
2.16628       0.558058       1.50766
1.58564       0.355039       1.59696
1.22655       0.211557       2.38903
0.90315       4.78022e-007       3.11552
0.90315       3.0698       0.327304
1.27583       1.77049       0.390949
1.33772       1.38586       0.58977
1.69458       1.27127       0.553491
1.59204       0.905586       0.967906
1.42692       0.739824       1.08327
1.49469       0.627479       1.51713
1.27469       0.330956       1.89096
0.90315       0.142966       2.66818
0.90315       3.11187       0.0977013
0.90315       3.11552       0.000324861
0.90315       2.18301       0.620994
1.26269       1.64378       0.602459
1.29287       1.15751       1.08248
1.27289       0.939052       1.21322
1.26269       0.843697       1.37708
1.19792       0.67191       2.43261
0.90315       0.00062893       3.09455
0.90315       0.00143967       3.06958
0.90315       3.1155       0.00114958
0.90315       2.91638       0.476487
0.90315       2.2198       0.591286
1.1588       1.99904       0.875532
1.21137       1.12931       1.48154
0.913304       1.08194       1.75964
0.903952       0.775439       2.57557
0.90315       0.00241703       3.044
0.90315       0.000742763       3.09086
0.90315       3.11546       0.00255578
0.90315       2.58379       0.519627
0.970053       1.95039       1.46062
0.90315       1.10423       1.71048
0.90315       0.257287       2.62079
0.90315       3.07363e-005       3.1145
0.90315       3.11552       0.000351989
0.90315       3.1154       0.00461112
0.90315       3.10971       0.13188
0.90315       2.08658       0.865492
0.90315       0.00212897       3.05102
0.90315       2.0443       1.33023
0.90315       0.000803542       3.08891
0.90315       0.00114833       3.07818
0.90315       0.0986074       2.70553
0.90315       0.000704544       3.09209
0.90315       0.00470107       2.99997
0.90315       0.00409167       3.01005
0.90315       0.000145587       3.11062
0.90315       0.00114833       3.07818
0.90315       0.00155138       3.0664
0.90315       0.000291594       3.10571
0.90315       0.0025421       3.04107
