0.370099       0.370099       3.04191e-044
0.997855       4.07201e-005       3.24994e-005
0.997717       4.07144e-005       3.24949e-005
0.997469       6.64509e-005       4.98034e-005
0.99825       6.60318e-009       8.39451e-005
0.996838       2.36332e-008       0.000159534
0.99452       2.27365e-007       0.000404189
0.994583       2.2738e-007       0.000404214
0.370099       6.08551e-042       0.370099
7.92111e-005       0.998125       8.03611e-005
0.510967       0.254862       0.00109287
0.575358       0.186255       0.00173411
0.621917       0.15322       0.00242684
0.649374       0.132213       0.00282992
0.612797       0.0301512       0.102073
0.558804       0.0450237       0.11378
0.508209       0.0631822       0.122236
0.529339       0.0566051       0.140509
0.53056       0.0536415       0.125015
2.33701e-026       8.66084e-036       1
7.91143e-005       0.997742       3.67956e-005
0.093742       0.580245       0.0574861
0.250844       0.28776       0.111012
0.332883       0.215147       0.120312
0.374613       0.1445       0.128896
0.385128       0.128443       0.13803
0.411204       0.113833       0.132044
0.424815       0.10241       0.134591
0.243813       0.00155573       0.499646
0.000206494       0.997177       9.23703e-005
0.104153       0.567875       0.0596196
0.205159       0.352215       0.0984665
0.244622       0.271123       0.118123
0.286036       0.2112       0.134314
0.308406       0.1912       0.142722
0.339708       0.161273       0.139236
0.356857       0.1506       0.142545
0.297387       0.00019508       0.44479
0.186033       0.00749389       0.565415
4.53449e-030       3.53827e-037       1
0.000190696       0.996925       8.53256e-005
0.13093       0.551918       0.0654382
0.166824       0.376589       0.106719
0.218747       0.294153       0.121958
0.250692       0.250348       0.132284
0.278463       0.222287       0.143174
0.295742       0.202718       0.135738
0.247333       0.00121484       0.496586
0.141668       0.0142536       0.59544
4.72612e-027       2.86269e-038       1
0.102095       0.527853       0.0767899
0.156691       0.3953       0.104574
0.195411       0.328887       0.119938
0.230017       0.282314       0.129962
0.209532       0.00456169       0.543879
0.122377       0.0188989       0.609684
0.000110164       0.996558       7.73223e-005
0.093183       0.556021       0.0637837
0.143416       0.42817       0.102563
0.18499       0.345236       0.117226
0.210993       0.314488       0.134292
0.00555125       0.203823       0.531523
0.0341723       0.0934267       0.618086
5.55381e-028       6.82202e-036       1
0.000110128       0.996336       7.16963e-005
0.0788858       0.585858       0.0701764
0.13072       0.457968       0.0990043
3.12294e-034       0.370099       0.370099
0.00196858       0.250874       0.487475
0.0227639       0.119057       0.602488
7.63701e-005       0.997051       5.74407e-005
0.0738675       0.602924       0.0681855
0.119752       0.480004       0.0888085
0.00046781       0.293787       0.448213
0.0149051       0.143188       0.586301
0.0662262       0.62482       0.0604748
0.00803605       0.18185       0.552835
1.59112e-033       1.91347e-044       1
0.0625266       0.643372       0.0481859
0.00430434       0.224802       0.512838
4.13156e-005       0.999096       1.66168e-005
5.55392e-028       6.51518e-036       1
