1.52307       0.461381       0.146656
1.52777       0.462805       0.14711
1.52191       0.46103       0.146547
1.52273       0.461279       0.146624
1.53668       0.447413       0.195982
1.53482       0.416328       0.254328
1.52641       0.362516       0.322477
1.55032       0.315208       0.378796
1.54749       0.254047       0.421207
1.52832       0.199643       0.442878
1.52608       0.146948       0.462291
1.52586       0.146935       0.462223
1.52073       0.14644       0.460668
1.5251       0.461996       0.146854
1.51238       0.48369       0.153748
1.53152       0.4388       0.210818
1.54012       0.398875       0.283823
1.52574       0.344664       0.343657
1.53178       0.281569       0.397225
1.53068       0.213947       0.436984
1.51073       0.156552       0.489705
1.51407       0.151319       0.474672
1.52541       0.146887       0.462088
1.36934       0.779551       0.247793
1.32597       0.84366       0.268171
1.28797       0.894353       0.28429
1.31578       0.865448       0.275094
1.41039       0.658843       0.372158
1.46309       0.54839       0.387709
1.45324       0.352208       0.575873
1.41702       0.358781       0.653538
1.32265       0.27683       0.870884
1.28567       0.28762       0.904839
1.35917       0.251184       0.789183
1.36906       0.247117       0.777087
1.13763       1.06868       0.339699
1.06479       1.12652       0.358082
1.0022       1.18665       0.377192
1.1031       1.09844       0.349158
1.20047       0.91667       0.558878
1.25073       0.709759       0.702945
1.21911       0.506471       0.899446
1.10099       0.47156       1.05908
0.996205       0.376801       1.18502
1.08233       0.360386       1.12595
1.13394       0.345224       1.08333
0.89941       1.25385       0.398564
0.82861       1.29706       0.41229
0.729823       1.34854       0.428652
0.904154       1.16507       0.603044
0.996272       1.00385       0.748692
1.03596       0.664942       1.03634
0.860996       0.590197       1.20314
0.751285       0.425727       1.33851
0.822001       0.413051       1.29747
0.906968       0.397011       1.24602
0.692686       1.37249       0.436263
0.607283       1.3998       0.444958
0.560452       1.41173       0.469575
0.70958       1.21657       0.741723
0.766316       1.00273       0.969259
0.719016       0.707491       1.23303
0.561724       0.450271       1.4164
0.611911       0.444486       1.39788
0.694507       0.435094       1.36652
0.528726       1.42758       0.453792
0.480985       1.43583       0.477592
0.540814       1.19313       0.902312
0.480985       0.880933       1.23031
0.480985       0.544552       1.4118
0.480985       0.47574       1.43645
0.523868       0.454275       1.42915
0.480985       1.11661       1.02123
0.480985       0.603564       1.3876
0.480985       0.466605       1.43944
0.480985       1.38536       0.608681
0.480985       0.850555       1.25151
