1.02839       2.39719e-007
0.979733       0.00866658
0.961831       0.0194195
0.945886       0.0280809
0.932441       0.0386763
0.917382       0.0468268
0.911876       0.0579234
0.901493       0.0685235
0.896484       0.0756876
0.894497       0.0890278
0.892017       0.0987496
0.883156       0.105334
0.880236       0.114981
0.876197       0.126848
0.867452       0.154677
0.863365       0.161779
0.860422       0.178031
0.852415       0.190395
0.845114       0.20093
0.831832       0.211579
0.822134       0.219211
0.812584       0.226244
0.789473       0.239508
0.766729       0.247869
0.74993       0.253365
0.729314       0.261373
0.712639       0.266175
0.698746       0.274738
0.68816       0.284295
0.67998       0.292091
0.667835       0.296409
0.656451       0.309874
0.653301       0.324699
0.648219       0.331149
0.641731       0.349862
0.639151       0.36025
0.635984       0.376637
0.625936       0.384307
0.619484       0.401895
0.616503       0.417971
0.609652       0.431031
0.600578       0.44437
0.591271       0.450048
0.579559       0.465233
0.563833       0.474458
0.556214       0.483987
0.536834       0.489207
0.527082       0.496915
0.513009       0.501838
0.489191       0.506634
0.482309       0.511191
0.462244       0.516361
0.453901       0.520146
0.440777       0.528269
0.429778       0.537457
0.421046       0.543579
0.410153       0.556451
0.401937       0.568657
0.392221       0.585931
0.387509       0.595214
0.381116       0.612125
0.377171       0.625833
0.370819       0.643286
0.362838       0.664851
0.355038       0.680944
0.346933       0.693738
0.33608       0.707675
0.325113       0.716871
0.31482       0.725134
0.296046       0.735773
0.290679       0.738385
0.278495       0.74383
0.258915       0.749322
0.253825       0.751326
0.240746       0.75492
0.225215       0.762166
0.218033       0.767758
0.205319       0.769581
0.196713       0.774226
0.180982       0.785487
0.175918       0.790595
0.166715       0.799727
0.155783       0.812111
0.146622       0.826142
0.138805       0.843865
0.131375       0.865794
0.121371       0.890568
0.113909       0.91258
0.105216       0.931634
0.0935438       0.949898
0.0842692       0.965483
0.0692568       0.9742
0.0614954       0.982598
0.045642       0.989491
0.0414067       0.993314
0.0273514       0.995367
0.0156121       0.99985
0.00242774       1.00518
9.49115e-005       1.00731
