110.288       0.0111748
10.6486       0.101637
7.36319       0.14343
6.48187       0.163998
5.58998       0.193371
5.0455       0.212996
4.44419       0.236728
4.255       0.245591
4.02403       0.26251
3.7838       0.275296
3.65309       0.288349
3.4992       0.299312
3.37521       0.312401
3.23572       0.321336
3.10732       0.33379
3.04834       0.342042
2.93443       0.354533
2.84171       0.357526
2.76724       0.372189
2.69088       0.379576
2.63169       0.39189
2.56318       0.39715
2.51962       0.403887
2.45478       0.416637
2.39344       0.424337
2.37463       0.428606
2.33167       0.433884
2.25979       0.447932
2.24579       0.451625
2.20873       0.460341
2.1577       0.469196
2.15966       0.469623
2.11441       0.478251
2.08152       0.4854
2.06045       0.49371
2.00126       0.504473
1.96684       0.51531
1.94056       0.528049
1.91102       0.533276
1.89296       0.536086
1.86921       0.547781
1.82964       0.561724
1.80571       0.568826
1.80021       0.571595
1.76224       0.577761
1.75052       0.583073
1.74343       0.593165
1.68564       0.595589
1.67016       0.604927
1.65856       0.610314
1.64878       0.612659
1.63162       0.619114
1.60435       0.629562
1.58643       0.631941
1.56531       0.644205
1.55588       0.64938
1.54061       0.655243
1.5248       0.664092
1.50654       0.669574
1.48185       0.678992
1.46389       0.687434
1.46057       0.691881
1.44057       0.69906
1.42706       0.706363
1.42116       0.708826
1.41187       0.714282
1.39348       0.72286
1.38208       0.729841
1.37773       0.736134
1.36515       0.743871
1.34589       0.751169
1.33821       0.754017
1.32284       0.76368
1.31094       0.770993
1.29116       0.780725
1.28596       0.787054
1.27275       0.793223
1.26603       0.797379
1.25337       0.80391
1.23321       0.818951
1.22544       0.823208
1.20954       0.832495
1.19597       0.842677
1.17426       0.85776
1.17922       0.854758
1.16743       0.871672
1.1555       0.870079
1.14715       0.883161
1.14003       0.889699
1.13412       0.89463
1.12212       0.896151
1.11643       0.918446
