1       3.62748
0.999998       3.62728
0.999998       3.62721
0.999999       3.62747
1       3.62738
0.999997       3.62738
0.999998       3.62746
1       3.62733
0.999998       3.62717
0.999998       3.62733
0.999999       3.62743
1       3.62724
0.999998       3.62731
0.999999       3.62737
0.999999       3.62736
0.999999       3.62741
0.999999       3.6274
0.999999       3.62735
0.999999       3.62749
0.999999       3.62742
0.999999       3.62733
0.999999       3.62729
0.999998       3.62728
0.999999       3.62732
0.999998       3.62735
1       3.62721
0.999999       3.62732
0.999999       3.62732
0.999998       3.62728
0.999998       3.62734
0.999998       3.6273
1       3.62719
0.999998       3.62729
1       3.62722
0.999999       3.62725
1       3.62724
1       3.62724
0.999999       3.62728
0.999999       3.62725
0.999999       3.62721
1       3.62728
1       3.62727
0.999999       3.62727
0.999999       3.62725
0.999999       3.62721
0.999999       3.62734
0.999999       3.62734
0.999999       3.62722
0.999999       3.62733
0.999999       3.62736
0.999999       3.62732
0.981479       3.65186
0.93647       3.70627
0.893391       3.7625
0.848728       3.82195
0.803153       3.88052
0.756039       3.94398
0.711622       4.00672
0.670025       4.06771
0.622257       4.13967
0.578533       4.20727
0.53351       4.27823
0.488897       4.35162
0.442012       4.43332
0.395128       4.52099
0.349231       4.61299
0.302675       4.70222
0.249781       4.81738
0.207369       4.92573
0.157066       5.0563
0.104434       5.2177
0.0519382       5.4203
0.000417619       5.88042
