2.50861       2.00531e-007
2.32988       0.0209555
2.30485       0.0315616
2.16595       0.063666
2.12305       0.0787712
2.08207       0.100158
1.96813       0.128028
1.89933       0.140234
1.87433       0.158938
1.81473       0.181178
1.74536       0.196436
1.66879       0.212542
1.63876       0.220879
1.60945       0.229029
1.63035       0.227803
1.62873       0.226018
1.04726       0.382411
1.10678       0.386286
1.06426       0.374117
1.01965       0.386505
1.12357       0.378444
0.992621       0.401231
0.977781       0.407872
0.955399       0.415594
0.926424       0.419667
0.888492       0.436284
0.867671       0.43753
0.866545       0.437858
0.844175       0.440618
0.818317       0.467381
0.801019       0.478652
0.806592       0.47533
0.804513       0.474105
0.544779       0.548997
0.520544       0.55601
0.503589       0.557515
0.516493       0.551683
0.538007       0.555088
0.510613       0.555255
0.497514       0.55708
0.484036       0.573297
0.467477       0.575696
0.459261       0.584243
0.442628       0.586134
0.421445       0.604516
0.419634       0.61709
0.402155       0.632676
0.398738       0.639072
0.396664       0.656623
0.394448       0.651977
0.39223       0.651189
0.250166       0.758167
0.250914       0.760434
0.2544       0.758919
0.254363       0.758808
0.25353       0.761818
0.242799       0.771036
0.238808       0.77122
0.236255       0.772907
0.214163       0.788531
0.2042       0.803654
0.192868       0.820817
0.182191       0.832628
0.169368       0.843196
0.144955       0.86566
0.139403       0.897093
0.131681       0.897073
0.0247214       1.0488
0.0393398       1.06134
0.000428567       1.0532
0.00773379       1.03782
0.0273873       1.06522
0.000289521       1.09537
2.86216e-006       1.45061
