1       7.93551e-024
0.985354       0.00158776
0.611547       0.0156319
0.521189       0.0164074
0.467641       0.0195891
0.450886       0.023839
0.447563       0.0273947
0.439344       0.0321636
0.43537       0.0376692
0.432005       0.0419477
0.426981       0.0469013
0.423597       0.0530797
0.420856       0.0572397
0.417864       0.0629246
0.415183       0.0676485
0.412517       0.0715573
0.409556       0.0759455
0.40606       0.0843925
0.404317       0.0894237
0.400781       0.0924944
0.400177       0.100276
0.395962       0.104449
0.393715       0.110014
0.393263       0.116684
0.38894       0.124373
0.38818       0.128982
0.385511       0.135619
0.383062       0.143304
0.381895       0.149414
0.379639       0.156634
0.378068       0.163817
0.376002       0.170931
0.374623       0.177648
0.373086       0.186573
0.371314       0.194251
0.370103       0.200172
0.368597       0.210406
0.366934       0.21815
0.365375       0.227578
0.364046       0.233935
0.362542       0.244187
0.360799       0.253243
0.359206       0.264758
0.358061       0.274016
0.356347       0.285209
0.355078       0.294683
0.353289       0.305712
0.351935       0.315493
0.350244       0.328589
0.348622       0.339492
0.347268       0.350861
0.345913       0.363495
0.343312       0.379983
0.342124       0.394208
0.3399       0.406827
0.338121       0.421544
0.336023       0.436515
0.334064       0.449313
0.331453       0.467054
0.328968       0.48512
0.326595       0.504868
0.324339       0.517721
0.321115       0.538262
0.317741       0.556858
0.314684       0.573361
0.311035       0.594444
0.307344       0.615815
0.302963       0.635297
0.298772       0.654424
0.294303       0.677244
0.289078       0.695831
0.284044       0.717302
0.277031       0.739858
0.270708       0.760146
0.264716       0.779672
0.256785       0.801266
0.248502       0.82059
0.239715       0.839882
0.230344       0.858923
0.221652       0.87615
0.211643       0.892351
0.200685       0.90608
0.190486       0.918282
0.176998       0.9346
0.168049       0.941078
0.156465       0.951641
0.144863       0.959034
0.133206       0.966085
0.11841       0.973368
0.109755       0.977458
0.0981106       0.981543
0.086319       0.985159
0.0726859       0.989142
0.0638942       0.990857
0.0524719       0.992901
0.0411437       0.994766
0.0311234       0.996212
0.0201087       0.997639
0.00954251       0.998901
4.11669e-009       1.00916
