1       6.70218e-018
1       7.00536e-018
1       7.0538e-018
0.990215       0.0415645
0.985839       0.0511654
0.981968       0.0600583
0.974931       0.0734768
0.966202       0.0848994
0.958585       0.0949393
0.946991       0.105532
0.934564       0.115718
0.918908       0.126175
0.899732       0.13574
0.875564       0.144093
0.84855       0.151181
0.811657       0.157775
0.778005       0.161535
0.738227       0.164356
0.690387       0.165924
0.651593       0.167091
0.622714       0.16776
0.586432       0.169412
0.563178       0.170925
0.540473       0.173055
0.51937       0.175913
0.501002       0.179057
0.485199       0.182547
0.472338       0.186026
0.459546       0.190075
0.448342       0.194308
0.437316       0.199299
0.427392       0.204724
0.42006       0.209247
0.410394       0.215974
0.404235       0.220588
0.397373       0.227097
0.390372       0.2343
0.385574       0.239722
0.380015       0.247281
0.375218       0.254391
0.370706       0.262179
0.366907       0.27059
0.362849       0.278726
0.35936       0.287411
0.3561       0.296468
0.353458       0.306756
0.350547       0.315885
0.348378       0.326153
0.346244       0.337697
0.344008       0.348267
0.342474       0.359669
0.340638       0.374427
0.338974       0.389556
0.33805       0.40117
0.33683       0.421172
0.336186       0.436943
0.335127       0.455093
0.334819       0.470331
0.334035       0.488798
0.333698       0.505129
0.333188       0.530823
0.332591       0.551703
0.331938       0.575844
0.331008       0.602725
0.329767       0.626384
0.328663       0.64701
0.325985       0.679603
0.32308       0.708021
0.319638       0.735307
0.31491       0.761321
0.30984       0.786024
0.30374       0.808353
0.296044       0.832105
0.287702       0.854029
0.279754       0.872579
0.269375       0.890646
0.258822       0.906258
0.247258       0.919655
0.233156       0.934168
0.224227       0.942074
0.210343       0.952475
0.198215       0.960101
0.186062       0.967403
0.172939       0.972629
0.15993       0.977536
0.146365       0.981856
0.135694       0.984761
0.12274       0.987761
0.110815       0.990062
0.0978991       0.99215
0.0863695       0.993703
0.0749355       0.99501
0.0634641       0.996123
0.0524593       0.997005
0.0361375       0.998104
0.0309965       0.998414
0.0202797       0.998998
0.0101781       0.999507
1.46805e-005       1
