0.247453       0.261429       2.57927e-011
0.942056       0.000361531       9.11774e-005
0.940867       0.000441345       0.000108902
0.947533       0.000294776       7.59801e-005
0.954964       0.000205088       5.99525e-005
0.959249       0.000161053       5.11543e-005
0.96072       0.000152653       4.8532e-005
0.965761       0.000120777       4.28235e-005
0.964635       2.42423e-007       0.00051257
0.943044       1.19158e-006       0.00113436
0.247861       2.61785e-023       0.246964
0.000746678       0.946538       0.000102531
0.226203       0.16048       0.0219067
0.269606       0.136927       0.0260569
0.299592       0.0959005       0.0253937
0.297801       0.0693497       0.039291
0.311795       0.0616753       0.0423249
0.302675       0.0508235       0.0504562
0.29953       0.0405435       0.0596722
0.310189       0.0384204       0.0599581
0.317216       0.0347992       0.0590775
0.327746       0.0329967       0.0584558
0.247861       2.61785e-023       0.246964
6.98413e-041       7.56485e-052       1
0.000183434       0.958455       9.87173e-005
0.0974004       0.274337       0.0292672
0.163548       0.163952       0.0374354
0.184441       0.124953       0.0485066
0.184039       0.102975       0.0587836
0.206966       0.0850653       0.0617532
0.222045       0.075162       0.0618945
0.237197       0.0674098       0.0604121
0.249282       0.0614485       0.0608651
0.169822       1.3679e-005       0.335218
2.16438e-043       7.58418e-049       1
0.000271947       0.964707       9.93612e-005
0.0828378       0.287387       0.0306771
0.122116       0.188654       0.0461334
0.143909       0.143858       0.0559029
0.163212       0.122886       0.0585162
0.177857       0.107397       0.0592953
0.193144       0.096253       0.0615797
0.204389       0.0874042       0.0597598
0.197908       1.23269e-006       0.302387
0.132529       0.000124312       0.383448
0.000176772       0.956203       0.00010312
0.0700295       0.288015       0.0374953
0.101626       0.206822       0.0488843
0.126436       0.165978       0.0548626
0.158187       0.126763       0.0594223
0.169222       0.114639       0.0616064
0.169858       1.36819e-005       0.33529
0.107504       0.000343738       0.419992
0.000176251       0.949637       0.000143795
0.063128       0.305665       0.0378802
0.0913646       0.229902       0.0464218
0.112991       0.187571       0.0515702
0.130283       0.160525       0.0537874
0.143919       0.142693       0.0573503
0.147581       2.90556e-005       0.375333
0.0857633       0.000795513       0.454237
5.07865e-046       2.79424e-049       1
0.055265       0.335694       0.0356654
0.0821865       0.251186       0.0433251
0.119672       0.176081       0.0524719
0.000120522       0.142704       0.369273
0.00188481       0.0770695       0.454812
0.000176867       0.951778       0.000158692
0.0505315       0.351717       0.0329264
0.0764385       0.265474       0.0423089
0.0955011       0.222301       0.0449643
3.71488e-005       0.170174       0.332564
0.00191883       0.0844925       0.448651
2.66352e-053       6.93856e-049       1
0.000124982       0.95827       8.81714e-005
0.0466655       0.368653       0.0304318
0.0736314       0.296843       0.0407447
7.69773e-006       0.199582       0.298213
0.000643901       0.107103       0.413804
1.366e-052       6.98389e-050       1
0.0423595       0.388395       0.0293222
3.23311e-042       0.247242       0.247242
0.000329166       0.124604       0.391695
0.0387764       0.406465       0.0265149
3.01135e-005       0.173231       0.330086
0.000104549       0.96315       6.82032e-005
3.24795e-042       0.247242       0.247242
2.74376e-056       5.26667e-053       1
0.000104549       0.96315       6.82032e-005
6.40629e-056       3.83552e-050       1
3.24845e-042       0.247242       0.247242
