1.59202       0.576072       0.223596
1.59273       0.576332       0.223697
1.59343       0.576585       0.223796
1.59398       0.564999       0.252143
1.59686       0.533528       0.315464
1.60264       0.476688       0.399657
1.61905       0.391764       0.491362
1.61486       0.324545       0.53624
1.61432       0.246448       0.576204
1.60231       0.225075       0.57988
1.6004       0.224802       0.579179
1.60158       0.224971       0.579614
1.59279       0.576354       0.223706
1.5932       0.576502       0.223763
1.59779       0.553129       0.280455
1.59718       0.512979       0.348096
1.601       0.439454       0.439454
1.61145       0.357635       0.513147
1.5974       0.273748       0.556371
1.6042       0.225342       0.58057
1.60503       0.225452       0.580853
1.53618       0.704872       0.273589
1.49557       0.777335       0.302438
1.46443       0.8264       0.321821
1.42504       0.880005       0.341565
1.5081       0.7467       0.374035
1.5414       0.616979       0.451932
1.53212       0.498965       0.573513
1.52024       0.286748       0.738662
1.42403       0.347935       0.894456
1.46597       0.324439       0.834202
1.50622       0.300535       0.772876
1.54096       0.274126       0.706158
1.31275       1.0297       0.400618
1.263       1.07725       0.418141
1.19124       1.14307       0.443714
1.16527       1.17124       0.454619
1.34576       1.00635       0.47473
1.32834       0.823338       0.830828
1.31306       0.618027       0.939553
1.17189       0.463691       1.16251
1.19235       0.445232       1.14566
1.26257       0.422847       1.08778
1.33652       0.40071       1.02575
1.08302       1.23435       0.482275
1.00575       1.29175       0.501419
0.918009       1.34397       0.521668
0.973239       1.28386       0.589224
1.08155       1.05613       0.83525
1.07672       0.857401       1.02874
0.955336       0.633938       1.27609
0.919889       0.526096       1.35497
0.997135       0.505858       1.30159
1.09528       0.488635       1.25886
0.815262       1.40413       0.545004
0.7717       1.4237       0.552596
0.670311       1.46566       0.568885
0.690071       1.33528       0.812094
0.847712       1.06432       1.05866
0.762403       0.791876       1.31327
0.67082       0.568613       1.46488
0.779466       0.551914       1.42188
0.831199       0.542838       1.398
0.66087       1.46806       0.569846
0.617699       1.48123       0.581899
0.617699       1.46644       0.618224
0.617699       1.2794       0.946469
0.617708       0.945817       1.27991
0.617699       0.594988       1.47603
0.617699       0.595131       1.47597
0.652878       0.570908       1.47059
0.617699       1.46046       0.632226
0.617699       1.42754       0.703418
0.617699       0.965393       1.26518
0.617699       0.622489       1.46464
0.617699       1.00518       1.23381
0.617699       0.583753       1.48051
0.617699       1.36401       0.819848
