0.99914       0.0074067
0.997629       0.00993531
0.965725       0.019178
0.94732       0.0298743
0.923068       0.0416668
0.906724       0.0505317
0.888721       0.0593231
0.87221       0.0699898
0.854603       0.0793584
0.842893       0.0862846
0.83028       0.0916078
0.812094       0.102459
0.802108       0.112259
0.787343       0.123909
0.763974       0.130096
0.755447       0.13883
0.739498       0.147551
0.728599       0.151707
0.710216       0.161592
0.702099       0.165105
0.689714       0.172285
0.677621       0.183107
0.660649       0.191895
0.651166       0.199819
0.63993       0.206356
0.62462       0.215661
0.611082       0.222401
0.603637       0.229514
0.594558       0.235178
0.579308       0.241373
0.567699       0.250067
0.559952       0.258015
0.545941       0.26791
0.53853       0.272538
0.526247       0.279594
0.517804       0.288299
0.50425       0.292948
0.498418       0.302439
0.487558       0.305171
0.47623       0.315695
0.469284       0.323037
0.460524       0.325246
0.448869       0.33525
0.435034       0.345485
0.429207       0.351907
0.426629       0.356069
0.412235       0.361294
0.406161       0.373073
0.400183       0.380394
0.391697       0.38417
0.383354       0.392399
0.370343       0.403198
0.364546       0.405143
0.354716       0.417588
0.343034       0.426351
0.337176       0.440844
0.32279       0.450999
0.317182       0.456041
0.311947       0.461931
0.302864       0.471007
0.295449       0.476704
0.27518       0.483571
0.265262       0.507178
0.252233       0.503292
0.239899       0.524551
0.229287       0.537263
0.22212       0.540737
0.212518       0.55297
0.208217       0.56095
0.199282       0.569143
0.190379       0.577
0.183502       0.586274
0.176266       0.590564
0.167868       0.604006
0.159201       0.609854
0.155276       0.613816
0.146316       0.632783
0.14132       0.637787
0.130082       0.648688
0.120874       0.661545
0.114385       0.665315
0.112645       0.677228
0.101633       0.691953
0.0900145       0.707029
0.0851531       0.718916
0.0718069       0.736785
0.0612089       0.760982
0.0598154       0.79122
0.0501543       0.805191
0.0434104       0.823522
0.0324197       0.831702
0.0229251       0.863574
0.014894       0.892143
0.009106       0.912746
0.000342172       3.97407
