1.20503               0.170206               0.198944               1               14.0601
1.60581               0.117521               0.131483               1               0.1811
1.91264               0.18149               0.306463               1               16.6328
1.98549               0.185435               0.136491               1               3.63823
2.43884               0.256664               0.242375               1               12.4325
2.35906               0.252758               0.187219               1               10.0084
2.38507               0.241337               0.189904               1               11.0625
2.33084               0.225447               0.216792               1               14.741
2.26687               0.248996               0.166071               1               12.8695
2.34559               0.262192               0.155592               1               17.2286
2.20744               0.268058               0.1416               1               25.0601
2.02118               0.256267               0.174198               1               19.5075
1.77172               0.265107               0.282684               1               13.8709
1.54608               0.254506               0.183464               1               18.2613
1.62387               0.286819               0.371351               1               7.53742
1.48748               0.297071               0.229361               1               13.5746
1.42428               0.292788               0.274581               1               11.6008
1.47682               0.303068               0.194451               1               18.149
1.50255               0.444145               0.172895               1               13.4089
1.38465               0.415025               0.208459               1               14.9218
1.26892               0.300522               0.197082               1               15.4634
1.07059               0.310345               0.199282               1               13.4562
1.02561               0.327424               0.190352               1               9.81805
1.21383               0.303105               0.185933               1               7.82616
1.06868               0.320505               0.31973               1               6.93937
0.822389               0.313139               0.303807               1               6.92359
0.873071               0.288622               0.237686               1               7.51757
1.05227               0.270631               0.150708               1               3.25015
1.19538               0.232629               0.160407               1               9.09886
1.28859               0.255571               0.146298               1               9.59734
1.13549               0.208939               0.131682               1               7.87699
1.45075               0.218995               0.151289               1               7.51096
1.27201               0.245533               0.172995               1               8.67043
1.26653               0.250561               0.141377               1               4.01436
1.24352               0.194298               0.107274               1               9.82824
0.993591               0.170534               0.0894423               1               10.5945
1.06399               0.159901               0.162657               1               13.793
1.39383               0.167457               0.103401               1               13.2542
1.55779               0.180695               0.481783               1               5.63866
1.5543               0.135146               0.144941               1               0.643492
1.00535               0.0911106               0.131488               1               13.892
1.29251               0.115442               0.153421               1               0.910594
0.897352               0.11759               0.225762               1               8.20602
0.916162               0.103675               0.158217               1               7.54216
1.04628               0.11185               0.194571               1               9.97383
0.889426               0.111804               0.228046               1               3.15262
0.815837               0.120998               0.24413               1               2.24791
0.828317               0.118566               0.260291               1               1.57649
0.7889               0.125126               0.278551               1               4.47459
0.728668               0.117094               0.282914               1               3.36526
0.653372               0.121766               0.278099               1               4.73614
0.656456               0.152087               0.246413               1               6.24437
0.772969               0.163262               0.13222               1               7.02684
0.721088               0.180369               0.163935               1               6.44434
0.716907               0.216198               0.108502               1               3.05508
0.689379               0.232186               0.171167               1               3.33521
0.745468               0.293869               0.242216               1               1.88586
0.78304               0.299592               0.249703               1               1.9212
0.742199               0.269554               0.250362               1               0.978377
0.706056               0.262099               0.228996               1               2.28459
0.704603               0.250417               0.257949               1               1.59122
0.634467               0.258132               0.183703               1               6.23741
0.633286               0.253558               0.181614               1               7.34696
0.54935               0.325495               0.193802               1               7.24449
0.653043               0.276277               0.124568               1               10.2077
0.763061               0.290828               0.0735747               1               4.81913
0.855738               0.236               0.118314               1               3.67647
0.853894               0.200219               0.0937465               1               0.341087
0.78585               0.185597               0.202594               1               3.02582
0.751623               0.181273               0.155699               1               0.775688
0.711447               0.149486               0.146452               1               2.41382
0.766464               0.151619               0.101556               1               2.93891
0.867133               0.147066               0.10744               1               2.89265
0.94342               0.16461               0.308585               1               3.52176
0.902504               0.155054               0.109907               1               0.101352
0.659598               0.118121               0.158132               1               3.41161
0.794644               0.103466               0.129434               1               1.8832
0.832579               0.117813               0.135018               1               0.14595
0.76113               0.0919166               0.164742               1               4.07654
0.43999               0.0713131               0.171911               1               4.75879
0.397658               0.058766               0.0748592               1               2.77998
0.481638               0.0563918               0.212884               1               7.35864
0.40806               0.0645984               0.174517               1               6.9274
0.518039               0.0659811               0.11631               1               6.53907
0.935585               0.0756003               0.178913               1               13.3732
0.968828               0.0841273               0.101063               1               4.12587
1.51957               0.12052               0.143223               1               9.30866
1.22832               0.131068               0.143106               1               11.4411
1.34881               0.139762               0.25895               1               11.6275
1.4168               0.145259               0.268353               1               4.38021
1.53568               0.156413               0.286786               1               5.717
1.43516               0.141336               0.277111               1               4.88744
1.26023               0.1455               0.284299               1               4.8336
1.32981               0.183603               0.221433               1               8.338
1.26567               0.230962               0.251402               1               9.33597
1.029               0.307162               0.435083               1               4.95179
1.14091               0.360113               0.2314               1               9.88203
1.06475               0.421104               0.328971               1               101.075
1.01813               0.389757               0.311578               1               102.649
1.02047               0.396376               0.295461               1               78.9069
