3.87392  -1.86215e-015  18.0175  
4.58392e-006  1.50003  1.18173  
7.35272e-006  13.6825  2.95075e-015  
21.1551  -1.69236e-016  1.63746  
0.00064118  12.1539  0  
0.0612441  4.63232  4.0589e-016  
0.102339  7.82438  1.70716e-018  
19.7822  -1.15227e-016  1.11489  
0.379869  2.47944  0.00167685  
0.0200912  8.63547  1.48857e-017  
9.78918  -7.47229e-016  7.22989  
0.0225462  9.58279  0  
0.576924  3.70932  0.000820202  
5.58936  -1.31344e-015  12.7083  
6.44972  -1.41571e-015  13.6979  
10.1695  -8.50462e-016  8.22873  
12.3756  -5.23564e-016  5.06579  
9.03142e-006  10.1877  1.75615e-017  
10.4899  -6.80751e-016  6.58667  
13.8263  -6.25754e-016  6.05454  
3.47576  -1.39313e-015  13.4793  
19.1456  -3.11706e-016  3.01594  
5.00462  -1.79095e-015  17.3286  
0.213021  3.77613  0.00255382  
7.07977  -4.10433e-016  3.97119  
0.00255538  10.9987  2.39974e-018  
0.123322  2.09682  0.138754  
6.22685  -1.6747e-015  16.2037  
8.88747  -5.39335e-016  5.21838  
4.92325  -1.02351e-015  9.90308  
13.3697  -1.38243e-016  1.33759  
12.8278  -4.71835e-016  4.56529  
5.8193  -1.58607e-015  15.3462  
5.16116  -1.12818e-015  10.9158  
18.6427  -8.35297e-018  0.227357  
4.03081  -7.87183e-016  7.61646  
14.1178  -6.14653e-016  5.94714  
4.7532  -1.0926e-015  10.5716  
11.8901  -4.26217e-016  4.1239  
10.7416  -8.65124e-016  8.37059  
4.70184  -9.40537e-016  9.10025  
7.42733  -3.89804e-016  3.77159  
2.54827  -1.15797e-015  11.204  
6.13259  -1.50203e-015  14.533  
1.43659  0.913697  0.125469  
3.01038  -1.70592e-015  16.5058  
15.4381  -1.62722e-016  1.57443  
0.0526438  -1.62333e-015  15.7067  
1.21764  -1.54168e-015  14.9167  
11.2481  -1.10184e-015  10.6609  
7.68515  -4.86932e-016  4.71136  
0.436218  -1.45585e-015  14.0862  
0.0257724  -1.75635e-015  16.9937  
16.0198  -1.82867e-016  1.76935  
3.66872  -6.69621e-016  6.47898  
0.779961  1.53763  0  
0.659552  0.544601  0.491352  
0.0042207  10.961  0  
10.9687  -2.61571e-016  2.53086  
4.07802  -9.01622e-016  8.72373  
8.59495  -5.82648e-016  5.63747  
15.0572  -2.46664e-016  2.38662  
5.51323  -4.92392e-016  4.76419  
3.5586  -1.1959e-015  11.5711  
16.311  -3.74716e-017  0.36256  
17.7491  -2.50009e-016  2.41899  
8.08401  -3.04261e-016  2.9439  
2.88837  -9.70493e-016  9.3901  
1.87494  -1.26325e-015  12.2227  
18.2042  -8.37841e-018  0.22805  
15.7195  -2.15493e-016  2.08502  
14.5901  -2.84765e-016  2.75527  
0.909449  1.15455  0  
16.6456  -3.17467e-016  3.07169  
11.4824  -4.40153e-016  4.25874  
17.4099  -2.19555e-016  2.12432  
16.8997  -2.82327e-016  2.73168  
3.28216  -2.87783e-017  0.78331  
17.1031  -1.76291e-016  1.70572  
4.3345  -6.01575e-016  5.82059  
18.0329  -3.38799e-016  3.27809  
8.36214  -2.96264e-016  2.86653  
3.0199  -9.12738e-017  0.883129  
1.13988  0.0756714  1.96547  
4.95404  -1.00015e-015  9.67705  
2.1872  -1.48359e-015  14.3546  
9.29843  -4.12514e-016  3.99132  
11.6639  -5.7378e-016  5.55167  
1.89804  0.393616  0.393616  
5.58301  -1.21788e-015  11.7837  
14.738  -2.93212e-016  2.83701  
4.44913  -1.24598e-015  12.0556  
9.31725  -2.20115e-016  2.12975  
4.11991  -1.43595e-016  1.38937  
3.93961  -7.55415e-016  7.30909  
2.35534  -4.55449e-016  4.40675  
5.85924  -4.71983e-016  4.56672  
2.80669  0.000123633  0.679363  
1.64477  -4.64587e-016  4.49516  
1.80043  -5.66052e-016  5.4769  
