0.995016  0.011727  
2.62673e-007  1.2183  
0.959418  0.0326914  
5.42704e-007  1.12929  
0.915683  0.0525702  
0.24695  0.526092  
0.276003  0.499421  
6.53031e-005  1.05814  
7.17147e-015  3.20859  
1.56561e-013  3.1324  
0.814268  0.107728  
0.225429  0.543079  
0.00183791  1.04223  
2.1049e-005  1.11711  
0.00206094  0.988761  
0.627712  0.232686  
0.157631  0.634028  
0.516639  0.296505  
0.791676  0.127459  
0.220296  0.573148  
0.689726  0.185238  
0.66648  0.198471  
0.175491  0.611719  
0.990551  0.0221758  
0.554337  0.2954  
0.0229997  0.890406  
0.412987  0.38401  
0.644609  0.213052  
0.605598  0.244839  
0.567395  0.258901  
0.122806  0.676159  
7.0326e-014  3.14335  
0.503453  0.313258  
0.46622  0.336483  
0.746665  0.154946  
0.344018  0.445474  
0.399557  0.411101  
0.903377  0.0732334  
0.0638498  0.768624  
0.15281  0.659716  
0.0937313  0.727187  
0.844027  0.105825  
0.357827  0.415291  
0.141577  0.665835  
0.330197  0.461289  
0.317698  0.465534  
0.0592928  0.810434  
0.0174748  0.912686  
0.355039  0.437499  
0.0853409  0.746418  
0.0492253  0.82677  
0.200865  0.582914  
0.0712165  0.748607  
0.765709  0.149256  
0.0130645  0.925213  
0.187268  0.606032  
0.00324954  0.972555  
0.449552  0.351761  
0.291458  0.493438  
5.93058e-015  3.65482  
0.731605  0.163926  
0.379262  0.415063  
0.0289836  0.869764  
0.303341  0.48012  
0.196188  0.592806  
0.651123  0.204867  
0.594822  0.25851  
0.856518  0.102488  
0.0443726  0.839435  
0.099888  0.713186  
0.0406715  0.853615  
0.0104918  0.946062  
0.116195  0.68984  
0.00584234  0.953176  
0.714108  0.185236  
0.563657  0.277053  
0.89485  0.0796363  
0.496006  0.325139  
0.430272  0.371079  
0.872589  0.0987036  
0.442045  0.368233  
0.424882  0.383232  
0.729227  0.176051  
0.886949  0.0892731  
0.784241  0.142804  
0.481988  0.335378  
0.0308895  0.861216  
0.558128  0.282267  
0.0630762  0.788343  
0.0596356  0.791897  
0.300385  0.484956  
0.108191  0.706333  
0.783993  0.148736  
0.109868  0.698028  
0.59867  0.253841  
0.717965  0.18023  
0.395666  0.414977  
0.487939  0.330201  
0.447782  0.35724  
0.658322  3.22283  
