1.18337e-023  2.66566e-016  4.35335  
6.07847  7.20977e-082  0.000722278  
5.50976e-005  4.64482  0  
4.54557e-016  7.42349  7.67137e-018  
4.95799  1.71399e-082  0.00233432  
2.19862e-022  2.49832e-016  4.08006  
2.06881e-017  9.28998e-017  1.55433  
7.92628e-016  2.79807  1.10907e-016  
3.87246e-016  6.32421  1.37503e-017  
3.29095e-016  5.37452  1.57162e-017  
9.20776e-015  6.60765  3.61915e-021  
2.20089e-016  3.59433  1.96053e-016  
5.7927  7.32758e-078  7.13948e-006  
3.604  6.61964e-008  0  
2.79067  8.00251e-074  6.73492e-007  
5.13692  3.91855e-074  5.1686e-012  
4.28633  7.4539e-071  1.20617e-008  
0.000255389  2.35579  4.28722e-063  
3.82781  2.1957e-011  0  
1.75033  1.43869e-079  0.529494  
2.23732  8.5854e-070  0.00215312  
1.24509e-015  4.39532  6.59485e-018  
1.12734e-015  3.97965  9.28981e-017  
8.55117e-017  4.10345e-025  1.39651  
4.57981  6.65266e-071  1.14333e-008  
6.1174e-015  5.22205  1.35816e-020  
4.68848  6.02577e-074  2.57464e-012  
1.40487e-014  3.88735  1.01103e-020  
7.04798e-017  1.81414e-024  1.15102  
1.00924  1.6597  0.0521778  
1.30048  1.21934e-079  0.651276  
9.63433e-015  4.67769  1.62285e-021  
0.819425  1.84327  0  
3.05305e-016  4.986  8.3997e-017  
1.5586  1.55802e-079  0.356337  
0.152806  2.16916  0  
1.71988  0.056497  0.0696123  
2.72681e-016  4.45322  1.13115e-016  
0.539382  0.536132  0.770845  
0.0332239  2.05576  1.74297e-021  
3.05387e-016  4.98734  2.45194e-017  
0.000825364  1.35671  0.116611  
3.66238  3.20377e-074  7.43674e-007  
1.3947  0.0918261  0.2057  
1.1529e-016  1.88283  0.000893308  
0.143617  0.420773  0.977363  
1.46806  0.338192  0  
0.624166  0.647964  0.57317  
2.69844  0.00163488  0  
0.318627  1.12613  0.18107  
1.12924  1.57864  7.68777e-016  
1.25093  0.101102  0.151476  
0.947876  0.157556  0.414712  
1.21378  0.261763  0.210818  
2.52904  4.46939e-081  6.38472e-005  
0.00383698  1.18706  0.492164  
0.658961  0.615774  0.454407  
0.0826368  1.22946  0.168017  
0.539243  0.789703  0.436329  
0.294578  0.379083  0.880965  
0.560719  0.310657  0.84687  
0.471974  0.743793  0.519661  
0.000437968  1.44695  0.200947  
0.00688548  0.965451  0.302545  
2.51615  2.05332e-072  0.0332184  
0.410724  0.901267  0.342528  
1.11464  1.65017  1.89277e-021  
0.770854  0.696153  0.251618  
2.3073  1.90155e-070  0.0021894  
0.00678227  1.26495  0.396396  
0.396966  1.06513  0.270062  
0.860481  0.564863  0.233647  
0.246497  0.49583  0.850722  
2.93237e-017  5.65956e-017  1.04097  
0.918339  0.230616  0.404591  
0.199253  0.516532  0.879571  
0.232787  0.443715  0.908684  
0.716937  0.647498  0.42916  
0.0619285  1.25765  0.0757036  
2.42133  1.37181e-063  5.1496e-008  
0.389675  0.848503  0.407109  
1.16324  1.08917  0.000697018  
0.43812  0.884068  0.317998  
0.675081  1.00912  0.165545  
0.242309  0.630833  0.828494  
0.989714  0.0319985  0.928943  
2.38797  0.00246426  0  
0.433388  0.355671  0.931812  
0.0199834  2.12094  1.79808e-021  
0.49044  0.207362  0.90857  
1.54362e-015  1.62587  0.12359  
0.871952  0.505719  0.237315  
0.67652  0.679107  0.410613  
0.000435566  1.43902  0.203304  
2.43056e-016  3.96941  1.56461e-016  
2.73167  4.01541e-081  7.77148e-006  
0.606047  0.838713  0.309876  
0.999381  0.201714  0.22222  
1.13472  1.11212  2.23549e-009  
0.485296  0.836268  0.40909  
