12.9341  2.3642e-048  
4.74648e-005  11.1223  
0.444864  1.45228  
0.642909  1.23091  
12.9943  6.44389e-049  
0.672304  1.16284  
9.56609  3.82372e-006  
1.52957e-068  12.9676  
12.9072  2.28112e-010  
7.71183  5.13104e-006  
2.0104  0.00103827  
0.000123792  1.53796  
1.00019  0.164883  
1.47821e-063  12.8775  
0.763548  0.763858  
0.702707  1.09057  
0  12.9805  
4.32391e-069  12.9779  
0  12.9843  
0.750309  1.09786  
0.795789  0.795789  
5.96944  0.0030829  
0.000274841  2.62621  
1.00043  0.173707  
9.50925  0.000560811  
13.205  6.54838e-049  
6.88895e-005  12.299  
0.564032  1.55979  
10.041  3.24931e-005  
12.9122  3.16631e-009  
0.540173  1.71499  
0.680702  1.27435  
0.597679  1.55013  
0.6686  1.42342  
12.9734  2.37139e-048  
4.16235e-062  12.9422  
3.92234e-067  12.9798  
8.56058e-067  12.9817  
4.09069e-075  13.041  
8.32928e-067  13.0028  
1.39305e-005  12.9757  
24.9926  1.23939e-048  
2.8899e-005  12.9465  
0.801703  0.801703  
0.746484  1.95088  
0.434547  2.77628  
9.10114  0.00470026  
8.84974  0.0147398  
7.98632  0.187525  
1.13779  0.2543  
1.00225  0.677378  
0.000629925  2.93112  
1.0075  0.668431  
8.22414  0.0158247  
0.000365331  4.97716  
15.7817  1.39899e-046  
11.0865  0.000189292  
24.785  4.53043e-048  
0  13.4847  
1.83818e-066  12.9955  
0  13.5979  
4.29818e-007  12.9924  
8.58851e-070  13.2878  
0.762596  1.99298  
1.62731e-066  13.0781  
2.64988e-069  13.1863  
0.824621  0.896388  
0.918078  0.819187  
0.843933  0.84299  
0.51784  3.30511  
24.8456  4.5415e-048  
16.1776  7.96393e-005  
21.4333  1.89998e-046  
1.03084  0.696705  
1.23486  0.632984  
1.00719  0.720881  
1.38329  0.571866  
7.7864  0.258225  
0.427842  3.79985  
9.1257  0.00709153  
0.489702  3.51694  
0.00111333  5.60628  
1.56554  0.280356  
16.994  1.12656e-023  
24.9996  1.23974e-048  
1.27501  0.67923  
3.23077e-066  13.1061  
0.962324  0.835258  
25.0433  1.24191e-048  
15.9918  0.0479815  
0  13.7796  
5.12025  0.363348  
0.00159551  6.8365  
0.809537  4.4984  
19.3307  0.000330054  
22.7333  8.18378e-005  
0.483251  6.29416  
3.92423  0.473106  
0  13.9998  
25.1857  1.24897e-048  
