0.150887  1.0115  
0.429135  0.0298083  
0.504486  0.0142082  
0.347598  0.397401  
0.456905  0.0191367  
0.367395  0.0658415  
1.13008  4.36251e-060  
3.02449e-049  1.57823  
2.54745e-060  7.30397  
1.93922e-006  1.05847  
0.647494  0.0110845  
0.323022  0.600242  
0.245587  0.875422  
0.626315  0.0118252  
0.726091  0.00985786  
2.67478e-057  3.19945  
0.387117  0.0454396  
1.19409  1.69374e-070  
0.363274  0.0804844  
0.277031  0.849318  
0.188197  0.93938  
1.75329e-051  1.78874  
0.143003  1.02  
0.121426  1.025  
0.354981  0.198554  
2.26014e-056  2.77185  
0.482298  0.0172168  
1.15933  5.25825e-065  
0.951136  0.00831559  
0.339951  0.503037  
0.50682  0.0124356  
0.341302  0.498053  
1.0617  0.00486139  
1.18788  6.22823e-066  
0.39511  0.0368809  
4.50115e-060  5.59526  
0.74411  0.00976054  
2.60454e-060  6.03986  
0.638277  0.011489  
0.303346  0.80229  
0.30579  0.696  
1.13364  1.40593e-060  
0.244165  0.891022  
1.22887e-056  3.16199  
1.06768e-020  1.09513  
0.394389  0.0441966  
1.00446  0.00643298  
3.4647e-055  2.18565  
0.442557  0.0248283  
0.438701  0.0255283  
7.13703e-054  1.80822  
1.56663e-055  2.73696  
1.9975e-051  1.78166  
0.326456  0.539525  
1.06987  4.39597e-011  
0.292076  0.831082  
0.352293  0.325225  
1.44848e-054  1.84693  
0.320479  0.616882  
0.00559844  1.04287  
1.06511  0.00231887  
0.358936  0.102656  
0.398547  0.0302118  
0.381224  0.0574169  
0.0590764  1.03214  
2.00999e-005  1.0486  
6.54409e-047  1.17048  
1.55452e-058  5.02307  
8.02225e-050  1.59785  
9.10924e-049  1.33092  
1.26064e-048  1.26876  
2.46741e-050  1.73241  
4.89032e-060  7.98199  
1.21879  1.72878e-070  
6.0593e-060  6.00716  
4.48196e-057  3.29059  
3.91293e-057  4.75929  
1.56367e-058  5.20292  
3.45033e-059  5.87585  
2.37966e-054  2.69737  
5.84973e-054  2.127  
2.09451e-049  1.62237  
0.346887  0.611038  
0.303109  0.8423  
2.27315e-052  1.92408  
3.4521e-057  4.90875  
0.95432  0.00994355  
0.353491  0.405516  
0.355394  0.218271  
2.47623e-056  2.951  
0.394675  0.0594428  
0.811912  0.0101157  
0.630021  0.0125972  
0.0513509  1.04537  
1.32546e-048  1.33398  
9.52261e-008  1.12896  
0.541278  0.0559423  
0.285145  1.01144  
1.32344e-054  2.82138  
2.03831e-047  1.27829  
