4.35301  3.73311e-014  0.000663505  
7.56968e-021  1.49799e-005  3.41963  
1.66864  0.0746422  1.04758e-019  
3.68536e-011  3.60858e-021  1.88634  
0.000443301  3.28935  8.31635e-018  
3.85233e-015  2.93707e-007  5.1722  
1.03027e-013  1.50126e-006  3.76737  
1.56401  2.44132  7.80571e-018  
2.12655e-014  3.16536e-007  4.85636  
4.13726e-014  0.307328  2.36817  
0.433695  2.89189  1.06822e-017  
5.55996e-020  1.29903e-005  4.10366  
3.01102e-015  0.6688  2.99363  
2.0079e-014  3.26625e-007  4.51772  
3.48423  2.28854e-014  0.939511  
0.583352  2.67453  1.33264e-019  
3.82092  6.90632e-014  0.00259237  
3.01857  1.91871e-012  0.518844  
5.60722e-016  0.770894  2.72318  
0.0237208  3.18758  9.14549e-015  
0.00123666  2.04538  3.59955e-007  
2.6057  3.3426e-016  0.959106  
2.74694  1.68179e-011  0.00114998  
4.69684e-014  6.68368e-007  4.316  
3.97515  1.72928e-006  6.55796e-016  
3.19564  1.18523e-012  0.307701  
2.32533  1.34167e-010  0.784966  
3.21883e-014  0.613534  1.93384  
5.87376e-015  0.691118  2.17582  
0.632676  0.27898  1.14777  
2.53896  6.28429e-011  0.371597  
0.000342168  1.83403  0.223396  
1.05098e-012  0.00570188  2.72372  
7.39266e-007  4.01257e-014  1.64121  
0.306029  1.24747  0.38192  
4.22499  3.61419e-006  5.46496e-016  
0.888844  1.1003  4.54692e-005  
8.48802e-016  0.894031  2.1102  
1.77252  1.4031e-010  0.769041  
0.581667  1.4107  7.27598e-007  
5.91419e-013  0.00672346  3.21172  
1.24815  0.00862069  0.632192  
7.26891e-005  2.02379  0.0148243  
1.07299  5.42628e-011  1.36032  
0.510355  1.26082  0.00085986  
0.19838  0.845623  0.87466  
0.106811  0.326429  1.43406  
1.55615e-019  3.45649e-005  3.21499  
2.09476  1.65818e-010  0.323686  
0.00145028  1.65732  0.0209685  
3.36838  1.12388e-012  0.0275117  
1.66557e-013  0.300129  1.80836  
0.346449  1.55157  6.50936e-012  
0.161799  0.139293  1.28639  
2.02753  0.0262187  0.00697943  
0.787741  0.497065  0.645915  
0.947995  0.438398  0.422085  
1.38899  4.63445e-013  1.25195  
1.18407  0.316695  0.170562  
0.725028  0.673052  0.580906  
1.84129  0.0147409  0.0261191  
1.43202  0.129605  0.459699  
2.21241  6.3238e-011  0.79154  
1.188  0.402479  0.112629  
1.01416  3.26936e-012  1.53787  
1.94175  0.0479114  0.0244758  
1.56135  0.347899  0.0490667  
0.835798  0.246319  0.697351  
0.533954  0.778415  0.845845  
1.50144  1.79203e-016  1.47494  
0.979137  0.240194  0.334184  
0.414576  1.00217  0.311067  
0.221818  0.9042  0.477195  
1.92198  0.00137547  0.0642559  
1.39171  0.0971185  0.530122  
0.667113  1.49187  5.34889e-007  
0.988641  0.177725  0.371596  
0.116528  1.73253  3.00772e-007  
4.23553  1.2039e-006  4.81115e-016  
0.254704  1.03825  0.463521  
1.60814  5.52922e-012  1.25097  
0.636539  0.92566  0.249702  
0.390952  1.05521  0.0324335  
0.307994  0.156524  1.17152  
3.39923  1.06326e-012  0.0277637  
0.0528287  0.687228  1.1953  
2.23682  0.00124984  0.000325602  
0.376472  0.7948  0.721472  
8.09205e-014  0.548618  2.15726  
0.65964  0.586656  0.678664  
1.21413  0.00198553  1.23387  
0.485552  1.45225  4.9224e-005  
1.10161  0.809093  0.020028  
1.24462  0.273856  0.283364  
0.902528  0.568311  0.111134  
0.137691  7.19715e-010  1.50535  
0.0499857  1.7714  2.29281e-007  
0.0325212  1.51731  0.0590357  
0.894406  0.830885  0.570768  
0.759431  0.455598  0.791108  
