2.81977  2.04977e-005  
1.09882  0.0138287  
0.0538338  1.04703  
1.85531e-005  1.35403  
0.755353  0.344261  
1.27331e-006  1.38384  
1.17525  0.0113826  
1.23236e-006  1.97132  
0.398387  0.788973  
0.449694  0.709506  
0.207076  0.905207  
0.00022441  1.18216  
0.249517  0.876935  
0.499526  0.621427  
0.640884  0.528011  
0.362695  0.804325  
0.610896  0.529984  
0.8203  0.280758  
0.0761062  1.03404  
2.77676  4.79848e-005  
0.599873  0.541699  
0.90516  0.192315  
7.32711e-009  2.29086  
0.411522  0.762233  
0.855681  0.266052  
0.595931  0.544351  
0.695985  0.426135  
0.982564  0.151997  
0.9375  0.189532  
0.173268  0.937451  
0.668535  0.436519  
3.16744  9.5863e-006  
0.72152  0.374702  
1.92478  0.000141219  
0.0220563  1.07501  
0.176086  0.931992  
0.00219051  1.11655  
1.1918  0.000198802  
0.484501  0.689835  
0.171863  0.988841  
0.0780293  0.99148  
0.554179  0.55829  
1.9385  0.000832621  
0.508496  0.736535  
5.49665e-005  1.60187  
3.30358e-006  2.25266  
6.65575e-005  1.50982  
0.58027  0.618191  
0.000167656  1.47253  
0.0300516  1.11063  
0.872274  0.31636  
0.216233  0.915712  
3.39033  1.16885e-005  
0.0328341  1.09105  
1.68778  0.000952885  
0.000420134  1.24338  
0.906278  0.197717  
0.150604  1.05511  
1.30863  0.00277918  
0.318133  0.903038  
1.95851  0.000341836  
0.784297  0.346591  
0.175812  0.95623  
0.155765  1.05497  
3.17332  0.000320574  
5.69657e-006  1.90033  
0.736251  0.424585  
1.14368  0.0322864  
1.14677  0.0179649  
0.601806  0.559784  
0.0012632  1.21413  
0.609362  0.547203  
0.529019  0.712114  
0.423551  0.793745  
0.713211  0.485195  
1.18089  0.0114373  
1.10668  0.0558839  
0.0132094  1.12916  
1.60388  0.0021619  
4.7024  1.41553e-005  
3.42445e-006  2.33508  
2.32195  0.000463392  
3.87713  0.000334299  
4.09693  4.65562e-005  
0.43004  0.79776  
1.90403  0.00157548  
1.04695  0.204484  
0.584152  0.621991  
1.15268  0.0239635  
0.242563  0.92524  
1.70478  0.00165532  
0.743835  0.434863  
0.000960736  1.44788  
6.11494e-005  1.78205  
1.22586  0.0118728  
8.20562e-006  2.07785  
7.06663e-005  1.60303  
1.47535  0.00569689  
3.54513e-005  1.94819  
0.804917  0.369412  
