1.23398  0.0197295  
1.56261  2.02042e-009  
0.994036  0.296492  
0.0772897  1.0336  
1.46024  2.56061e-006  
1.27741  0.00122259  
1.51818  7.40589e-007  
0.703492  0.509049  
0  4.58108  
2.5791  2.86338e-016  
1.88143  1.25329e-015  
3.06492  0  
1.22826  0.198334  
1.89819  6.32223e-016  
0.76465  0.433548  
2.55873  5.68152e-016  
0.56876  0.564568  
2.35614e-011  1.06371  
7.09994e-013  1.12194  
1.177e-011  1.08268  
1.52542e-013  1.21563  
4.45142e-013  1.13233  
0.162013  0.982545  
0.512648  0.90753  
4.16591e-014  1.25846  
3.34357e-021  1.26199  
1.33682e-021  1.31891  
0  4.81111  
3.73528e-021  1.28529  
3.6537e-021  2.39028  
0.526667  0.932348  
0.201638  0.989836  
5.01394e-013  1.21253  
3.26686e-011  1.09338  
1.14194e-011  1.21115  
2.40082e-011  1.12885  
2.58584  2.87086e-016  
0.892735  0.491886  
1.97936  3.07654e-015  
1.33862  0.00128093  
0.573976  0.573976  
2.57055  5.70778e-016  
1.01099  0.309868  
1.0212  0.300667  
1.65124  2.93005e-006  
1.80272  6.76614e-008  
1.57518  1.39123e-005  
1.30467  0.0211843  
1.87544  4.4053e-009  
1.76552  8.28824e-007  
1.54008  0.000766439  
1.92819  7.06439e-015  
0.00529913  1.06787  
3.15407e-011  1.11446  
3.26922  0  
0.0804898  1.03394  
5.77088e-021  1.42921  
0  4.83828  
6.4609e-021  1.28903  
3.46709  0  
1.3422  0.0112707  
2.28062  8.86198e-015  
3.97776e-021  2.60228  
2.78649  3.09363e-016  
1.21158  0.393066  
0.542891  0.96107  
0.223764  1.01307  
0.702589  0.696179  
2.58151  5.73211e-016  
1.1096  0.594689  
0.973647  0.603457  
0.802442  0.693131  
0.00537351  1.08286  
4.48465e-021  1.54315  
1.00915e-020  3.47244  
17.2279  0  
0  4.97045  
2.13596e-014  1.30925  
13.8977  1.54295e-015  
1.31859e-015  1.3931  
5.38584e-015  1.38718  
1.82336e-020  2.94967  
1.22121e-015  1.9648  
7.77519  0.0074401  
8.02312e-015  1.36914  
8.11852e-016  1.98065  
5.36106e-020  2.9189  
9.78235e-017  2.89911  
4.05707e-016  2.24293  
5.62467e-014  1.30651  
9.87279e-014  1.29243  
13.1557  6.94208e-006  
0  5.13425  
17.8099  0  
10.6986  1.05584  
8.53244e-014  1.3215  
11.6728  0.186631  
15.4886  3.43917e-015  
13.4386  6.03988e-005  
1.7826e-020  4.23264  
