1.28985  0.456345  9.17131e-008  
0.394242  0.000851177  0.728593  
0.486234  1.03929  9.05948e-005  
0.570098  6.86963e-013  0.922139  
1.19887  0.795862  1.66473e-008  
1.02247  1.38723e-013  0.438568  
0.590196  0.964638  2.46454e-005  
0.446498  0.855671  0.0252437  
0.421886  0.693919  0.0383961  
1.08287  0.132788  0.195193  
1.17329  9.59901e-005  0.419388  
0.451813  1.12671e-012  0.826716  
0.43482  0.564682  0.124266  
0.420629  6.30619e-012  0.908201  
0.757331  0.387556  0.157666  
1.23398  0.413432  3.35348e-006  
0.725142  0.228802  0.277335  
0.526306  0.623183  0.0168293  
0.495959  0.649174  0.000520437  
0.952291  0.112424  0.227107  
0.554949  0.460613  0.205548  
0.883452  0.815381  8.96836e-007  
0.709202  0.487747  0.0848048  
1.06657  0.368387  7.4773e-006  
1.03923  0.0891876  0.286962  
1.26377  7.30913e-006  0.425323  
0.395834  0.0323994  0.647794  
0.449815  5.46042e-012  0.786395  
0.699157  0.514971  0.0556377  
0.749744  1.13289e-005  0.593296  
0.974684  0.104302  0.287278  
1.24667  0.477509  1.62013e-006  
0.509016  0.546314  0.0435376  
0.769562  5.10358e-012  0.735005  
0.427511  0.249645  0.349001  
0.404033  0.523734  0.130897  
0.918879  0.497  4.5449e-006  
0.961006  0.117558  0.222048  
0.411664  0.311034  0.400492  
0.462231  0.679611  0.000131323  
0.459625  0.0718841  0.520076  
0.788184  0.171342  0.24967  
0.812864  0.290016  0.171251  
0.866294  9.31611e-006  0.572408  
0.798406  0.442194  1.6907e-005  
0.408939  0.0255235  0.615083  
0.851973  0.151855  0.31957  
0.65462  0.32273  0.253125  
0.64531  0.528404  0.0144283  
0.705114  0.241859  0.269643  
0.684157  0.0155027  0.453  
0.829055  0.0458639  0.381054  
0.440082  0.201527  0.358539  
1.21151  0.451355  1.82666e-006  
0.846232  0.208504  0.0511883  
0.517206  2.13682e-005  0.675333  
0.830885  0.304293  0.105341  
0.790225  0.334098  0.0733192  
0.503697  2.06935e-006  0.700453  
0.456279  0.159701  0.488579  
0.628956  0.183591  0.376748  
0.838331  0.143466  0.367499  
0.614576  0.821653  8.172e-005  
1.04492  0.0254115  0.312232  
0.618982  1.9211e-005  0.539162  
0.48445  0.623475  0.0986516  
0.652213  1.28573e-009  0.763609  
0.988703  0.00977314  0.485547  
0.670261  0.205255  0.279  
0.46381  0.49923  0.2335  
0.600313  0.00027796  0.608656  
0.678721  0.338738  0.194703  
0.819566  0.0578826  0.407119  
0.407282  0.262819  0.483016  
0.416335  0.286367  0.464168  
0.614323  0.000653063  0.551703  
0.520664  0.00254492  0.524051  
0.843338  0.0117522  0.504312  
0.470497  0.282801  0.338291  
0.905353  2.03792e-013  0.765576  
1.00262  0.337279  0.0169044  
0.409279  0.504424  0.256079  
0.47611  1.04957e-012  0.770113  
0.643881  0.175894  0.307948  
0.511138  0.0533858  0.581136  
0.634656  0.355389  0.219467  
0.635284  0.189523  0.29483  
1.19813  0.640715  3.41259e-006  
0.999733  0.000266274  0.328858  
0.571039  0.456916  0.16437  
0.456619  0.633448  0.117129  
0.756719  0.338022  0.181534  
0.615538  3.22907e-009  0.65362  
0.565275  0.0205095  0.474746  
0.53981  0.273706  0.299894  
0.401081  0.445834  0.443845  
0.777338  3.24006e-012  0.698555  
0.534119  0.282766  0.317067  
0.564917  0.271895  0.275628  
0.703038  0.135517  0.408379  
