2.0944e-056  10.7812  
1.17904  0.359684  
8.09593e-056  9.10662  
1.29521e-056  12.3619  
18.3982  9.1237e-049  
1.21783e-061  18.6818  
1.87232  0.265583  
14.156  1.16566e-005  
5.08123e-077  20.7906  
0.506878  0.506878  
6.52009e-054  8.61473  
3.24129e-088  21.0535  
0  32.7292  
2.39618e-088  22.038  
1.0432e-075  20.7353  
1.75337e-076  20.7815  
4.39596e-089  22.141  
7.8792e-078  20.856  
7.32615e-076  20.7789  
17.4576  3.19106e-048  
1.76025e-091  22.5623  
7.76232e-077  20.7837  
16.9474  1.50232e-046  
3.78319e-007  1.16708  
5.8979e-006  1.02845  
5.31727e-006  1.05284  
2.43666  0.00125841  
3.57274  0.00365774  
4.35676  0.00225004  
4.64242e-007  1.16825  
4.46655e-007  1.21973  
17.273  5.3418e-005  
1.52686e-075  20.7363  
2.21029e-091  24.3291  
4.50026e-076  20.7839  
1.67596e-076  21.019  
4.09005e-088  21.3933  
1.04531e-075  20.7771  
2.34159e-076  20.9866  
0  51.2077  
3.54959  0.492196  
2.5209  0.524854  
1.3085e-056  14.2021  
2.95512e-055  9.17429  
17.1069  0.00015071  
1.75245e-056  13.5822  
0.540244  0.540244  
19.1173  9.48032e-049  
6.62952e-085  21.1192  
18.6543  1.65363e-046  
1.67248e-090  23.8523  
5.34783e-006  1.05979  
6.95966e-006  1.39964  
5.4807e-007  2.31028  
7.75397e-007  1.63309  
0.517393  1.06267  
3.93202  0.369983  
4.61128e-090  24.1543  
3.6957e-090  25.5805  
17.7446  9.58014e-005  
2.80748e-091  30.9026  
1.1981e-074  20.7486  
7.89913e-075  20.7557  
4.53621e-083  21.1385  
5.16075  0.00266526  
3.27874e-084  21.372  
5.77829e-075  20.7756  
2.45164e-087  21.421  
4.27685e-088  21.8082  
1.3034e-075  20.8536  
5.14767e-076  20.9822  
2.23762e-075  20.7947  
4.7081e-076  21.0659  
23.7425  1.1774e-048  
19.4979  1.29644e-005  
20.0502  1.77737e-046  
0  54.9404  
0.694226  0.694226  
4.23139e-053  10.1176  
3.68936e-055  11.4538  
3.07701  0.652294  
2.32763e-056  16.4157  
4.14388e-056  15.6468  
20.2495  3.70138e-048  
0  58.8384  
24.1477  1.19749e-048  
1.34119e-090  30.9334  
18.0951  0.000635044  
1.17207e-074  22.4061  
6.94891  0.00358875  
4.23645e-053  10.1297  
7.04902e-056  15.9255  
5.75753e-007  3.23609  
4.27343  0.57563  
0.747103  0.747103  
4.95949  0.477628  
0.659777  1.29179  
1.06568e-006  2.10406  
1.1454e-005  1.55463  
1.14177e-005  1.77452  
