3.26781e-032  5.33674e-016  8.71555  
8.76076e-008  3.74768  0  
8.01554  3.84793e-081  7.70698e-005  
3.43246e-028  5.60563e-012  6.19936  
3.21976e-023  1.09665e-016  1.79096  
2.76083e-028  4.50878e-012  7.72001  
1.42964e-016  2.33477  1.58136e-052  
2.26037e-016  3.69147  2.13723e-053  
6.81166  7.61536e-081  0.000244078  
7.3255  4.29157e-081  0.000242804  
2.57912e-031  4.21202e-015  8.33533  
5.91515  1.17177e-070  1.11949e-018  
1.29644e-016  2.11725  7.9648e-007  
3.17571  2.3255e-075  1.30275e-010  
5.45289  3.81302e-076  3.24005e-013  
4.92102e-007  1.67321  0  
4.28171  4.54599e-075  4.8968e-011  
2.85081  8.2865e-075  1.21075e-009  
5.85687  7.34592e-080  0.00012556  
3.83072  4.74017e-079  0.00149775  
1.99382  1.46325e-064  0.00718014  
3.40085  2.63605e-076  7.56608e-010  
3.96625  1.15288e-074  3.04366e-011  
4.69335  4.34727e-075  5.09269e-013  
4.47726  3.1308e-076  7.31547e-012  
2.68244  2.36714e-058  5.23486e-005  
2.43943  1.03887e-008  0  
2.21929  2.95024e-058  7.37356e-005  
5.13159  3.9164e-071  3.59657e-017  
4.89391  2.30562e-078  5.43306e-012  
3.29596e-021  9.21182e-017  1.5044  
2.01864e-021  1.00717e-016  1.64484  
0.873146  0.309253  0.540748  
4.95378  8.12555e-080  0.000546524  
1.58807  1.22056e-058  0.171198  
1.42116  0.277565  0  
1.77149  1.23039e-008  0  
3.38559  1.55461e-067  0  
2.31923  3.08309e-058  4.52604e-005  
0.391281  0.872694  0.434953  
5.3256  1.97682e-071  2.62864e-017  
0.0680634  1.4688  0.00073696  
0.137271  0.982896  0.233719  
0.346858  0.224422  0.918632  
0.428465  0.143303  0.943355  
0.252157  0.536415  0.873406  
0.0149612  1.38014  0.115859  
1.73897  1.27251e-080  0.00742927  
0.630543  0.379747  0.740835  
0.16865  0.64152  0.763335  
5.23483  3.12632e-080  0.000163305  
0.407087  1.07646  0.189079  
0.889599  1.2774  0  
0.485279  0.363314  0.826675  
1.56857  3.35743e-079  0.315502  
4.5493e-017  5.7012e-017  1.19117  
0.317427  0.57937  0.760206  
9.80588e-017  1.60142  0.000230727  
0.105518  1.50433  4.6876e-005  
1.20933  0.45462  0.0680985  
6.94781e-017  4.91029e-017  1.38943  
0.800312  0.0893976  0.596449  
1.37719  0.0691974  0.00282095  
1.18984  0.481473  0.000835165  
1.02339  0.00737817  0.410607  
3.31834e-005  0.187851  0.985916  
0.593454  0.748989  0.312515  
1.10656  0.3957  0.103521  
0.981038  0.0391426  0.383197  
0.775719  0.338981  0.650562  
0.951847  0.249575  0.248569  
0.739173  0.552607  0.67189  
0.224269  1.11465  0.191682  
8.00873e-017  2.04565e-020  1.30792  
0.682585  0.690041  0.334957  
1.71125e-021  1.07348e-016  1.75312  
3.20496e-019  6.93202e-017  1.1321  
0.71311  0.699774  0.254225  
0.517945  1.3055  4.33893e-005  
0.557102  0.860702  0.335616  
1.11043  0.0374889  0.1175  
3.86105  1.5482e-067  0  
0.835922  0.898151  0.0495861  
0.607324  0.821106  0.286381  
1.26453  0.800485  2.85609e-005  
0.457587  1.34819  2.37157e-005  
0.31782  0.51575  0.850568  
1.31493  0.00346403  0.248502  
0.855258  0.443776  0.276293  
1.06417  0.0359271  0.201227  
0.752146  1.20679  0.000517722  
4.93949e-005  0.105327  1.02135  
0.0056093  1.17508  0.212959  
0.578257  0.288448  0.774991  
2.63455e-018  6.39918e-017  1.04595  
0.154855  0.931886  0.389887  
0.10355  0.948747  0.329742  
0.398792  1.13009  0.0486497  
1.26946  0.000754278  0.610873  
7.64325e-017  2.96491e-017  1.33886  
