0.0177202  1.8922  
0.145712  0.226479  
3.1606e-041  3.9869  
0.308877  0.0618561  
0.0948916  0.523704  
1.12304  0.00275419  
0.130951  0.254023  
2.18238e-044  5.45668  
2.76914  3.13199e-011  
1.87581  2.79519e-010  
3.06227e-008  2.84839  
0.301432  0.071714  
7.37593e-062  6.73223  
2.39383e-005  2.80221  
0.124501  0.428716  
0.277441  0.090515  
0.0769688  0.824384  
3.51962  9.23998e-029  
0.50083  0.056163  
0.172527  0.140157  
1.0447e-060  6.23441  
9.54241e-072  8.81653  
3.16075e-010  3.12529  
5.11934  2.53869e-049  
2.37832  2.32374e-010  
4.30929  4.12671e-029  
0.000655655  2.17137  
6.50888e-070  7.39032  
1.11869  0.0403644  
1.66511e-073  19.423  
5.49494e-062  6.8475  
0.00500374  2.02405  
6.25586e-044  4.08922  
0.0031707  2.09864  
1.83924  0.00135469  
5.07659e-005  2.68171  
5.97273e-005  2.20741  
1.26303e-075  24.1605  
4.64481e-061  6.61439  
0.0973108  0.514464  
0.0532398  2.05259  
0.21277  0.21277  
9.66569e-005  2.47835  
0.219548  0.209395  
0.00545779  2.06057  
1.05969e-070  8.8751  
0.00519076  2.0997  
1.80765e-042  4.09765  
4.97832e-043  4.10368  
0.228322  0.197691  
8.40137e-061  6.81439  
0.275763  0.178681  
3.19468e-005  3.09305  
1.11303e-043  5.16565  
7.06604e-075  26.275  
6.08592e-005  2.67781  
1.98881  0.00112108  
0.00105345  2.42536  
1.17829e-069  7.54978  
2.48686  7.81043e-006  
5.92192  2.93669e-049  
2.29763  2.37128e-005  
1.88315e-005  3.59234  
2.772  6.54646e-010  
0.182564  0.285217  
3.23195e-061  7.40771  
2.05634  7.5939e-005  
0.0026601  2.21834  
0.375778  0.0879218  
1.70909e-059  6.59339  
4.05391  1.06426e-028  
1.19396  0.0188155  
1.36764  0.0035939  
8.08085e-044  6.08004  
0.340547  0.12758  
0.31095  0.165413  
0.101923  0.562508  
0.149111  0.289251  
0.952605  0.0809097  
0.141135  0.466425  
0.00215527  2.31443  
0.000597191  2.44777  
0.078446  0.995877  
1.36568e-072  28.182  
6.82277  3.38343e-049  
1.4422e-069  16.2019  
4.0383e-069  12.6397  
1.60399e-067  9.45455  
4.46724  4.96104e-026  
6.1305  4.06521e-027  
2.94046  1.03963e-009  
1.76066e-039  4.16981  
4.51177e-066  8.61076  
0.106724  0.589009  
6.33674e-064  7.69047  
0.0923938  1.70703  
2.99389e-041  4.96156  
1.81518e-059  7.00266  
2.33762e-043  6.2683  
1.10775e-042  5.60506  
