0.349589  0.357759  
1.12679e-033  1.37867  
0.319214  0.572022  
0.295649  0.864256  
0.431714  0.0239524  
0.413922  0.0425979  
2.15508  5.26685e-059  
0.348535  0.394979  
0.264838  0.87116  
0.570539  0.012664  
1.16943  1.47951e-044  
4.68377e-039  2.10998  
0.740947  0.009936  
5.52308e-029  1.07677  
0.00623476  1.05305  
1.31877e-020  1.05603  
1.8095  2.92049e-055  
0.457962  0.0210316  
0.344125  0.397919  
1.14888  3.48981e-020  
0.378955  0.0503593  
0.160016  1.00217  
0.226452  0.883211  
0.424618  0.0300053  
0.267343  0.864868  
1.16164  2.14711e-037  
0.00960483  1.01098  
0.00466582  1.05596  
2.45156e-039  3.40061  
3.16503  1.67334e-060  
0.340049  0.556119  
0.195426  0.994185  
0.141127  1.00854  
1.05105  0.00117513  
1.10445  2.75994e-006  
0.25644  0.871444  
0.638394  0.0106446  
0.299388  0.678241  
0.906031  0.00813132  
0.351066  0.203388  
1.04495  0.00625011  
2.01248  9.60534e-059  
0.305992  0.605445  
3.25897e-032  1.25799  
5.28828e-031  1.21128  
1.27683e-022  1.05681  
1.89829  2.10139e-055  
2.28157e-033  1.3103  
0.515427  0.0180403  
0.476904  0.0190175  
0.352529  0.104873  
1.65303  2.10629e-051  
0.290033  0.864678  
0.954423  0.00764197  
0.421995  0.0304366  
0.535559  0.0137793  
1.30227  8.28873e-048  
0.474912  0.0201057  
0.468862  0.020152  
0.57586  0.0125569  
0.201496  0.941994  
0.18177  0.995406  
1.15096  4.62239e-034  
8.56228e-034  1.67308  
5.25023e-032  1.23195  
3.84177e-038  1.74875  
3.13325e-034  1.72117  
2.42813e-043  3.69863  
9.15088e-039  2.09447  
3.33754  1.76454e-060  
1.18266e-041  4.73212  
2.16937  1.71638e-058  
1.23035e-041  3.74314  
9.48456e-039  3.26076  
1.46818e-038  2.55347  
1.41455e-036  2.14308  
0.353468  0.365641  
0.343483  0.633463  
0.650287  0.0123266  
0.234448  0.903541  
1.88463  2.53908e-054  
0.40987  0.102268  
1.69389  1.62986e-050  
0.0375074  1.01576  
0.301686  0.802283  
1.71448e-036  1.78345  
0.000412761  1.07391  
1.16774e-035  1.76989  
3.69636e-031  1.42134  
1.16733e-033  1.42828  
0.964066  0.00934148  
0.355151  0.140456  
0.8001  0.0107292  
1.64678e-037  2.3913  
1.49326  4.03555e-046  
5.94209e-039  3.49374  
1.31149  1.83154e-019  
1.13013  0.00138695  
8.00795e-039  3.48642  
1.19062  1.71774e-008  
