1.2662  1.5451e-048  
1.26754e-013  1.03674  
0.362775  0.125682  
0.0306476  1.01206  
8.4959e-118  3.21363  
1.08858  0.000646189  
0.367536  0.075955  
0.299124  0.758701  
1.10204  2.00176e-006  
0.822931  0.00962156  
7.40199e-117  2.09869  
1.27461  1.80796e-070  
0.377671  0.0530582  
0.234922  0.906489  
0.617024  0.0114991  
0.270987  0.850658  
0.675397  0.010778  
5.43653e-118  3.57575  
0.445541  0.0191024  
8.72784e-041  1.05184  
0.132241  0.999794  
0.128821  1.0117  
0.244478  0.900117  
0.280363  0.831023  
0.248664  0.88444  
0.29374  0.820235  
0.310237  0.678769  
0.59446  0.0129047  
1.01409e-118  4.51244  
0.325513  0.552232  
1.11911  5.85243e-041  
0.264891  0.861041  
0.970788  0.00672376  
0.189022  0.951602  
0.525302  0.0129105  
7.72039e-054  1.0524  
0.352995  0.135872  
0.339572  0.148236  
1.02687  0.000785003  
1.12081  6.16906e-045  
1.86704e-118  4.09791  
0.405775  0.0246441  
0.298244  0.81753  
0.183122  0.987396  
0.261949  0.871017  
0.207545  0.943935  
1.19507  8.74249e-048  
0.696761  0.00996071  
0.0248474  1.02106  
0.962417  0.00683884  
9.97035e-095  1.22858  
0.64734  0.0109628  
1.99646e-013  1.0282  
1.02116  0.00593776  
4.34978e-014  1.03896  
0.317693  0.668316  
0.389184  0.0394172  
0.475384  0.0143839  
1.37886e-014  1.0444  
3.51275e-117  2.65869  
1.0529  0.000705418  
0.23304  0.930625  
3.31688e-069  1.06111  
4.37155e-093  1.14211  
5.35186e-114  1.30504  
3.71795e-117  2.814  
1.43772e-118  5.08221  
7.27991e-114  1.4883  
3.77074e-097  1.33833  
1.53632e-117  3.23829  
1.72391e-116  2.45895  
3.64402e-116  2.1632  
1.10364e-117  4.17459  
2.3429e-116  2.44908  
4.52991e-093  1.18348  
1.28412  1.82144e-070  
0.345484  0.456185  
0.301823  0.765878  
0.346814  0.205216  
1.48632e-116  2.70426  
0.7939  0.0119296  
0.480565  0.021529  
0.980438  0.0069669  
0.643135  0.0123149  
0.368408  0.0799424  
0.255314  0.899243  
1.12001  0.00164968  
0.104872  1.01422  
0.199691  0.975212  
0.0409178  1.10284  
1.02352e-094  1.26121  
1.03397e-092  1.14521  
2.30301e-117  3.34647  
3.6165  0.0591172  
1.95884  0.252906  
0.584614  0.699583  
5.33689e-114  2.52809  
8.10364e-114  1.6567  
1.32492  0.58707  
0.274108  1.10027  
