8.10142e+052  2.12442e-053  
2.37525e+052  1.04113e-052  
1.12911e+052  1.436e-052  
6.53469e+051  2.45172e-052  
2.85217e+051  1.10524e-051  
3.87176e+051  4.92567e-052  
5.87788e+051  4.70837e-052  
8.12707e+050  1.48319e-051  
4.3709e+050  4.45299e-051  
6.34047e+050  2.84503e-051  
2.88009e+050  5.12234e-051  
5.65892e+050  3.38398e-051  
5.93567e+050  3.04845e-051  
4.23969e+049  4.51878e-050  
1.56158e+050  1.50711e-050  
2.31483e+050  9.00232e-051  
8.54453e+049  4.07538e-050  
2.61976e+050  6.04441e-051  
1.87222e+050  1.08557e-050  
1.30444e+050  1.53402e-050  
1.15759e+050  1.61255e-050  
1.83241e+050  1.14346e-050  
2.43504e+050  7.05203e-051  
9.61879e+049  1.80281e-050  
3.09802e+049  6.16832e-050  
2.39741e+050  8.88676e-051  
1.33876e+049  1.97499e-049  
1.47255e+049  1.80629e-049  
2.01496e+049  1.40301e-049  
7.79341e+048  2.53381e-049  
9.48596e+049  1.96251e-050  
9.05494e+049  2.47301e-050  
2.44108e+049  1.09594e-049  
2.62422e+049  9.91715e-050  
9.07914e+049  1.97272e-050  
2.10759e+049  1.37827e-049  
1.87e+050  1.09251e-050  
2.94579e+049  9.19997e-050  
6.71998e+048  4.74485e-049  
4.11401e+048  5.34305e-049  
1.64281e+048  6.94147e-049  
4.4509e+048  5.17796e-049  
3.01061e+049  8.20583e-050  
7.43601e+048  4.54605e-049  
1.05292e+048  1.83846e-048  
4.41779e+047  3.06525e-048  
7.22053e+047  1.97134e-048  
1.38747e+048  1.25304e-048  
1.30225e+048  1.47973e-048  
7.07724e+047  3.02287e-048  
3.10401e+047  4.10039e-048  
2.58974e+047  4.46164e-048  
1.88695e+047  1.01663e-047  
1.49115e+047  1.10573e-047  
1.21496e+047  1.84131e-047  
7.86767e+046  2.1421e-047  
8.87589e+046  1.88408e-047  
4.24278e+046  2.97013e-047  
2.12778e+046  7.45831e-047  
3.03371e+046  5.61639e-047  
1.55404e+046  9.74193e-047  
1.03835e+046  1.03331e-046  
3.45641e+046  4.63641e-047  
3.65637e+046  3.43087e-047  
8.09051e+045  1.55745e-046  
6.47751e+045  2.57987e-046  
2.92729e+045  4.95625e-046  
3.6515e+046  3.45446e-047  
4.36413e+045  3.81792e-046  
8.01471e+045  1.93846e-046  
2.22909e+045  5.60115e-046  
1.55983e+045  6.7575e-046  
4.87777e+045  3.47366e-046  
5.68968e+045  2.83288e-046  
5.44133e+045  3.4466e-046  
1.00121e+045  1.03272e-045  
8.15284e+044  1.40174e-045  
3.91754e+044  3.29542e-045  
6.08492e+044  1.87664e-045  
5.77393e+044  2.72581e-045  
9.93271e+044  1.32098e-045  
3.02477e+044  3.84458e-045  
5.29752e+043  4.28755e-044  
2.08321e+044  7.00922e-045  
2.68904e+044  6.84052e-045  
1.44943e+044  1.37423e-044  
1.28538e+044  1.73007e-044  
1.9675e+044  1.0186e-044  
5.95127e+042  1.80477e-043  
9.02066e+043  2.0591e-044  
8.6483e+043  2.67278e-044  
2.78336e+044  4.49177e-045  
1.98884e+044  9.76889e-045  
14349.9  0.000107386  
36.0259  0.0396175  
9.54704e+052  2.12204e-053  
8393.61  0.00025125  
3202.07  0.000388981  
2337.92  0.000642086  
1577.72  0.000766633  
