3.74167e+034  3.88667e-035  
3.19776e+034  4.09122e-035  
1.51405e+034  9.78992e-035  
9.90073e+033  1.33953e-034  
5.41006e+033  2.4828e-034  
4.52831e+033  2.84794e-034  
2.25324e+033  4.86537e-034  
1.14001e+033  9.96525e-034  
1.56627e+033  7.65376e-034  
2.00103e+033  6.22037e-034  
6.26282e+032  1.82817e-033  
4.94458e+032  2.22505e-033  
3.2551e+032  3.57992e-033  
2.06923e+032  5.18737e-033  
1.58478e+032  6.54638e-033  
2.9008e+032  3.82102e-033  
2.36302e+032  4.76024e-033  
1.27037e+032  7.94978e-033  
2.5774e+032  4.19539e-033  
1.0261e+032  1.06378e-032  
2.73765e+032  3.87522e-033  
1.50963e+032  6.90319e-033  
9.11445e+031  1.12003e-032  
8.35972e+031  1.29498e-032  
7.48702e+031  1.34882e-032  
5.96215e+031  1.73723e-032  
4.12899e+031  2.67703e-032  
4.55454e+031  2.3683e-032  
5.24363e+031  2.02305e-032  
6.70376e+031  1.73671e-032  
2.59769e+031  4.01792e-032  
3.37775e+031  3.66389e-032  
6.78293e+031  1.4889e-032  
3.38378e+031  2.9909e-032  
5.1092e+031  2.16885e-032  
2.13817e+031  4.76007e-032  
1.90618e+031  5.62143e-032  
1.48158e+031  7.1471e-032  
1.79177e+031  6.11806e-032  
2.3171e+031  4.61543e-032  
1.41978  0.724359  
1.#INF  0  
2.445e+031  4.31723e-032  
1.69686e+031  6.26234e-032  
1.63071e+031  6.54791e-032  
2.5497e+031  4.20696e-032  
7.07191e+030  1.51793e-031  
1.36787e+031  7.65485e-032  
1.27672e+031  8.17239e-032  
2.35881e+031  4.37457e-032  
1.04968e+031  9.98124e-032  
7.80776e+030  1.34682e-031  
1.19992e+031  8.55712e-032  
6.41503e+030  1.56615e-031  
9.8533e+030  1.0337e-031  
1.26164e+031  8.25169e-032  
8.95073e+030  1.13081e-031  
1.41959e+031  7.17877e-032  
1.14048e+031  9.24221e-032  
8.43865e+030  1.21697e-031  
9.20255e+030  1.10827e-031  
1.63231e+031  6.40342e-032  
9.65777e+030  1.06551e-031  
1.16714e+031  9.16505e-032  
1.09263e+031  9.49399e-032  
3.99251e+030  2.75055e-031  
1.40586e+031  7.60768e-032  
5.08984e+030  1.98563e-031  
2.58965e+031  4.08563e-032  
4.80527e+030  2.22544e-031  
3.62437e+030  2.85773e-031  
1.08804e+031  9.95003e-032  
4.33831e+030  2.45401e-031  
2.34103e+031  4.5728e-032  
3.75395e+029  3.23966e-030  
7.31781e+029  1.39481e-030  
3.05844e+030  3.44393e-031  
8.09498e+030  1.34365e-031  
6.1534e+030  1.66764e-031  
5.30997e+030  1.9311e-031  
4.14597e+030  2.50698e-031  
2.41342e+030  4.48833e-031  
5.43767e+030  1.84791e-031  
2.2028e+030  4.74984e-031  
3.47088e+030  3.03517e-031  
5.88407e+030  1.71525e-031  
5.61372e+030  1.84522e-031  
4.57284e+030  2.27677e-031  
5.72071e+030  1.78462e-031  
2.8641e+030  3.63308e-031  
8.23653e+030  1.23141e-031  
2.78892e+030  3.84381e-031  
1.55342e+030  6.79478e-031  
1.98075e+030  5.37095e-031  
4.61069e+030  2.26805e-031  
1.35497e+030  7.54264e-031  
9.4585e+029  1.13871e-030  
2.11784e+030  5.05165e-031  
3.2679e+030  3.28158e-031  
1.10152e+030  9.28778e-031  
