0.688144  0.334099  
1.43538  1.11523e-006  
1.5604  1.23209e-007  
0.0837599  0.938261  
0.0723843  0.958483  
1.83212e-055  1.07433  
1.90469  0  
1.31007  6.79021e-005  
2.56067e-066  9.24768  
0.479538  0.593141  
0.391629  0.625905  
0.58841  0.476888  
0.28761  0.734818  
0.589991  0.447301  
0.197249  0.828999  
0.26926  0.796975  
0.291918  0.718934  
0.274961  0.739926  
0.192064  0.847184  
0.16158  0.869487  
0.500035  0.522578  
2.72628e-053  1.01628  
0.157388  0.870177  
1.02114  0.132474  
0.208151  0.824288  
0.0726073  0.947553  
1.04561  0.0568266  
0.895635  0.273692  
3.02604e-059  2.03178  
1.09606e-051  1.00458  
0.0567783  0.973224  
0.0520379  0.974969  
7.24612e-054  1.02466  
1.07028  0.0285903  
0.151691  0.911318  
0.0492106  0.996805  
3.63431e-054  1.02802  
3.38308e-055  1.05901  
0.925081  0.258041  
1.30294  0.0107176  
1.30839  0.00603372  
0.953624  0.134965  
0.93174  0.23483  
9.47307e-056  1.30752  
1.0307  0.0742992  
2.83335e-067  10.0133  
1.0553  0.0552065  
3.09099e-067  9.97421  
1.14853  0.0186635  
1.06831  0.029599  
1.123  0.021274  
5.56028e-068  10.3318  
2.76678e-067  10.0719  
1.45903e-066  9.35833  
9.70471e-068  10.1959  
1.95534e-067  10.3987  
1.98657  0  
2.53512e-058  7.14984  
1.45911e-057  3.86956  
2.0522e-066  9.85521  
1.48261e-055  2.47911  
2.10688e-055  1.09351  
1.78494e-057  2.99234  
0.743832  0.381918  
2.5563e-067  10.2638  
0.594064  0.461058  
1.7147  1.35393e-007  
0.277132  0.753915  
3.09308e-067  9.98098  
1.15005  0.02466  
0.895634  0.337182  
1.32844  0.00947396  
0.502851  0.54359  
1.07532  0.0405965  
1.04079  0.141147  
1.37541  0.00423731  
0.391212  0.721209  
0.496605  0.601367  
0.205856  0.85673  
0.985464  0.268616  
1.53548  0.00212072  
0.990585  0.17637  
0.409618  0.657721  
0.938638  0.30981  
1.64014  3.29833e-007  
1.5126e-066  9.94302  
0.153755  0.942794  
0.0948057  0.945262  
1.57113  7.26187e-006  
0.403322  0.667483  
0.0732117  0.969439  
0.16158  0.901564  
1.1019e-051  1.00993  
0.0523633  1.00108  
0.0490303  1.00851  
0.18395  0.874389  
6.53226e-054  1.0648  
0.178238  0.897292  
0.083977  0.959586  
0.201432  0.868739  
