0.814445  0.334509  
0.0538338  1.04703  
0.481149  0.693943  
0.755353  0.344261  
0.398387  0.788973  
0.449694  0.709506  
0.207076  0.905207  
0.249517  0.876935  
0.660204  0.494414  
2.09233  2.5564e-006  
0.499526  0.621427  
0.362695  0.804325  
4.25005e-008  1.18212  
0.43797  0.711688  
0.8203  0.280758  
0.0761062  1.03404  
0.599873  0.541699  
0.90516  0.192315  
0.411522  0.762233  
2.16682  1.65464e-006  
0.855681  0.266052  
1.6125  1.22046e-005  
0.595931  0.544351  
0.695985  0.426135  
2.90653  1.31698e-008  
0.982564  0.151997  
0.9375  0.189532  
0.173268  0.937451  
0.668535  0.436519  
0.72152  0.374702  
0.0220563  1.07501  
0.332343  0.857071  
2.79109e-009  1.80385  
0.607158  0.512492  
0.176086  0.931992  
2.52391  1.52766e-007  
0.00219051  1.11655  
1.1918  0.000198802  
0.484501  0.689835  
0.171863  0.988841  
0.0780293  0.99148  
0.554179  0.55829  
1.9064  5.40712e-006  
1.06935  0.0745315  
0.414121  0.751734  
1.17463  0.0024537  
1.17901  0.00159926  
1.36746  0.000131815  
1.46633e-008  1.24866  
1.39584  1.33505e-005  
1.07716  0.00327494  
2.94345e-009  1.25929  
1.52527  2.02851e-005  
1.09882  0.0138287  
1.49428  2.73752e-005  
0.640884  0.528011  
0.610896  0.529984  
0.0787068  1.05512  
1.41956  0.000123263  
1.47762  6.59198e-005  
5.48744e-009  1.60422  
1.17525  0.0113826  
2.92021  1.48084e-007  
2.22986  4.23595e-006  
0.707873  0.46437  
0.488205  0.711985  
0.393268  0.825125  
2.23364  2.32799e-006  
2.46926  2.27804e-006  
0.0050839  1.1413  
0.534688  0.691636  
0.00022441  1.18216  
0.0594507  1.07624  
0.383374  0.847299  
0.564364  0.585073  
1.3455  0.000282944  
1.37063  0.000142303  
0.0300516  1.11063  
0.872274  0.31636  
0.216233  0.915712  
0.723099  0.418505  
0.0328341  1.09105  
0.539155  0.68272  
1.20125  0.0025093  
0.906278  0.197717  
0.0148955  1.12851  
1.07724  0.155148  
0.784297  0.346591  
0.175812  0.95623  
0.434483  0.776686  
0.601806  0.559784  
0.609362  0.547203  
0.423551  0.793745  
0.0132094  1.12916  
0.2928  0.895243  
0.14355  1.00765  
4.33368e-008  1.20538  
0.357754  0.862227  
1.02811  0.169643  
1.23936  0.00162147  
