7.65625  0  1.84614e-032  
2.48659e-016  5.13739e-025  4.06091  
2.96825  5.17822e-022  0  
3.66189e-013  3.25103  5.10998e-020  
1.74048e-029  1.4754e-016  2.40951  
5.60709  7.55282e-040  3.70035e-050  
4.20246  3.14093e-038  4.98017e-054  
6.54533  0  5.41558e-032  
2.82854e-029  1.14527e-016  1.87037  
5.84384  0  4.21841e-031  
7.1684  1.08527e-039  5.98049e-053  
2.51155  0  3.87612e-030  
6.83797  0  2.8302e-032  
3.51353  2.13307e-022  0  
8.97245e-017  2.14533e-024  1.46531  
3.64413  4.13205e-039  4.3029e-053  
1.91034e-016  3.11982  6.14256e-015  
3.13435  2.35397e-038  7.07725e-053  
1.70359e-016  2.78217  6.92226e-015  
3.98529  4.3969e-039  1.54017e-053  
3.50593e-005  2.65341  0  
1.30937e-016  2.13836  0.000225368  
1.78543  7.16823e-032  0.0523986  
1.42131  0.00276719  0  
0.719569  0.143534  0.971895  
0.00640955  2.39528  0  
1.62283  1.28146e-031  0.183545  
0.0846139  2.33254  0  
0.00121057  1.92825  0.000383389  
1.66168  0  1.38686  
2.33037  1.87939e-039  0.012129  
5.61917  5.8611e-040  6.60524e-053  
1.05984  0.0449986  0.253177  
1.07856e-016  1.76143  0.000421369  
2.18893  5.46613e-028  1.58374e-044  
2.05603  1.18902e-035  0.00847599  
4.01867  2.8347e-039  5.15701e-054  
0.000479366  2.02086  4.13328e-005  
1.95444  2.80315e-034  0.0162965  
1.30908  0.264789  0.0349136  
0.404591  0.595314  0.717414  
0.56284  0.554979  0.82672  
0.633217  0.712611  0.545983  
0.935022  1.46349  0  
0.501258  0.796543  0.401956  
4.20007  0  4.49824e-031  
0.138463  0.616837  0.916174  
0.170989  0.884905  0.83999  
0.990862  0.233488  0.26162  
7.77528e-017  4.39181e-022  1.2698  
0.898735  0.106882  0.87355  
2.27457  2.03645e-038  0.128422  
3.0589  7.66342e-036  3.42852e-051  
0.575555  0.680368  0.598134  
0.601924  1.61475  6.32294e-044  
0.229586  0.758283  0.627809  
0.428568  0.798357  0.51896  
0.000944503  1.31502  0.773323  
1.18453  0.195661  0.106307  
1.149  0.313048  0.00932239  
1.67327  0.000793828  0.110485  
1.3746  0.401461  1.20278e-050  
0.673587  0.673115  0.323967  
0.787376  1.24313  0.00031833  
0.323136  1.5561  3.9103e-039  
0.251305  0.860851  0.463846  
0.00145429  1.40122  3.22097e-005  
0.362787  0.744434  0.757597  
0.746215  1.13325  0.0583005  
0.852631  0.4241  0.485992  
0.294979  1.17016  0.181033  
0.129709  1.20293  0.0212318  
0.876507  0.3317  0.50642  
1.02563  0.765405  0.0816372  
1.1765e-008  2.73083  0  
0.828451  0.457154  0.368678  
0.00386151  0.94569  0.655659  
0.819909  0.817025  0.140517  
0.758993  0.54521  0.364122  
0.884353  0.496387  0.246745  
0.0966076  1.06976  0.210928  
0.0916581  1.70765  0  
0.917425  0.379981  0.255196  
0.15608  0.972438  0.27035  
0.309723  0.916604  0.340882  
0.000359414  1.51518  0.0415942  
0.0506232  0.928762  0.430148  
0.389826  0.840482  0.386769  
1.97785  1.15939e-031  0.00306863  
0.0399835  1.09537  0.209873  
1.21356  0.286696  0.0168656  
0.0116773  1.32548  0.00432027  
1.25143  0.00243644  0.102064  
1.16021  0.108178  0.211521  
1.0157e-016  1.65876  0.270409  
0.663295  0.66283  0.406782  
0.753123  1.01744  0.238799  
0.0159599  2.38034  4.68672e-015  
0.0730899  1.01905  0.245852  
3.66715e-017  6.28165e-017  1.18789  
