3.39428  5.12823e-038  2.29581e-028  
0.00026641  2.66792  4.38641e-045  
3.35656  1.12347e-042  7.92468e-027  
1.07478e-014  3.785  5.41173e-037  
2.39836  0.0110181  1.56734e-042  
3.14264  7.23595e-038  2.67753e-027  
1.55211e-018  4.19476  2.01414e-034  
1.97407  9.38952e-036  7.78676e-034  
1.14815e-019  3.30947  8.08775e-034  
2.36026  2.86387e-036  1.15499e-033  
0  0.510236  0.701142  
9.30539e-006  2.96847  2.49399e-040  
2.52888e-022  4.85859e-014  1.02335  
0.000343832  1.01421  7.25962e-012  
0.667192  0.0349954  0.102933  
6.36839e-025  0.426042  0.294427  
1.56442e-009  2.15084  3.01598e-033  
1.28005e-009  2.5102  2.42063e-038  
1.29246  1.9954e-028  8.33209e-026  
0.542028  0.809894  2.81405e-027  
1.72016  8.56533e-037  2.66761e-033  
1.08917  9.36022e-028  3.90851e-025  
1.59516  5.7692e-035  9.7583e-032  
0  0.954489  0.609192  
0.0348606  1.10369e-023  1.83064  
0.0694091  0.956673  1.10439e-036  
0.0901902  1.36316e-015  1.51424  
1.45016  1.41555e-034  4.62884e-033  
0.00656308  1.82537  1.8094e-042  
0.904911  2.72342e-013  0.477212  
0.399824  6.51992e-026  0.597705  
8.42246e-006  2.0956  7.79943e-037  
0.511029  0.0478022  0.0382146  
0.779831  0.684268  2.26951e-037  
0.00233776  0.125826  0.907745  
0.000168212  0.0851515  0.967537  
4.45116e-011  1.52045  1.0408e-019  
1.573e-018  2.10924e-020  1.91713  
0  1.01978  4.65506e-013  
0.000350425  1.06126  3.41864e-016  
0.103703  4.75947e-017  1.66498  
0.444127  0.038288  0.0611742  
0.000138063  1.24159  4.86671e-032  
3.69781e-027  6.17516e-008  1.55632  
2.15001e-016  9.78064e-022  1.66747  
0.207686  0.483801  0.0196245  
4.45821e-008  0.215832  0.404874  
5.82401e-030  0.530125  0.351092  
1.07421  9.78756e-015  7.91236e-014  
0.341155  0.261787  0.0163017  
1.36051  5.29258e-030  3.70493e-026  
3.17039e-025  1.95202  1.36352e-013  
0.840519  0.025291  0.0230925  
0.284894  0.862072  2.1326e-041  
0  0.00115462  1.02653  
0.276237  9.76939e-021  0.673212  
2.85427e-034  0.314234  0.560406  
0.745429  0.197118  0.000155613  
4.72606e-007  3.01693  7.46329e-041  
0.30045  0.391642  0.000772877  
0.0554378  0.0850861  0.725884  
0.967314  0.00412582  0.0105005  
6.25415e-015  0.341413  0.344246  
0.190991  0.581795  1.11124e-010  
0.00442759  0.0403021  0.857169  
0.621598  0.102092  0.00701597  
9.77635e-024  0.000135056  1.25643  
0.57996  0.172314  0.00318237  
0.164007  0.619412  0.0888437  
0.0318141  1.20248  3.01732e-021  
1.02745  0.0356105  0.00781131  
1.70337  6.79713e-006  7.07622e-041  
0.000366214  1.47549e-005  1.01555  
0.517635  0.773446  3.27316e-026  
3.24583  2.99855e-041  1.17384e-023  
0.24268  0.788588  1.78367e-024  
0  0.477866  0.707517  
0.154634  1.32865e-012  0.529971  
0.000137613  1.4092  1.27098e-017  
7.58615e-007  3.11169  1.04077e-042  
3.31419  3.42086e-040  3.76391e-025  
0.127611  0.745665  2.64008e-023  
0  0.765479  0.670523  
2.9513e-011  3.20744  2.0107e-040  
0.000844282  7.62307e-016  1.63739  
0.261443  1.74622e-008  0.446805  
0.0457649  0.185462  0.765177  
3.1919  1.41918e-038  1.83067e-023  
6.58197e-007  3.23793  8.38971e-045  
0.351359  0.654664  2.78984e-011  
1.66328e-011  3.13144  2.78198e-031  
0.0286886  1.23615  2.15721e-022  
0.126497  1.27624  6.02469e-042  
2.78139  0.00429781  3.27448e-033  
1.76513e-032  0.00983701  1.24605  
0  0.012088  1.19856  
3.85552e-008  3.07801  0.00818416  
1.34601  5.65673e-021  1.01763e-019  
1.66599  1.07616  4.21828e-032  
0.885846  0.371903  0.137892  
