1.24233e-032  2.02888e-016  3.31341  
1.93135  0  0.00498779  
3.16053  1.62961e-019  0  
3.78409  0  2.48453e-005  
0.548431  5.87917  1.14635e-076  
1.32826  4.58823  4.25816e-077  
5.60869e-025  9.15968e-009  2.93453  
4.24494e-024  6.93251e-008  2.17934  
6.71792e-016  2.3715  2.46187e-009  
1.09681e-016  1.79122  5.26157e-007  
0.622323  3.87023  3.87676e-076  
9.09368e-016  3.21017  5.53328e-010  
2.56694  3.13406e-051  1.06597e-011  
6.49305e-017  5.12656e-017  1.35107  
2.44747e-017  1.03498e-016  1.73686  
1.38347e-015  2.7378  1.36178e-010  
2.23262  0  0.0034398  
2.93968  2.12342e-051  4.96733e-012  
0.284489  3.02348  9.41422e-011  
0.00195414  4.15606  1.56709e-076  
0.910907  3.90774  3.0107e-076  
4.17356e-021  1.14908e-016  1.87659  
2.18037  1.40867e-047  1.00323e-006  
1.75006e-016  2.85807  2.85092e-008  
4.02862e-017  0.657924  1.2155  
1.20083e-014  4.40548  1.00092e-075  
1.37293  0.0208117  0.147365  
0.000517493  1.5906  0.00888888  
0.529055  1.26818  0.0179902  
1.57128  9.83534e-048  0.104148  
1.22141  1.27594e-050  0.558508  
0.410438  0.853853  0.513777  
3.11497  6.74574e-053  1.02704e-014  
1.52538  0.000152973  0  
0.356195  0.540117  0.898428  
1.69364  1.6917e-045  3.56489e-009  
0.662682  0.673308  0.414547  
1.32177e-012  4.22995  5.87207e-073  
8.10626e-012  3.15964  7.89677e-075  
2.66039e-016  4.34475  1.46556e-008  
2.95484  2.52009e-047  1.15088e-014  
0.483799  0.359306  0.834387  
0.0904896  0.000403349  1.09429  
0.0406979  1.13947  0.148639  
0.643012  0.0641862  0.78851  
0.0484873  1.50874  0.0159302  
0.586464  0.81051  0.261759  
0.173367  0.74965  0.727137  
0.217472  1.41095  0.00123242  
0.132514  0  1.03416  
0.782034  0.566599  0.385779  
0.864599  0.447999  0.235818  
1.8747  1.87672e-050  0.0862966  
0.709853  0.156193  0.691547  
0.0231352  1.47185  0.135456  
0.941578  0.27603  0.256728  
1.10687  0.691991  0.0289274  
1.14004  0.0196864  0.159506  
0.42147  1.30928  0.00669278  
1.37263e-017  1.13209e-016  1.86238  
0.63407  0.459686  0.67125  
0.613843  0.142502  0.860739  
1.00837  0.40585  0.198201  
0.814484  0.515526  0.330532  
0.686312  0.212044  0.712828  
1.27087  0.378197  0.0846736  
0.00175917  1.02743  0.355472  
0.297493  0.218998  0.978524  
6.81013e-017  0  1.11218  
0.0232051  0.721342  0.81391  
0.836582  0.121483  0.730027  
0.271738  1.33121  0.00160477  
0.897451  0.337162  0.314232  
1.7637  1.01531e-045  0.0782153  
0.736404  0.62225  0.352634  
0.164147  0.9257  0.60473  
0.685173  0.247204  0.74796  
1.77417  7.38687e-046  2.09601e-009  
0.383463  0.883284  0.318782  
0.672005  0.0148786  0.950562  
0.144763  0.127395  0.993335  
0.620734  1.0664  0.174491  
0.756915  0.596825  0.338589  
1.90621  1.95841e-049  0.0494515  
0.0400162  1.12038  0.171535  
0.0128067  1.39131  0.141466  
0.985714  0.833212  0.180955  
0.249594  0.978098  0.195753  
0.330009  0.84553  0.642266  
1.25993  0.647752  0.143033  
9.63775e-017  1.57396  0.144999  
0.508617  0.835329  0.312737  
0.251455  0.907864  0.682965  
1.07745  0.009258  0.269435  
0.00667324  0.968531  0.285817  
1.34362  4.47032e-051  0.620472  
1.02461  0.266591  0.178191  
0.806768  0.0202563  0.780964  
0.936207  0.339664  0.211981  
1.05064  0.0157178  0.187387  
