1.45106e+042  9.24159e-043  
2.08616e+041  6.30634e-042  
1.73466e+041  7.72006e-042  
1.29259e+041  9.7666e-042  
8.78732e+040  1.4428e-041  
1.08716e+041  1.08943e-041  
5.18771e+040  2.63727e-041  
4.88964e+040  2.74523e-041  
4.06927e+040  2.8746e-041  
2.84236e+040  4.26793e-041  
3.3194e+040  4.20217e-041  
2.31298e+040  5.38706e-041  
3.69296e+040  3.3451e-041  
9.30465e+039  1.30626e-040  
1.14239e+040  1.10073e-040  
1.41809e+040  8.04791e-041  
2.08486e+040  5.59648e-041  
3.8787e+040  3.05478e-041  
6.48983e+039  1.7686e-040  
1.59172e+040  7.9707e-041  
1.91141e+040  6.45543e-041  
1.70862e+040  7.26216e-041  
5.24968e+039  2.59912e-040  
3.77135e+039  3.31752e-040  
2.56653e+039  4.30035e-040  
1.82299e+040  6.81765e-041  
4.25847e+039  2.81554e-040  
1.8406e+040  6.53783e-041  
5.66225e+039  2.14448e-040  
5.97128e+039  2.00863e-040  
1.83147e+039  5.90043e-040  
6.29794e+039  1.88868e-040  
2.20568e+039  5.18327e-040  
3.95769e+039  3.02645e-040  
1.5753e+039  6.85358e-040  
1.21604e+039  9.08537e-040  
2.41429e+039  4.91263e-040  
2.3416e+039  5.02044e-040  
1.47901e+039  7.79259e-040  
1.38463e+039  8.06592e-040  
7.47229e+038  1.59109e-039  
1.11339e+039  1.08177e-039  
8.7175e+038  1.36629e-039  
6.9804e+038  1.59637e-039  
1.39343e+039  7.84326e-040  
9.61026e+038  1.19219e-039  
1.04681e+039  1.12477e-039  
1.02697e+039  1.12603e-039  
4.8478e+038  2.22971e-039  
6.452e+038  1.68817e-039  
6.21255e+038  1.78006e-039  
5.70115e+038  1.87505e-039  
9.1094e+038  1.33137e-039  
5.41286e+038  2.22513e-039  
3.30908e+038  3.35936e-039  
9.38316e+038  1.21499e-039  
4.56209e+038  2.40044e-039  
3.05863e+038  3.78191e-039  
4.09648e+038  2.63362e-039  
4.25464e+038  2.52777e-039  
4.4272e+038  2.50516e-039  
2.39281e+038  4.81227e-039  
2.22035e+038  4.96211e-039  
3.90222e+038  2.9347e-039  
3.58982e+038  3.31656e-039  
2.95217e+038  3.88104e-039  
5.53059e+038  1.95124e-039  
2.80516e+038  3.98824e-039  
3.7204e+038  3.00034e-039  
2.53446e+038  4.40878e-039  
2.71288e+038  4.3447e-039  
3.80657e+038  2.97491e-039  
1.50783e+038  7.36162e-039  
8.22731e+036  1.40019e-037  
1.60063e+038  7.24478e-039  
1.90583e+038  5.8579e-039  
2.10431e+037  5.24875e-038  
2.52336e+038  4.63672e-039  
1.80214e+038  6.08248e-039  
2.1013e+038  5.21887e-039  
9.2455e+037  1.20364e-038  
3.5935e+038  3.29187e-039  
1.32986e+038  8.69356e-039  
2.07128e+038  5.54423e-039  
4.21823e+037  2.59053e-038  
1.42698e+038  7.63945e-039  
5.44964e+038  2.09594e-039  
1.02588e+038  1.09554e-038  
1.96096e+038  5.55257e-039  
1.66608e+038  7.20144e-039  
3.34336e+037  3.2981e-038  
7.92651e+037  1.36722e-038  
7.41334e+037  1.44471e-038  
1.06977e+038  1.01777e-038  
1.23353e+038  9.26667e-039  
1.15647e+038  9.37513e-039  
2.72172e+038  4.08433e-039  
1.14014e+038  9.98137e-039  
4.58213e+037  2.41039e-038  
1.76813e+038  6.09625e-039  
