0.871889  0.34374  
0.888935  0.298983  
0.911698  0.24997  
0.451763  0.714956  
1.29338  0  
0.460405  0.651943  
3.41251e-025  1.06462  
0.456089  0.691659  
0.687274  0.405016  
0.231869  0.818314  
0.0773245  1.00579  
0.198263  0.879362  
0.0801847  0.943968  
0.108148  0.931493  
2.25492e-023  1.04594  
4.59192e-035  1.42469  
0.313877  0.788916  
0.848736  0.348039  
0.512953  0.560852  
0.432951  0.73302  
1.45539e-032  1.35143  
2.30558e-034  1.35145  
2.76026e-032  1.23748  
1.03385e-036  1.53905  
0.248016  0.8753  
2.97388e-032  1.24774  
2.43368e-033  1.36074  
0.92689  0.316919  
2.5755e-035  1.62959  
5.85469e-036  1.72532  
0.620458  0.629679  
0.908069  0.372369  
2.51173e-023  1.05712  
0.0964136  0.947713  
2.11822e-034  1.55123  
0.615464  0.643223  
1.14184  0.254659  
0.521117  0.719842  
0.233804  0.930396  
0.717553  0.556994  
0.330584  0.830907  
0.597819  0.674483  
1.33374  0.0987089  
1.32501  0.16845  
0.083766  0.986129  
0.46742  0.739734  
1.05316  0.267489  
1.35345  0  
5.39521e-024  1.09278  
0.733729  0.432393  
3.56378e-025  1.11182  
1.81266e-023  1.08371  
1.30086  0.243877  
0.917643  0.324471  
4.36957e-036  2.14128  
9.24631e-036  2.0868  
5.39558e-036  2.51104  
2.69899e-033  1.50528  
2.4183e-035  2.00333  
3.44605e-032  1.38589  
2.95317e-035  1.86855  
0.256072  0.896475  
3.52988e-032  1.32856  
1.0359  0.341478  
1.00125  0.342343  
4.07374e-033  1.46086  
1.8966e-032  1.40759  
0.632056  0.632056  
7.82468e-034  1.55844  
0.996606  0.420285  
0.241294  0.983452  
1.33397  0.252204  
0.088233  1.03872  
2.81779e-024  1.30048  
0.20476  1.02166  
2.33002e-023  1.08887  
0.465698  0.837241  
3.97735e-024  1.27009  
5.50632e-024  1.11528  
0.724293  0.619456  
0.601352  0.675101  
1.48455  0  
1.44035  6.01012e-007  
1.40032  0.178025  
1.36226  0.181083  
1.16841  0.268643  
1.07935  0.339072  
0.495353  0.790015  
0.347382  0.855021  
0.0610169  1.07511  
0.739336  0.561023  
0.739923  0.448844  
0.109769  1.02937  
1.35082  0.230486  
4.96466e-035  1.6459  
0.571135  0.734158  
2.05333e-035  2.11299  
1.5501  0  
1.02051  0.348927  
0.777497  0.471636  
