2.48659e-016  5.13739e-025  4.06091  
2.96825  5.17822e-022  0  
3.66189e-013  3.25103  5.10998e-020  
1.74048e-029  1.4754e-016  2.40951  
7.2353  2.41067e-048  1.09365e-059  
1.50935  0  1.09434  
4.73675  5.41895e-047  1.04636e-060  
3.34266  0  3.80224e-044  
5.41114  2.32213e-047  8.65749e-062  
6.48765  1.47963e-047  2.97465e-060  
2.82854e-029  1.14527e-016  1.87037  
6.55319  6.09427e-048  2.04353e-060  
5.17042  1.17921e-047  3.16102e-060  
0.00155179  2.28388  0  
8.97245e-017  2.14533e-024  1.46531  
2.00266  3.05391e-044  0.0948925  
1.91034e-016  3.11982  6.14256e-015  
3.50593e-005  2.65341  0  
2.57862  2.85446e-046  1.11084e-060  
1.70359e-016  2.78217  6.92226e-015  
3.26332  0  6.1654e-037  
7.22708e-006  2.02611  4.85617e-008  
7.77528e-017  4.39181e-022  1.2698  
2.40043  9.97963e-043  0.00379785  
1.29924  0.000623536  0  
0.601924  1.61475  6.32294e-044  
1.07856e-016  1.76143  0.000421369  
0.000359414  1.51518  0.0415942  
0.0675148  1.34644  8.77118e-007  
0.719569  0.143534  0.971895  
2.23238  9.09364e-043  0.0129545  
0.56284  0.554979  0.82672  
1.24782  2.61019e-042  0.141855  
0.362787  0.744434  0.757597  
0.404591  0.595314  0.717414  
0.898735  0.106882  0.87355  
0.616356  1.30954  0.00332937  
0.0021356  1.19928  0.0132565  
0.575555  0.680368  0.598134  
3.66715e-017  6.28165e-017  1.18789  
0.633217  0.712611  0.545983  
1.13703  2.38206e-005  0.331977  
0.138463  0.616837  0.916174  
0.251305  0.860851  0.463846  
0.0189231  1.16351  0.0817397  
2.10261  4.39826e-042  0.00332665  
0.170989  0.884905  0.83999  
0.207259  1.08058  0.396143  
0.930855  0.271818  0.410667  
0.00386151  0.94569  0.655659  
0.309723  0.916604  0.340882  
0.876507  0.3317  0.50642  
0.125517  1.94671  6.0557e-010  
0.323136  1.5561  3.9103e-039  
0.229586  0.758283  0.627809  
0.26193  1.09792  0.0544806  
0.426965  1.02847  0.196326  
2.18955  1.58512e-038  2.56177e-053  
1.1765e-008  2.73083  0  
1.12854e-016  1.84305  3.31206e-005  
0.0603463  1.11557  0.0828109  
0.806429  0.505114  0.317472  
1.04079  0.382089  0.194766  
0.751338  0.837843  0.166322  
0.0183857  1.8885  1.65115e-009  
0.696829  0.724091  0.387028  
0.0756797  0.337736  1.01929  
0.958418  0.19807  0.251959  
0.534738  1.0057  0.111792  
2.0418  2.16536e-042  0.0105904  
0.547404  0.977826  0.10286  
0.969746  0.0647028  0.281855  
0.828451  0.457154  0.368678  
0.480125  0.796453  0.410194  
2.49577  2.88061e-045  2.59721e-059  
1.09012  0.027323  0  
1.05625  0.784998  0.14813  
0.848688  0.403459  0.357866  
0.904115  0.309009  0.324649  
0.727556  0.656888  0.330757  
0.525947  0.821942  0.377833  
0.0828517  1.5316  6.12731e-007  
0.652071  0.752712  0.226077  
0.383639  0.94506  0.293094  
0.929629  0.476213  0.300146  
0.942895  0.421939  0.243483  
0.497054  0.893896  0.232578  
1.05281  0.0296568  0.176875  
0.806332  0.607428  0.39256  
0.436604  0.832958  0.364323  
1.00286  0.409873  0.161468  
1.01848  0.00664982  0.219724  
0.962749  0.19276  0.238529  
2.55854  1.10998e-045  1.3439e-059  
6.24205e-017  6.62739e-020  1.0194  
0.487695  0.856968  0.270612  
0.976333  0.00974317  0.370393  
2.50263  0  1.58257e-030  
0.930939  0.28389  0.279516  
9.76266e-006  1.94499  4.69287e-007  
