0.0246706  2.18686  
1.31591  0.529878  
0.845057  0.910491  
0.548743  0.958987  
0.847947  0.909674  
0.515893  1.13459  
0.254808  1.7086  
1.88601  0.000128069  
0.304827  1.66751  
1.37315  0.479807  
1.93408  9.17349e-005  
1.43383  0.174144  
0.250803  1.74618  
1.47149  0.000136152  
2.15678  8.67314e-011  
2.04933  9.06149e-005  
0.143097  2.18056  
0.864836  0.711505  
0.909175  0.710579  
2.06674  1.0272e-007  
6.64455e-007  2.51068  
2.97106  3.77353e-012  
3.6709  4.67055e-013  
1.12426  0.550727  
0.92211  0.60472  
4.43003e-008  3.14231  
2.38325  4.62438e-011  
1.32045e-008  4.09371  
5.92207e-009  5.339  
7.29123  8.09489e-016  
4.04091  7.1781e-015  
2.03057e-009  6.36928  
3.3773  5.04316e-013  
2.81681  8.98344e-012  
1.10103e-008  4.40899  
0.206977  2.1595  
2.07362  1.13481e-006  
4.45301  6.6099e-013  
2.15676e-009  6.7651  
7.1826  2.31254e-014  
5.0497e-008  3.58186  
2.72269  9.38103e-011  
4.69888e-009  6.57049  
1.55072e-008  4.52687  
0.0699485  2.36112  
2.20396  9.86044e-011  
0.0067052  2.55836  
0.293528  1.96823  
0.000310893  2.73983  
8.55856e-007  3.2339  
4.16453  3.58219e-011  
1.28901  0.774312  
1.88005  0.00773605  
6.52702  2.77539e-013  
1.54588  0.404709  
1.69987  0.144738  
2.53048e-007  3.40811  
0.252122  2.11568  
1.82218  0.0893723  
1.96154  0.00157068  
2.02783  0.000187627  
1.65565  0.156461  
0.75813  0.97477  
0.619023  1.38662  
0.953715  0.920093  
0.495699  1.75915  
0.636409  1.05907  
1.41711  0.530025  
4.26396  3.68064e-012  
0.577024  1.55294  
2.78201e-008  4.6426  
7.8877  9.10739e-014  
4.67445  6.98012e-013  
3.93935  9.69565e-011  
3.1154  1.49521e-010  
1.45207  0.635099  
0.724183  1.16068  
0.960459  0.958771  
0.627838  1.68969  
9.85294e-007  3.42876  
0.145145  2.56467  
9.63339e-007  3.64003  
0.271444  2.24239  
0.00117333  2.83835  
2.32361e-007  4.19688  
2.65339  2.08907e-010  
4.36416  4.70851e-011  
0.535831  1.81389  
1.7874  0.213983  
2.90284  1.5477e-010  
1.63192  0.427253  
5.65304e-008  4.3275  
2.05826  0.000908868  
0.938621  1.03935  
0.394448  1.97349  
0.00720211  2.74694  
0.295413  2.00697  
2.28807  1.5839e-007  
1.90012  0.12728  
1.55599  0.558838  
