0.240834  1.2094  
0.99807  0.00504744  
1.54773e-023  22.9373  
3.1341e-007  1.23787  
3.86254e-017  2.15714  
0.994231  0.0172959  
0.918188  0.40435  
0.735482  0.697074  
7.74738e-011  1.34723  
0.843497  0.594691  
0.482017  1.02217  
4.71408e-015  1.39348  
0.94376  0.241337  
0.462234  1.06666  
0.984846  0.0551935  
0.98019  0.0720405  
4.31061e-020  2.68204  
0.720692  0.768262  
0.996376  0.0118539  
0.960387  0.190297  
0.984182  0.0645059  
6.12551e-021  14.917  
0.964442  0.163286  
5.62259e-024  29.0293  
0.995553  0.0141872  
0.949686  0.203434  
0.970678  0.118911  
4.71388e-015  1.98981  
0.424373  1.07907  
0.92175  0.319752  
0.534209  0.968681  
0.977614  0.118045  
0.723446  0.715144  
9.34239e-018  2.25162  
0.982908  0.0661511  
0.979213  0.0866328  
0.865299  0.460166  
0.917459  0.418732  
2.30868e-025  31.7043  
1.15261e-020  13.3872  
0.934234  0.253961  
0.947423  0.213664  
0.989222  0.0481123  
0.618974  0.936235  
3.87159e-024  29.3691  
1.39715e-016  2.12863  
0.995698  0.0119752  
0.993592  0.0215499  
0.741066  0.692096  
0.632764  0.775901  
8.72391e-024  28.7057  
0.997358  0.00727823  
0.996376  0.0099345  
0.524526  0.984044  
0.848439  0.468504  
1.28665e-023  24.9158  
1.8166e-021  15.9068  
3.47663e-024  31.3577  
0.990843  0.0309761  
0.759739  0.659703  
0.96723  0.130191  
5.58864e-019  2.25166  
2.51252e-024  35.101  
0.997358  0.00987039  
1.33184e-019  8.38958  
7.79743e-020  14.8079  
2.38465e-021  19.6293  
2.2273e-021  23.0163  
3.14691e-019  3.86019  
7.94986e-021  16.0942  
8.98672e-024  29.2742  
1.54773e-023  26.0692  
3.07634e-022  25.6093  
4.89798e-024  30.5297  
3.41191e-024  32.2682  
2.82464e-024  33.4381  
1.26294e-018  3.08173  
6.38435e-018  2.34867  
6.73275e-015  1.96889  
1.10029e-014  1.48053  
0.024805  1.23804  
5.95354e-015  2.00073  
0.381138  1.22955  
0.540451  0.970836  
0.662079  0.905677  
0.524526  1.10348  
0.437609  1.15923  
0.775462  0.664725  
0.685642  0.789567  
0.843497  0.619823  
0.00494201  1.33477  
0.730437  0.729876  
0.934234  0.28769  
8.40289e-008  1.36684  
0.950726  0.207368  
0.876219  0.533932  
0.880954  0.473251  
0.925449  0.391679  
0.381428  1.21952  
0.918188  0.448213  
