0.191447  1.02318  
0.933738  0.207067  
0.61992  0.625417  
0.828828  0.405291  
0.863952  0.252231  
0.962964  0.18926  
0.707451  0.51047  
0.27557  0.950184  
0.459171  0.746644  
0.702504  0.576005  
0.896531  0.251167  
0.764221  0.431431  
0.506335  0.70639  
0.991217  0.130784  
0.310133  0.881492  
0.412279  0.844424  
5.73469e-014  1.04836  
0.189343  1.04519  
0.73367  0.493548  
0.562705  0.70591  
0.7821  0.420145  
3.21895e-019  1.05088  
0.258567  1.00827  
9.07504e-021  1.05718  
2.51806e-019  1.06446  
2.89964e-005  1.05018  
8.94454e-019  1.05533  
0.515608  0.777722  
0.426626  0.859296  
0.492754  0.819199  
0.496265  0.812117  
0.321448  0.912011  
0.294437  0.959404  
0.858558  0.423089  
0.989879  0.232254  
0.948243  0.263149  
0.783075  0.496182  
0.27557  1.01327  
0.522262  0.717535  
0.913465  0.281587  
0.992427  0.204412  
0.756004  0.512734  
0.619936  0.658057  
0.848036  0.472853  
0.423759  0.888286  
0.737822  0.616718  
0.786322  0.494669  
0.957942  0.24732  
0.826995  0.483154  
0.893616  0.345972  
0.741747  0.524272  
0.649668  0.641316  
0.660021  0.640819  
1.70442e-019  1.37416  
7.24424e-019  1.09698  
4.35285e-019  1.14444  
0.313686  0.994223  
3.54181e-018  1.09536  
5.73469e-014  1.05756  
3.02365e-019  1.15887  
0.959996  0.277893  
0.382212  0.918051  
0.912022  0.383192  
0.87154  0.450238  
0.924148  0.314771  
0.613824  0.718174  
0.534265  0.72297  
0.846666  0.486165  
0.49364  0.845847  
0.786743  0.499622  
0.664947  0.656755  
0.772175  0.590343  
0.728316  0.645094  
0.638397  0.675628  
0.532784  0.782084  
0.438798  0.896783  
0.463429  0.888201  
0.776865  0.539503  
0.518529  0.819331  
0.741747  0.619252  
3.40336e-018  1.09778  
2.59327e-018  1.09821  
2.21128e-018  1.11029  
1.59919e-018  1.2167  
1.23861e-007  1.07821  
0.0628762  1.07415  
0.256768  1.05907  
0.231126  1.06336  
0.422567  1.01344  
0.072559  1.07299  
2.73873e-018  1.13009  
1.59919e-018  1.52059  
1.057e-015  1.10618  
1.41709e-005  1.09615  
0.289492  1.06372  
0.189343  1.07511  
1.59919e-018  1.58016  
4.9169e-005  1.09793  
5.03255e-018  1.27965  
2.4208e-018  1.52812  
