1.06007e-015  2.25672e-011  3.38911  
3.18967e-014  8.49592e-013  3.05026  
5.71775  0.181325  3.33622e-017  
6.64003  0.159987  1.38065e-013  
0.131764  7.23265  1.38246e-014  
2.30058  1.92039e-006  0.0108759  
3.11905  1.69562e-006  0.0020493  
4.68895  5.05739  8.36207e-015  
1.53274e-013  1.22863e-010  2.7486  
5.35508  1.40999  4.98882e-012  
5.75853e-013  3.30466e-012  2.2337  
0.0922377  5.67798  3.03329e-010  
0.70359  3.60584  5.23581e-011  
5.81091e-006  4.19535  2.79535e-006  
4.00441  0.00928054  3.43412e-006  
1.86095  6.75831  7.06981e-014  
3.51466  5.49618e-008  0.108899  
4.50096e-009  3.03488  0.136888  
2.98469e-009  3.7055  0.00868394  
4.57045  2.15793  4.55339e-012  
1.74663  5.78153  3.78012e-013  
0.0395699  6.12433  1.57866e-009  
4.97074  2.12962e-005  3.5212e-007  
3.69568e-012  3.57813e-011  1.98244  
1.94249  2.58618  1.77787e-013  
0.18554  4.8742  2.60543e-010  
3.17491e-008  2.7472  0.528054  
4.29781  0.00278974  4.31539e-007  
3.21066  6.47258  7.13731e-015  
0.0908333  6.19188  3.40386e-013  
4.1708  0.872839  3.19737e-011  
2.26257e-015  2.69119e-011  3.20159  
0.0286358  6.41256  7.31959e-010  
0.748178  2.34451  1.55263e-008  
7.66048e-010  1.75991  0.800429  
1.54212e-011  1.20482  1.19907  
4.16544e-006  4.61049  5.35916e-008  
0.857204  0.510501  0.402131  
2.16102  0.0566319  1.12317e-007  
3.28993e-011  2.51822  0.628797  
4.5467e-012  4.42231  0.648442  
0.00078585  2.92409  6.35915e-006  
3.38071  2.48568e-007  0.321206  
1.58507  0.698049  3.84371e-010  
3.31162e-011  0.167705  1.8341  
6.49736e-011  0.150071  1.73514  
0.340854  0.804564  0.69968  
4.28177e-010  1.26756  1.12831  
4.93669  0.986275  1.6753e-011  
0.0139495  6.61802  5.54947e-010  
0.00269084  2.01434  4.28558e-007  
1.48517  0.104592  0.0618451  
0.425966  0.460057  0.991362  
1.0872e-005  1.60736  0.118826  
6.10269e-006  4.40601  1.19068e-006  
1.01547  0.0804843  0.457803  
1.45907e-009  5.02206e-009  1.5057  
0.225221  0.71536  0.875361  
1.67886  7.99756e-006  0.28712  
0.154753  4.94992  2.16067e-011  
0.0646665  1.08465  0.396088  
0.248862  0.615308  1.33264  
4.82022e-010  1.42728  0.938428  
0.657704  0.587878  0.953658  
2.65285e-005  1.14028  1.27685  
0.393889  0.326392  1.02709  
0.000164856  1.55331  0.11483  
3.36965e-006  4.59995  4.11674e-007  
4.75307  0.000311368  1.60221e-007  
2.6012e-010  3.00007  0.190102  
2.29932e-006  1.87428  0.690792  
0.631185  0.65579  0.569251  
1.3071  0.166643  0.0114187  
0.491027  0.766314  0.62221  
0.871351  6.68751  2.90081e-013  
0.290905  0.39676  1.06936  
1.88951e-007  3.62957e-007  1.38583  
0.539423  0.7597  0.605663  
3.28206  0.298175  2.42099e-010  
1.07714  0.283686  0.0456619  
0.357747  1.03749  0.307733  
0.948654  0.242225  0.538371  
1.18516  0.0421454  0.533721  
1.96667e-006  2.17679  0.793511  
0.732753  0.909134  0.262602  
0.291104  1.9322  0.0432016  
4.2128  0.0328038  2.46636e-011  
8.4904e-005  2.29795  0.0230471  
0.397985  0.205233  1.07618  
9.28316e-015  3.4096e-011  3.08013  
5.32199e-011  0.171875  1.63964  
1.43118  0.0405024  0.179274  
0.589243  4.91  5.26373e-011  
1.60966e-010  1.08056e-009  1.60131  
0.894674  0.548241  0.0707995  
0.000121218  2.21835  0.00421208  
1.88719  2.6677e-007  0.504713  
2.04511  0.000873837  8.13846e-005  
1.17184  5.16674e-007  0.60929  
1.76281  9.58325e-007  0.0686732  
