0.754701  0.754701  
17.8263  8.8401e-049  
13.6413  4.52139e-010  
0  23.7768  
0.514162  3.29577  
3.99031e-051  20.7574  
1.27342e-058  21.8315  
0.704534  0.75795  
1.20181  0.383438  
4.00573e-059  22.263  
3.06846e-006  18.4664  
0.333431  12.3554  
0.000118356  17.2936  
16.8518  3.08033e-048  
13.1791  0.000450923  
0.00419513  13.888  
0.643764  3.2639  
8.01427e-040  20.6882  
7.37477e-008  19.7174  
1.72591e-059  24.4739  
0.320354  13.8967  
0.580729  3.33897  
2.87012e-041  20.7625  
5.04796e-051  21.3659  
0  24.9069  
0.00415556  18.392  
1.18074e-050  20.7662  
17.7024  3.2358e-048  
1.03662  0.762418  
0.561885  3.46752  
19.3283  9.58493e-049  
0.554692  3.55556  
1.36057  0.509983  
2.6328e-051  22.4162  
0.842413  0.884768  
16.8987  1.99064e-045  
8.29554e-059  23.2471  
3.65855e-006  19.4542  
6.4278e-006  18.8053  
0.750997  0.919833  
6.81233e-007  20.1048  
2.73309e-052  22.6391  
0.433698  13.9819  
0.815751  2.27104  
1.26604  0.785491  
3.33392e-052  22.6907  
9.99226e-005  19.3187  
0.00288359  18.8867  
0  25.3038  
1.33047e-005  19.6818  
0.329846  14.3084  
0.949625  0.933883  
16.9091  7.88182e-044  
17.4075  2.05058e-045  
0.590577  3.78559  
0.87634  1.08118  
18.3649  6.32748e-046  
0.641505  3.5656  
18.462  3.37465e-048  
1.12093  0.82734  
19.6746  9.75668e-049  
2.38714  0.560348  
1.52832  0.763097  
0.00416473  18.4326  
1.76671e-049  20.8149  
1.65668e-053  23.3033  
1.08068e-052  23.2551  
1.10605e-055  23.9331  
1.57204e-056  24.09  
1.11624e-051  22.7396  
1.28585  0.815818  
1.31293  0.800771  
8.29442e-054  24.0136  
3.85242e-052  23.2789  
0.00082478  19.5629  
0.00348646  19.0381  
0.973995  0.973995  
0.34629  15.6947  
3.72721e-049  21.0119  
17.8527  1.93427e-043  
18.0179  2.28434e-044  
8.12774e-005  20.9721  
0.903243  1.11437  
17.0303  5.38253e-006  
0.656215  3.74393  
18.55  3.39073e-048  
16.9587  0.000234747  
0.594912  3.81338  
0  26.102  
21.7532  1.07875e-048  
3.90393e-053  23.8601  
0.698494  3.65873  
0  26.1418  
25.3076  1.25501e-048  
17.0049  0.0067275  
2.09923  0.815452  
0.361399  16.3795  
0.683716  4.02506  
19.1656  3.50325e-048  
2.31602e-046  22.9078  
