2.50704  2.50704  1.0556e-020  
3.75503e-033  0.0730106  3.87725  
6.79397e-022  3.75196e-033  4.00274  
7.12999e-030  6.30189e-033  6.72309  
1.87385  1.87385  1.11721e-019  
4.37926e-033  7.34765e-006  4.67148  
1.46912  1.46912  1.49109e-019  
2.70495e-027  4.05332e-033  4.32424  
2.74521e-029  4.20719e-033  4.48839  
2.4986e-025  3.81313e-033  4.06799  
1.17551  0.932079  0.246644  
1.38088  1.38088  1.9648e-018  
1.29613  1.29613  4.46407e-018  
0.455999  0.445056  1.464  
0.795303  0.0104369  1.95762  
0.619872  0.730644  1.17995  
3.76864e-033  0.0999426  3.46586  
0.713704  0.665105  1.04243  
0.732351  1.22639  0.523435  
0.877408  1.00541  0.179312  
0.00141218  0.00562372  3.29324  
0.969873  0.845083  0.377159  
0.352697  1.13815  0.861745  
0.558658  3.05775e-005  3.16352  
0.00544634  0.334138  2.3844  
1.0421  0.429482  0.817164  
1.00152  0.913241  0.288871  
0.236255  4.0895e-033  4.00125  
0.400275  0.0382648  2.1458  
5.46306e-005  0.970084  2.49044  
4.40797e-033  0.0008336  4.64879  
0.0124813  0.257529  2.26774  
0.0231322  0.758353  1.66845  
0.89124  0.925781  0.458548  
1.01163  0.9751  0.130616  
0.00695197  0.00230061  3.372  
0.748506  0.023171  1.92119  
0.584086  0.000170552  2.80889  
0.406991  0.0301002  2.06163  
0.533375  0.244493  1.52878  
0.354427  4.20347e-033  3.936  
0.923167  0.380425  0.96949  
1.15295  1.15295  5.07067e-018  
0.0482636  3.06341e-031  3.55316  
0.0072654  1.08633  1.61289  
0.478178  0.587181  1.22495  
0.0253097  0.220591  1.85509  
0.00424945  0.500626  2.33634  
0.201567  0.00517985  2.92558  
0.577417  1.31553  0.754358  
0.981429  0.979302  0.0498122  
2.01194e-023  0.150049  2.85727  
1.12793  0.529494  0.735995  
0.000996602  1.05146  2.03259  
0.085692  4.46196e-033  3.85269  
0.647959  0.801888  1.1095  
0.670764  1.26517  0.597661  
1.14487  0.61567  0.678473  
7.82147e-005  0.486695  2.65744  
0.00531515  0.204298  2.40702  
0.989529  0.142153  1.31985  
0.153652  0.000154384  2.98903  
0.944038  0.64142  0.72918  
3.86291e-005  1.26303  2.54871  
0.0305308  0.0407238  2.19324  
6.68075e-033  6.68075e-033  7.12727  
0.127046  1.00897  1.00304  
0.00118444  0.00250577  3.73191  
0.232306  0.00219133  2.72707  
0.210717  0.88184  1.12655  
0.00330007  0.233807  2.59364  
0.223015  0.536278  1.41707  
0.172974  0.442679  1.73215  
1.10784  0.531021  0.689009  
0.182894  0.989113  0.934564  
0.0241291  0.409569  1.79488  
0.715379  1.03174  0.612447  
1.05401  0.0295266  1.25856  
0.0237173  0.547242  1.55916  
0.0248687  0.000973126  3.07129  
0.253201  4.38282e-033  3.38586  
0.0105998  1.03679  1.36917  
0.00282542  9.4619e-007  3.79213  
0.91922  0.833608  0.55498  
0.116752  0.0381895  2.68747  
4.59795e-006  0.00396008  3.65808  
0.00201966  0.84766  2.24457  
0.014146  0.891235  1.24102  
0.0187673  0.592429  1.77703  
0.0151547  0.0214521  3.14511  
0.0495568  0.844556  1.51362  
0.00515923  1.34448e-006  3.61744  
0.405882  0.1814  1.76089  
0.177879  0.822846  1.29441  
0.0329947  9.25668e-005  3.02326  
2.31846  2.31832  0.0179802  
9.81216e-033  9.81216e-033  10.468  
0.10262  2.57103  4.74743  
1.17929  6.2995e-033  4.68559  
0.094079  9.15357e-033  7.23018  
