4.31551e-018  1.05662  
0.161972  0.848779  
0.760306  0.25069  
0.143437  0.892738  
0.0572441  0.973903  
0.0821447  0.939865  
0.074786  0.954513  
0  1.13058  
1.42248e-006  1.0405  
0.807031  0.234939  
1.08625  0.00101989  
0.439027  0.626566  
1.16154  1.59907e-014  
1.02678  0.057069  
2.09872  0  
1.25154  5.55797e-016  
1.94193  2.15597e-016  
0.808539  0.208963  
0.295375  0.764271  
0.572265  0.477336  
0.462351  0.561983  
6.91206e-019  1.10455  
0.356814  0.741479  
0.661788  0.387659  
1.66737  3.70231e-016  
0.519569  0.520102  
0.598205  0.426992  
0.511763  0.526065  
0.697043  0.374072  
0.677584  0.419763  
1.69954e-018  1.12477  
4.07475e-018  1.12115  
2.00925  2.23072e-016  
0.307691  0.764379  
0.301085  0.834613  
0.714978  0.375787  
0.304671  0.809991  
0.462427  0.562075  
0.523729  0.524267  
0.614707  0.438771  
1.76983  5.89473e-016  
0.0998935  0.980046  
1.77147  3.93346e-016  
1.22941  2.4432e-014  
0.158649  0.919766  
1.59905  2.13036e-015  
0.812871  0.210083  
1.38264  2.14906e-015  
0.226378  0.914589  
0.796764  0.363296  
2.10509  0  
0.408393  0.742135  
1.0566  0.123797  
3.55593e-006  1.05624  
0.0622779  1.03411  
1.68212  2.05428e-015  
0.0746588  0.982117  
0.173599  0.915036  
6.66914e-018  1.07523  
0  1.14503  
1.08706  0.095884  
1.09598  0.0368706  
1.17331  0.00106615  
2.11926  0  
0  1.15702  
0.832511  0.217869  
1.77702  5.91867e-016  
1.0797  0.129786  
0.618787  0.447303  
2.06419  4.58342e-016  
0.473119  0.718993  
0.739693  0.391476  
0.816534  0.37231  
1.63667  5.81461e-015  
0.356843  0.790686  
1.46418  1.90191e-014  
1.12085  0.0371908  
1.54596  7.72363e-015  
0.577051  0.548975  
0.476799  0.62963  
1.22241  0.0252145  
1.33312  2.82691e-014  
1.10612  0.0890958  
0.30314  0.907436  
0.223706  0.9191  
1.23405  4.27461e-014  
0.303629  0.875277  
0.483364  0.575931  
0.104806  1.01608  
0.327775  0.814273  
0.0761207  1.04357  
1.32013  3.42959e-014  
0.0567412  1.10684  
0.181644  0.951864  
0.526429  0.56713  
0.161974  0.985112  
0.126451  0.986179  
0.0603842  1.07326  
1.90472e-006  1.11074  
0.207665  0.935568  
