1.70773e-011  2.25758e-005  3.0284  
1.39825e-005  3.64708  0.0372692  
9.59085e-010  5.69979e-007  3.22111  
3.08623  2.12564e-005  1.60698e-005  
2.84548  0.0224268  8.88624e-007  
1.00674  3.94112e-009  0.0596304  
2.51444e-009  3.06602e-005  2.39704  
2.12166e-005  2.94505  0.0560596  
7.74755e-008  2.0513e-008  1.85093  
9.34597e-011  7.56652e-006  2.90893  
2.72194  8.51007e-005  0.000300252  
3.37134e-006  2.6839  0.0889584  
2.36924  0.0666475  3.94159e-006  
4.07948e-006  2.46351  0.168649  
2.18916e-007  1.83286e-006  1.7396  
1.73658e-006  2.8834  0.394548  
1.23972  0.599369  0.00770787  
1.39121  0.00240191  0.00580939  
1.97884  0.0113467  0.00187946  
1.34655e-006  7.01736e-008  1.47041  
1.06755e-005  1.92418  0.123966  
2.8794  7.53544e-005  0.00624605  
0.0757478  1.76768  0.00454129  
0.0307495  2.33843  2.58909e-005  
2.30014  0.6352  1.489e-006  
0.913941  0.251979  0.615236  
0.668747  0.30838  0.874244  
1.82561  0.0218858  6.64355e-006  
1.10593  2.1648  7.6815e-005  
0.00515077  1.34289  0.567252  
9.49785e-006  2.04535  0.541144  
0.138061  1.10056e-005  1.17321  
2.13395  0.0185213  0.000647367  
0.0416623  1.59967  0.0129468  
0.113563  0.153702  1.25943  
0.221481  1.56298  0.00222156  
0.436399  0.211936  1.04055  
1.54155  0.120196  0.000759848  
0.042038  1.41582  0.0805974  
0.989403  6.79472e-007  0.269575  
0.370511  0.976513  0.231464  
0.847485  0.577505  0.348271  
5.48844e-006  2.23465  0.0687397  
1.78055  0.00127544  0.00452924  
2.1019  0.00387286  0.00174595  
0.642513  1.06253  0.0307148  
0.215897  0.935886  0.649446  
1.8667e-006  1.86107  0.922858  
1.14724  0.86762  0.000719984  
1.65253  0.350387  2.7968e-005  
0.769482  0.799436  0.42192  
2.33408  0.912888  1.15024e-006  
0.187836  0.116834  1.07631  
1.66729  0.0126382  0.00465543  
1.55283  0.669773  4.0721e-006  
0.465409  0.375983  0.969989  
0.0483898  0.986735  0.784678  
0.233812  1.18068  0.200134  
0.244296  0.645952  0.936019  
1.10906  1.22232  0.000212263  
0.733478  3.38191e-007  0.753802  
9.7326e-005  2.08357  8.97709e-005  
0.408187  1.26511  0.0145575  
0.126334  1.00708e-005  1.3335  
1.72253e-008  1.85082e-006  2.96024  
0.695886  0.569606  0.482184  
0.118223  1.13784  0.515107  
0.792962  0.383909  0.685594  
1.025  0.245083  0.0593873  
0.887826  0.348295  0.465128  
0.625559  0.848023  0.53682  
0.146887  1.41283  0.0816228  
0.533929  1.10288  0.0507023  
1.3445e-006  2.19899  0.725801  
0.0728164  0.427554  1.0565  
0.501152  0.00597581  1.02342  
2.98349e-005  0.531161  1.28741  
0.543364  0.700181  0.699472  
0.301494  1.36882e-007  1.26798  
0.869303  0.0427706  0.707762  
8.58908e-007  0.810075  1.41109  
0.00108826  0.139138  1.39136  
0.594145  0.500965  0.777929  
0.0234858  1.27088  0.500701  
0.825219  0.766149  0.00331381  
0.805238  1.30226  0.00447152  
0.330639  0.407728  0.976154  
0.173093  0.403067  0.993817  
0.838089  0.682336  0.252104  
0.10403  0.114448  1.26876  
0.176454  0.86781  0.720478  
0.579381  0.133327  0.985903  
0.583494  0.446823  0.844331  
0.103784  0.654885  1.01507  
0.346302  1.80918  0.000133412  
0.9917  0.480127  0.0185763  
0.134046  0.746634  0.814216  
0.190622  0.548118  0.97208  
0.00698604  1.82355  0.000264269  
0.610257  0.514549  0.7057  
