0.0199561  -2.95162e-015  28.5587  
0.89884  1.55288  0  
5.49822e-010  0.385691  0.623599  
25.7065  1.29288e-007  1.24728e-007  
6.53911e-006  24.1026  4.82995e-025  
7.76815e-006  22.748  5.87044e-025  
0.0199185  8.2004  2.87177e-025  
0.00451508  9.88406  4.42476e-024  
0.00742771  19.949  3.07868e-026  
0.176833  13.5775  3.14791e-026  
0.0137405  11.4646  2.199e-025  
24.4515  -8.81819e-017  0.853213  
0.362125  6.61461  1.0428e-027  
7.25724  -1.43225e-015  13.8578  
6.51394  -7.4929e-016  7.24983  
0.00517576  12.4342  2.61466e-024  
22.0575  -1.23673e-016  1.19661  
0.646547  -2.37586e-015  22.9878  
23.191  -1.47072e-016  1.42301  
0.138827  16.7667  4.54097e-026  
8.51521  -1.64476e-015  15.9141  
9.0159e-005  14.9677  2.02653e-018  
2.84411  -1.85049e-015  17.9046  
2.38017e-005  19.7282  1.72463e-024  
0.000177344  18.094  1.58177e-024  
0.0122241  -2.79645e-015  27.0573  
12.5327  -5.22392e-016  5.05446  
0.00985079  4.16939  2.17127e-013  
1.05109  -2.62645e-015  25.4124  
0.00345181  -2.71351e-015  26.2548  
1.30459  -2.26531e-015  21.9182  
20.6014  -3.19998e-016  3.09617  
6.88347e-005  -1.55439e-015  15.0397  
14.7203  -4.48268e-016  4.33726  
19.6349  -3.14529e-016  3.04326  
14.3115  -6.89784e-016  6.67407  
5.65178  -6.76255e-016  6.54317  
16.3745  -2.03462e-016  1.96862  
0.851974  5.10005  1.59904e-028  
13.0146  -1.25079e-015  12.1022  
0.012444  -2.8953e-015  28.0138  
3.39812  -1.41239e-015  13.6657  
1.97496  -1.78162e-015  17.2382  
0.231421  2.72103  4.53549e-026  
0.00995434  3.36908  1.39769e-024  
12.1083  -6.26345e-016  6.06026  
2.55383  -1.70424e-015  16.4895  
0.550557  -2.5141e-015  24.3254  
15.5727  -3.41986e-016  3.30892  
0.880859  -2.44972e-015  23.7025  
3.08913  -2.08187e-015  20.1433  
0.712968  2.05747  5.94551e-027  
16.8779  -3.27097e-016  3.16486  
17.5238  -1.69739e-016  1.64232  
10.4257  -9.84841e-016  9.52893  
9.48896  -4.04602e-016  3.91476  
13.5413  -5.81452e-016  5.6259  
0.00624373  16.1734  2.45577e-025  
0.00666649  17.8973  5.92006e-026  
8.07067  -1.98693e-015  19.2248  
9.96281  -9.23581e-016  8.9362  
1.60235  -2.04854e-015  19.8209  
22.9303  -1.96775e-016  1.90392  
3.5487  -2.17354e-015  21.0303  
0.193681  15.4373  1.59843e-026  
24.9422  3.4467e-010  3.57411e-007  
9.06837  -9.73916e-016  9.42322  
15.1653  -4.78582e-016  4.63057  
1.46592  0.122864  0.181922  
1.59767  -1.91833e-015  18.561  
21.1399  -2.4867e-016  2.40604  
2.12192  -1.31325e-015  12.7065  
4.85243  -7.9765e-016  7.71774  
13.8886  -3.47218e-016  3.35954  
4.94153  -1.03923e-015  10.0552  
1.14707  -2.13346e-015  20.6425  
21.5212  -1.64566e-016  1.59228  
4.63654  -1.16086e-015  11.232  
18.765  -2.63802e-016  2.55244  
0.00649195  -2.56824e-015  24.8492  
0.336481  6.09435  4.53307e-026  
0.851278  -2.23845e-015  21.6584  
19.161  -3.0754e-016  2.97563  
3.98131  -1.07793e-015  10.4296  
5.93714  -1.2133e-015  11.7394  
0.000756623  5.65891  4.9347e-014  
6.09041  1.15276  8.8942e-031  
18.2859  -2.73941e-016  2.65054  
17.9986  -2.98847e-016  2.89152  
4.4459  -1.59949e-015  15.4761  
10.7479  -4.87652e-016  4.71832  
11.4775  -3.8143e-016  3.69056  
2.44233  -8.42603e-016  8.15269  
4.09866  -1.75209e-015  16.9526  
3.6778  -1.9599e-015  18.9632  
11.16  -7.79659e-017  2.12213  
12.0053  -8.38708e-017  2.28286  
5.85698  -1.13456e-015  10.9776  
6.00194  -1.3112e-015  12.6866  
7.89233  -9.32179e-016  9.01938  
