1.24112  0.0625391  
0.0916336  0.934489  
0.458321  0.845417  
0.0697683  0.951746  
5.8327e-039  2.22577  
0.329737  0.874863  
0.00408278  1.02209  
3.04186e-005  1.07661  
0.612456  0.577627  
0.00108715  1.02858  
1.40142  0  
0.556365  0.681439  
0.0595308  0.955496  
0.49822  0.780375  
9.0266e-035  1.12654  
0.725117  0.494278  
3.80676e-035  1.36461  
1.25596  0.00219534  
1.65509e-046  13.8838  
7.89881e-035  1.14237  
8.47201e-038  2.08853  
5.69172e-035  1.20642  
1.25004  0.00311085  
1.19106  0.126171  
1.01642  0.29685  
7.3934e-044  3.56771  
0.917986  0.402603  
4.23516e-045  4.56702  
3.28345e-045  8.63056  
6.64614e-040  3.04725  
2.76149e-045  11.6728  
0.924356  0.338218  
0.940127  0.384075  
4.51496e-038  2.49447  
2.30446e-039  3.13952  
5.25875e-045  10.8117  
5.91548e-045  6.379  
2.84958e-043  5.09494  
1.12574  0.352896  
1.33348  0.00242843  
1.92368e-040  3.66237  
1.26937  0.170428  
1.28724  0.0618278  
1.31016  0.00931578  
6.19254e-035  1.31257  
2.62326e-036  2.20019  
2.92513e-036  2.16072  
8.60242e-035  1.26407  
4.5448e-035  1.88795  
0.822795  0.576731  
0.00147954  1.1147  
3.94348e-033  1.15134  
1.26435  0.278522  
0.183199  0.967844  
0.0660071  1.01177  
0.0691638  0.970475  
0.342892  0.909767  
3.69489e-041  3.9766  
0.0265378  1.03747  
0.663612  0.658358  
0.705088  0.608658  
0.237198  0.966934  
0.00177975  1.03822  
0.578727  0.743189  
4.92768e-034  1.21706  
1.40535  0  
1.28026  0.149121  
4.66617e-041  4.04975  
1.18052e-037  2.91023  
0.983716  0.476507  
0.995085  0.437636  
2.5887e-037  2.6424  
1.04898  0.411362  
1.87301e-044  10.0185  
2.03006e-043  6.59893  
1.3312  0.154402  
2.21882e-043  6.46266  
3.22376e-043  5.76396  
7.72287e-043  5.72819  
1.36647  0.00340485  
1.13911  0.358119  
1.43517  0.000659762  
8.15977e-038  3.75845  
1.45397  0  
1.30428  0.256676  
7.69101e-035  1.46004  
3.55706e-035  2.46693  
4.67982e-044  9.35198  
0.586915  0.869971  
0.0290203  1.04105  
1.4397e-033  1.22753  
5.88207e-035  2.3988  
0.696821  0.713429  
6.19133e-035  1.95141  
0.949022  0.597076  
7.67447e-035  1.84096  
2.41525e-041  5.27001  
1.56395e-043  9.41698  
1.487  0  
5.94989e-041  5.56327  
