17.1878       0.0723781
11.4366       0.106393
7.30215       0.139869
6.14958       0.165378
5.58222       0.17943
5.20001       0.192308
5.20001       0.192308
5.20001       0.192308
5.20001       0.192308
5.20001       0.192308
5.20001       0.192308
5.20001       0.192308
5.20001       0.192308
5.20001       0.192308
5.20001       0.192308
5.20001       0.192308
5.20001       0.192308
5.20001       0.192308
5.20001       0.192308
5.20001       0.192308
5.20001       0.192308
5.20001       0.192308
5.20001       0.192308
5.20001       0.192308
5.20001       0.192308
5.20001       0.192308
5.20001       0.192308
5.20001       0.192308
5.20001       0.192308
5.20001       0.192308
5.20001       0.192308
5.20001       0.192308
5.20001       0.192308
5.20001       0.192308
5.20001       0.192308
5.20001       0.192308
5.20001       0.192308
5.20001       0.192308
5.20001       0.192308
5.20001       0.192308
5.20001       0.192308
5.20001       0.192308
5.20001       0.192308
5.20001       0.192308
5.20001       0.192308
5.20001       0.192308
5.20001       0.192308
5.20001       0.192308
5.20001       0.192308
5.20001       0.192308
5.20001       0.192308
5.20001       0.192308
5.20001       0.192308
5.20001       0.192308
5.20001       0.192308
5.20001       0.192308
5.20001       0.192308
5.20001       0.192308
5.20001       0.192308
5.20001       0.192308
5.20001       0.192308
5.20001       0.192308
