1.00746       3.73137e-009
1.0091       1.7074e-009
1.00925       2.01759e-010
1.00752       4.25552e-011
1.00773       4.25842e-010
1.00865       1.70664e-009
1.00755       2.98937e-009
0.965226       0.12004
0.944541       0.12433
0.912436       0.135898
0.876594       0.144079
0.846473       0.152619
0.832322       0.158327
0.781285       0.162174
0.74994       0.165104
0.659238       0.166875
0.639024       0.16752
0.5972       0.16989
0.598124       0.170153
0.557567       0.172573
0.531175       0.176282
0.506356       0.178608
0.501209       0.180078
0.489229       0.182882
0.472565       0.188015
0.458588       0.192793
0.448466       0.196361
0.433598       0.202624
0.430478       0.204253
0.419099       0.211034
0.405293       0.221008
0.397494       0.229768
0.393061       0.232337
0.386536       0.240986
0.384376       0.243789
0.375694       0.25471
0.372942       0.261491
0.368902       0.268273
0.366991       0.279312
0.36324       0.282432
0.359048       0.290662
0.359316       0.290879
0.360217       0.296125
0.354996       0.345765
0.348585       0.344429
0.343419       0.36226
0.340991       0.390575
0.342104       0.388792
0.338312       0.434824
0.337197       0.447982
0.335735       0.46018
0.33465       0.491347
0.335898       0.490286
0.333111       0.548655
0.331755       0.580098
0.331137       0.598583
0.329674       0.628164
0.328531       0.658391
0.326311       0.677976
0.323077       0.711359
0.321107       0.724154
0.316551       0.76055
0.310256       0.789591
0.303901       0.80974
0.299294       0.823917
0.285776       0.859304
0.281474       0.867985
0.265578       0.90018
0.25977       0.904438
0.244707       0.92263
0.232843       0.93463
0.220481       0.945143
0.206054       0.955377
0.200064       0.96408
0.185591       0.967509
0.167546       0.975792
0.159437       0.977757
0.145839       0.982093
0.134688       0.985272
0.121658       0.987998
0.110343       0.990189
0.0964842       0.992921
0.0856899       0.993819
0.0749064       0.995066
0.0619253       0.996278
0.0524784       0.997125
0.030885       0.998461
0.0198335       0.999053
0.00992689       0.999551
2.90243e-006       1.00071
