0.00501478       2.0433
0.00500938       2.04095
0.00501084       2.03858
0.00500094       2.03989
0.00500564       2.03917
0.00500862       2.04064
0.00500739       2.03996
0.00500657       2.03976
0.00500767       2.03831
0.0050099       2.04179
0.00500619       2.03979
0.00499327       2.03428
0.00499226       2.03427
0.00500177       2.03724
0.00500161       2.03805
0.00500352       2.03814
0.005003       2.03714
0.00501702       2.04088
0.00500064       2.03791
0.00499603       2.0349
0.00500186       2.03666
0.00500131       2.03613
0.00500134       2.03738
0.00499854       2.03676
0.00500423       2.03966
0.00499199       2.03481
0.00500471       2.03812
0.00501199       2.04118
0.00500849       2.03987
0.00500132       2.03791
0.00499954       2.03614
0.00500117       2.03649
0.0049918       2.03547
0.00500476       2.03802
0.00499824       2.03499
0.00500206       2.03598
0.0050001       2.03529
0.00500167       2.04108
0.00499638       2.03781
0.00499527       2.03546
0.00499455       2.03378
0.00499771       2.03442
0.00499375       2.03484
0.00499308       2.03514
0.00499464       2.03381
0.00499441       2.03714
0.00499376       2.03687
0.00502311       2.04337
0.00500254       2.03603
0.00501586       2.04109
0.00499527       2.03843
0.00501184       2.0416
0.00498602       2.03753
0.00499183       2.03609
0.00500621       2.0416
0.00500148       2.03923
0.00500811       2.04115
0.00500497       2.04363
0.0050282       2.04553
0.00500279       2.04143
0.00500083       2.04153
0.00502771       2.04548
0.00502545       2.04444
0.00502115       2.04286
0.00500865       2.04137
0.00500507       2.04502
0.000437339       2.41919
