0.924161       0.154147
0.993074       0.157745
0.991872       0.180092
0.980291       0.179915
0.941259       0.2241
0.927433       0.22838
0.94081       0.223949
0.891715       0.237574
0.865307       0.288832
0.867195       0.261516
0.810471       0.315606
0.864856       0.317782
0.803757       0.348733
0.827328       0.342568
0.810471       0.34124
0.787968       0.373373
0.825702       0.379146
0.792831       0.412923
0.773838       0.440824
0.780353       0.443895
0.761302       0.44516
0.764056       0.462344
0.68956       0.458946
0.721776       0.481786
0.687742       0.494739
0.687129       0.503307
0.674958       0.559044
0.646195       0.571086
0.593277       0.564672
0.619063       0.610041
0.580517       0.627027
0.598974       0.606421
0.582919       0.63226
0.571407       0.628129
0.550005       0.687007
0.541978       0.654813
0.531039       0.725767
0.487285       0.752579
0.514325       0.703817
0.47495       0.755986
0.462022       0.777239
0.437988       0.798813
0.422743       0.804694
0.407384       0.804639
0.40727       0.832157
0.348931       0.873462
0.359733       0.848491
0.329975       0.876555
0.310776       0.861232
0.314021       0.905399
0.292075       0.889616
0.252262       0.913664
0.257691       0.926705
0.240957       0.947484
0.221158       0.94926
0.189792       0.958932
0.204424       0.967189
0.186158       0.973245
0.169998       1.00198
0.102995       1.05879
0.000279699       1.05196
0.0643882       1.04535
0.00916564       1.04596
0.000977565       1.041
0.000332239       1.05237
0.0597978       1.05084
0.0207791       1.06419
0.0116251       1.06582
0.00107902       1.04978
0.000248588       1.08311
