328.806       0.013805
12.1754       0.0958852
7.23235       0.139556
6.37687       0.157533
5.71724       0.175969
5.7184       0.176005
5.71717       0.175967
5.72196       0.176115
5.71371       0.175861
5.72199       0.176115
5.70764       0.175674
5.71747       0.175976
5.72066       0.176074
5.71457       0.175887
5.71951       0.176039
5.71695       0.17596
5.72042       0.176067
5.71569       0.175921
5.72097       0.176084
5.71885       0.176019
5.7165       0.175946
5.7187       0.176014
5.71903       0.176024
5.71864       0.176012
5.71318       0.175844
5.71392       0.175867
5.71972       0.176045
5.71779       0.175986
5.71516       0.175905
5.7219       0.176113
5.71829       0.176001
5.71973       0.176046
5.71895       0.176022
5.72133       0.176095
5.71706       0.175964
5.72205       0.176117
5.72045       0.176068
5.71709       0.175965
5.7183       0.176002
5.71875       0.176016
5.72089       0.176082
5.71879       0.176017
5.72025       0.176062
5.72045       0.176068
5.71458       0.175887
5.71951       0.176039
5.71759       0.17598
5.71816       0.175998
5.71851       0.176008
5.71755       0.175979
5.71892       0.176021
5.71764       0.175981
5.71567       0.175921
5.72026       0.176062
5.71778       0.175986
5.71821       0.175999
5.71899       0.176023
5.72088       0.176081
5.71414       0.175874
5.71857       0.17601
5.71949       0.176038
5.72109       0.176088
5.72039       0.176066
5.71873       0.176015
5.72148       0.1761
