2.42425       2.70774
2.40827       2.84211
2.69582       3.4256
2.04176       2.43672
2.28261       3.00845
3.39148       3.43776
3.02044       3.22127
2.2369       2.89638
2.39922       2.62676
2.88229       3.26812
2.6758       3.07529
3.27899       3.38984
2.50375       3.05648
2.36146       2.62996
2.88944       3.30158
2.13098       3.22734
2.99254       3.13225
2.78716       3.46782
2.51933       3.27887
2.6926       3.33666
2.59206       3.31958
1.93495       3.19083
2.5337       3.78156
1.65949       3.57883
1.8272       3.69991
2.15411       3.46285
2.02204       3.22177
1.72332       3.71649
0.94093       3.35836
1.99955       4.11879
1.32692       3.69721
1.5341       4.23469
1.69378       3.65278
1.64774       3.8968
1.37739       4.22171
1.33118       3.62104
1.48113       4.19001
1.30296       4.2104
1.31887       3.76461
1.64242       4.71607
1.69697       4.06587
1.17272       4.11074
1.25388       4.78906
0.42187       4.50531
1.30963       4.44097
0.740824       4.65077
0.460723       4.51361
1.17168       5.22393
0.770337       4.35166
0.841276       4.96498
0.490664       4.77784
0.611891       4.77124
0.770717       5.14457
0.544594       4.88263
0.368439       4.49974
0.413313       5.18776
0.0907101       5.76975
0.169271       5.35143
0.387375       4.21929
0.18781       4.89756
0.0209449       6.14379
0.284758       4.9544
0.0310339       6.01283
0.159722       5.82053
0.0574933       5.83461
0.0317928       6.15987
0.0176727       9.40186
