0.939872       0.190749       0.00129062
1.06539       0.101086       0.0142725
1.06425       0.0944316       0.0169753
1.04603       0.0846174       0.0172035
1.23451       0.0815185       0.0342599
1.15991       0.0759344       0.0433345
1.14299       0.047996       0.0569154
1.06517       0.0350193       0.0689423
1.08941       0.0165018       0.0894146
1.09307       0.00316488       0.101399
0.43459       7.21542e-005       0.995434
0.0723125       5.57361       0.00268347
0.521829       0.672931       0.0491252
0.713839       0.322837       0.0716883
0.74549       0.138864       0.0349132
0.704307       0.14299       0.0557198
0.694346       0.101649       0.117723
0.694836       0.0867196       0.123639
0.688262       0.0775983       0.144217
0.69704       0.0717399       0.163418
0.704974       0.000453252       0.228114
0.520271       0.000977092       0.491755
0.0180907       8.18437e-005       1.39141
0.0569522       4.10226       0.00826947
0.425408       0.823407       0.0638802
0.481268       0.366536       0.102703
0.659255       0.33273       0.129979
0.677798       0.271835       0.140899
0.545955       0.203484       0.26939
0.609119       0.170732       0.28306
0.505118       0.160625       0.437156
0.331612       0.0145959       0.718064
0.0608904       4.38575       0.014787
0.449447       0.555489       0.173931
0.477732       0.404803       0.19252
0.466484       0.344191       0.211273
0.470281       0.302537       0.259138
0.424052       0.185424       0.3079
0.393799       0.137116       0.528293
0.200699       0.0799835       0.908753
0.0184156       3.71402e-005       1.41795
0.222669       1.27919       0.15571
0.357806       0.536905       0.207363
0.353094       0.269763       0.296513
0.360236       0.196109       0.394305
0.0574541       4.29693       0.00511912
0.160959       0.74518       0.144231
0.126937       0.631972       0.198486
0.336902       0.515029       0.329916
0.274101       0.395108       0.427187
0.344965       0.288132       0.514467
0.131596       0.169509       0.783692
0.0983142       0.0161806       0.88994
0.0157788       0.0112494       1.10782
0.0668922       0.875681       0.115355
0.15694       0.580617       0.256286
0.198212       0.326815       0.52069
0.179534       0.319473       0.68143
0.0429946       0.854437       0.169214
0.172406       0.471964       0.498428
0.0289094       1.86172       0.060157
0.0675076       0.902463       0.115063
0.176547       0.665509       0.443903
0.151149       0.444704       0.531485
0.0426959       0.251106       0.978876
0.0171816       0.0030824       1.26083
0.0295345       0.499991       0.580566
0.0900404       0.255602       0.85942
0.0299632       1.84854       0.0926741
0.0329898       0.829481       0.349975
0.0851276       0.354526       0.731644
0.0255791       1.57807       0.0791144
0.0217819       1.07475       0.276734
0.0167392       0.333169       1.06226
