0.992632       0.00895314
0.987061       0.0145281
0.997046       0.00528325
0.989268       0.0178483
0.925254       0.0434403
0.849047       0.0871827
0.843879       0.0957219
0.828023       0.106421
0.815794       0.107647
0.799456       0.1247
0.782415       0.133523
0.765871       0.137323
0.756365       0.144316
0.753501       0.148323
0.716013       0.171445
0.701671       0.175145
0.704016       0.175951
0.67436       0.192031
0.665246       0.200689
0.649989       0.207983
0.637164       0.218433
0.628232       0.223446
0.615176       0.23223
0.605437       0.238983
0.591416       0.246926
0.589376       0.252231
0.571148       0.26363
0.562961       0.266608
0.55419       0.272889
0.53612       0.286653
0.526071       0.299552
0.517638       0.300698
0.500507       0.311796
0.490561       0.319817
0.484517       0.324787
0.473529       0.335269
0.463017       0.343414
0.455522       0.347052
0.446149       0.3558
0.436414       0.36687
0.428562       0.371911
0.419276       0.379591
0.40831       0.387125
0.401004       0.395177
0.391097       0.398312
0.381147       0.408244
0.379488       0.409802
0.367215       0.423945
0.35578       0.43008
0.34935       0.433412
0.337184       0.444894
0.332485       0.447816
0.320574       0.461982
0.316081       0.463002
0.310686       0.470743
0.304376       0.480043
0.295378       0.48619
0.286836       0.495174
0.280359       0.500317
0.272959       0.506746
0.264115       0.519865
0.256134       0.526446
0.244271       0.538042
0.240701       0.540105
0.233736       0.551895
0.225116       0.557812
0.218764       0.565346
0.209749       0.572387
0.203255       0.582057
0.198084       0.588999
0.188089       0.60185
0.180277       0.609307
0.172219       0.620002
0.164475       0.625009
0.158781       0.632733
0.150176       0.643962
0.14398       0.650755
0.13406       0.664947
0.12691       0.677237
0.110261       0.700468
0.097036       0.720753
0.0898654       0.732834
0.0780252       0.753141
0.0723374       0.765496
0.0666497       0.778796
0.0572343       0.799031
0.051787       0.809023
0.0428931       0.831504
0.0320329       0.853576
0.0268793       0.873141
0.0168398       0.902776
0.00741637       0.944406
0.000245769       1.00499
