1.10549       1.10541       0.00961145
1.05914       1.05444       0.0571375
1.0725       1.03535       0.0435632
1.07188       1.02159       0.0735242
1.07025       0.780101       0.373198
1.07145       0.726789       0.504344
1.02374       0.627824       0.635645
1.10854       0.358654       0.767322
1.10183       0.329487       0.781354
1.15617       0.314671       0.942795
1.71209       0.0689204       1.7641
0.0468775       1.3586e-009       4.57835
1.0616       1.0569       0.0577463
1.03309       0.984476       0.0649445
1.09115       0.804234       0.376412
1.06863       0.324       0.749127
1.04829       0.324901       0.725938
1.09604       0.295568       0.907304
0.909767       0.297646       1.58568
0.000222197       1.45676e-009       6.54168
1.04835       1.06182       0.0977692
1.03991       0.738938       0.319703
1.07812       0.343209       0.743607
1.11112       0.329438       0.794694
1.10209       0.120445       2.12363
0.000274083       7.1248e-006       6.93804
1.02263       1.11753       0.334143
0.992138       1.05912       0.27208
1.07909       1.07963       0.109376
1.01227       0.736246       0.494908
1.06395       0.673962       0.672829
1.0652       0.407926       0.999523
0.799234       0.367153       1.17494
0.921993       1.24672       0.442224
0.916123       1.28176       0.458133
0.916721       1.14795       0.569408
0.875648       0.897477       0.770379
0.844867       0.768796       0.884012
0.845378       0.415282       1.42911
0.497697       0.293132       2.45795
0.933127       1.36014       0.534568
0.713398       0.995472       0.621107
0.701375       0.809754       0.910088
0.610345       0.786522       1.32748
0.690394       0.442901       1.71391
0.931727       1.38801       0.630905
0.338452       1.05495       0.786694
0.339469       1.08195       0.790882
0.326215       1.0386       0.767241
0.60979       0.766202       1.29785
0.586363       0.624949       1.82354
0.332326       0.470639       2.01995
0.000120072       3.7045e-008       7.39429
0.312799       1.07691       0.823397
0.429594       0.70634       1.82268
0.0550824       0.41323       2.60216
0.415195       1.19421       0.91821
0.399867       1.10401       0.907992
0.37944       1.04815       0.861024
0.00101365       6.59427e-005       7.49089
0.292267       1.09135       0.94013
0.293332       1.08145       0.98082
0.0359836       0.653184       3.00098
3.32936e-005       0.00202881       7.43138
0.269483       1.1759       1.44637
0.0295631       0.401815       2.03336
0.000467461       0.00288       7.46364
0.068062       1.89442       1.83035
0.000110733       0.00873123       6.30619
5.99658e-006       2.24301       4.48585
