1.18436       7.9074e-005
1.02104       0.00920172
1.01756       0.0135658
1.01862       0.0101452
1.01326       0.0112764
1.01063       0.0122077
1.02646       0.0105378
1.01436       0.0122528
1.013       0.0105284
1.01203       0.0110355
1.01053       0.0114043
1.02177       0.00749367
1.01649       0.0125811
1.0176       0.00882335
1.01732       0.0142299
1.01174       0.0110322
1.01383       0.0105826
1.01247       0.011056
1.02068       0.00539004
0.976169       0.422184
0.956792       0.432107
0.933936       0.443101
0.926452       0.452434
0.902811       0.463259
0.885289       0.47504
0.844402       0.488601
0.821952       0.490471
0.770633       0.496369
0.74753       0.499359
0.6965       0.500664
0.644681       0.501189
0.59622       0.50419
0.564295       0.505437
0.556877       0.506025
0.519887       0.511041
0.519465       0.510626
0.502686       0.51656
0.48859       0.517503
0.47275       0.522799
0.460011       0.530838
0.445769       0.536252
0.431104       0.539232
0.421455       0.545986
0.410736       0.557397
0.401164       0.561877
0.387866       0.578368
0.382775       0.582558
0.371505       0.598018
0.366553       0.608226
0.358857       0.624687
0.351965       0.647543
0.349334       0.659753
0.341919       0.684739
0.338828       0.69963
0.336811       0.730897
0.334688       0.766938
0.332559       0.795877
0.331235       0.823281
0.324885       0.870754
0.315566       0.897885
0.307951       0.913736
0.293745       0.934023
0.28225       0.945787
0.269585       0.957021
0.258648       0.96235
0.240781       0.971128
0.219219       0.978941
0.214921       0.980175
0.20334       0.983323
0.186453       0.986861
0.17614       0.988908
0.16139       0.991127
0.14821       0.992749
0.135101       0.99416
0.116656       0.995774
0.11001       0.996209
0.0996151       0.996869
0.0817584       0.998045
0.074763       0.998103
0.0635351       0.998498
0.050777       0.998913
0.035253       0.999313
0.0264442       0.999505
0.0180871       0.999687
0.00876377       0.999859
7.68457e-007       1.00866
