1.74367       0.52896       0.168197
1.66186       0.510034       0.164125
1.64375       0.51085       0.162918
1.69672       0.51502       0.172559
1.732       0.515181       0.19684
1.70565       0.415282       0.350525
1.67876       0.360202       0.402774
1.63045       0.248249       0.455436
1.58621       0.158203       0.479186
1.5514       0.152431       0.469425
1.58829       0.153036       0.481366
1.5951       0.153955       0.483535
1.74367       0.528919       0.168326
1.74724       0.530159       0.168706
1.69973       0.515173       0.171604
1.51632       0.493578       0.228427
1.73841       0.437207       0.341238
1.71599       0.389864       0.381875
1.65181       0.293166       0.436222
1.62011       0.233984       0.473828
1.55532       0.158076       0.481927
1.55379       0.157873       0.481373
1.38855       0.815124       0.260069
1.28368       0.934919       0.298339
1.38891       0.85377       0.285971
1.46246       0.6265       0.3154
1.46917       0.54459       0.427072
1.429       0.223819       0.687891
1.3265       0.318113       0.869683
1.33623       0.298172       0.910545
1.38434       0.263075       0.804978
1.17838       1.05251       0.335918
1.06285       1.13527       0.361054
1.00937       1.2013       0.383139
1.08604       1.13131       0.360499
1.20626       0.958059       0.475624
1.30506       0.639079       0.761813
1.25103       0.507511       0.974325
1.10381       0.387337       1.10385
1.01775       0.385583       1.196
1.03249       0.375398       1.17873
1.23979       0.33215       1.02091
0.860501       1.28456       0.409695
0.74572       1.34378       0.427139
0.8404       1.25414       0.59668
0.971254       0.989224       0.797077
1.05852       0.678385       1.00269
0.90624       0.45862       1.23093
0.753497       0.432952       1.362
0.849273       0.423452       1.30527
0.861887       0.411185       1.28369
0.665508       1.37446       0.436891
0.586812       1.40755       0.44741
0.536205       1.42282       0.459852
0.687453       1.24524       0.71618
0.835059       1.01747       0.912878
0.678271       0.727899       1.24038
0.581408       0.453876       1.41676
0.703853       0.43404       1.36387
0.513919       1.43192       0.455155
0.48601       1.42937       0.492011
0.481072       1.40988       0.54953
0.570584       1.18982       0.885791
0.526833       0.897209       1.21966
0.485092       0.480732       1.43839
0.491766       0.483545       1.45519
0.523099       0.465457       1.45238
0.481091       1.41375       0.539439
0.481042       1.40324       0.566226
0.481083       1.41117       0.54611
0.482822       1.05525       1.08622
0.4844       0.598804       1.39257
0.48231       0.556364       1.40777
0.481046       1.39788       0.579332
0.481069       1.44006       0.465422
0.481408       1.14117       0.994436
0.482756       0.96168       1.16973
0.481083       1.44159       0.460942
0.481067       1.43742       0.473043
0.48112       1.4387       0.469825
0.481126       1.43885       0.469317
0.481092       1.44107       0.462589
0.481515       1.44005       0.469551
0.481059       1.43898       0.468788
