1.87455       1.87455       0.00243279
1.82866       1.8256       0.129001
1.88224       1.61182       0.273654
1.9388       1.59541       0.373568
1.86971       1.48002       0.484541
1.85702       1.37598       0.780706
1.93675       1.34875       1.16414
1.95808       1.30884       1.32304
1.9966       0.408373       1.75248
1.99726       0.356213       1.69678
2.08629       0.426754       1.84858
1.90238       0.310841       1.95877
2.08359       0.180658       2.18113
0.618301       2.03156e-011       11.8203
1.80189       1.79837       0.113798
1.81973       1.81103       0.14579
1.85068       1.47352       0.467292
1.70414       1.35937       0.854659
1.93555       1.32622       1.32379
1.96675       1.23292       1.64569
2.08629       0.426754       1.84858
1.86794       0.345209       1.9036
1.96657       0.19654       2.11201
5.86725e-005       2.03631e-011       15.4278
1.67745       1.84656       0.246872
2.07613       0.424653       1.83207
1.88322       0.291247       1.94747
1.43945       0.285528       2.66457
2.05917e-009       5.66846e-010       14.5772
1.50164       1.85189       0.397068
1.5217       1.90159       0.446997
1.54791       1.62768       0.712916
1.61118       1.38659       0.855014
1.66128       1.28935       1.1464
1.96021       0.24188       1.75164
1.57895       0.522656       2.3968
1.20281       0.35583       3.64752
0.000117299       1.32663e-011       15.2767
1.48273       1.92542       0.605673
1.44205       1.89393       0.699767
1.39651       1.85765       0.791729
1.37536       1.89786       0.877275
1.34037       1.56829       1.15398
1.78885       1.32156       1.39078
1.6988       0.498885       2.19969
1.532       0.640855       2.97396
0.321656       0.482255       3.97206
0.000113824       1.18652e-009       14.8241
1.31419       1.78516       0.970043
1.29948       1.78554       0.982983
1.30606       1.90984       1.17594
1.50948       1.06515       2.47976
1.35121       1.11143       3.12749
0.279701       0.504288       3.92024
1.22379       1.81184       1.44413
1.13705       1.81875       1.5339
0.337201       1.60417       1.92832
0.44441       1.36688       3.01412
0.289758       0.52242       4.0612
3.44017e-010       0.00101963       14.3185
1.17628       1.86904       1.57347
0.342501       1.80556       1.58727
0.323833       1.82742       1.5508
0.180748       1.79945       1.75357
0.451529       1.40906       2.98423
3.86265e-007       0.00297318       13.967
0.345852       1.81982       1.56413
0.295774       1.82052       1.56939
0.366651       1.61817       1.99449
0.244952       0.403175       3.94344
0.216163       1.79819       1.62365
0.217085       1.79724       1.64813
0.283867       0.282124       4.07135
0.269628       1.91094       1.64531
0.317576       1.62324       1.9722
0.261478       1.87531       1.64822
0.165571       1.79317       1.81688
6.56943e-006       0.000746228       14.5136
0.15931       1.82158       1.92012
2.03938e-006       0.00170422       14.4056
0.000471062       1.91265       4.26308
