1.90314       1.84561e-007
1.63163       0.00105428
1.5458       0.00500574
1.33744       0.0343549
1.26363       0.0603991
1.21676       0.0696602
1.24073       0.0833555
1.10287       0.118166
1.08676       0.0791345
0.973363       0.142144
0.9791       0.124771
0.960636       0.146872
0.958682       0.153285
0.929059       0.187486
0.960096       0.171388
1.04943       0.172051
0.896964       0.229157
0.993104       0.229121
0.88047       0.261087
0.998231       0.116943
0.820725       0.320083
0.89451       0.404726
0.858312       0.436302
0.866002       0.351995
0.920805       0.424129
0.78249       0.534583
0.797904       0.616157
0.761606       0.631974
0.641699       0.623115
0.595157       0.705267
0.728489       0.719021
0.624559       0.69132
0.678816       0.7266
0.568832       0.629636
0.516065       0.736068
0.534536       0.753325
0.530004       0.730764
0.477394       0.658725
0.340316       0.77284
0.399557       0.742173
0.356347       0.760378
0.332549       0.770194
0.368755       0.786856
0.390748       0.809975
0.334501       0.814543
0.272757       0.820297
0.268607       0.88423
0.279489       0.807717
0.253572       0.915141
0.237234       0.90005
0.245512       0.934744
0.238691       0.905578
0.232895       1.00548
0.197403       0.994742
0.178563       1.0431
0.178227       1.04114
0.140831       1.07539
0.0863018       1.03622
0.149523       1.13025
0.112671       1.0791
0.00447604       1.18862
0.0085355       1.17905
0.00134903       1.15573
0.000545494       1.19432
0.000107138       1.21376
