3.42279e-006       1.00407       1.17389e-007
1.01282       5.30129e-006       1.7868e-005
1.0305       4.30875e-006       1.27303e-005
1.0211       5.25953e-006       1.77303e-005
1.01903       5.24888e-006       1.76944e-005
1.01053       1.46908e-007       4.95154e-007
1.02529       6.20448e-006       2.40966e-005
1.50382       9.10026e-006       3.53431e-005
5.72716e-006       7.34441e-006       1
1.67874e-010       1.00031       3.63659e-010
0.682389       0.664482       0.0467757
0.996502       0.0225771       0.0465012
0.972042       0.0754364       0.102421
0.994919       0.0475598       0.140398
0.962187       0.0865558       0.239872
0.985901       0.0460078       0.139817
0.620541       0.00718719       0.65083
8.13389e-005       5.83986e-005       1.00006
0.45106       0.824783       0.0262988
0.691511       0.664243       0.0767288
0.745328       0.491795       0.185317
0.799476       0.406726       0.153262
0.861535       0.316851       0.163338
0.809679       0.270623       0.316095
0.831907       0.225146       0.304355
0.900253       0.198711       0.243546
0.432583       0.0914996       0.838988
4.66077e-007       8.5768e-007       1
3.05906e-010       1.00062       9.2364e-010
0.247824       0.914197       0.087358
0.448089       0.77718       0.152493
0.632407       0.508691       0.325594
0.706602       0.409538       0.387816
0.712332       0.337019       0.358929
0.440311       0.0989713       0.789584
4.16469e-006       2.56987e-006       1
3.79512e-009       1.00001       2.13947e-009
0.205359       0.937842       0.0477465
0.388674       0.802118       0.206495
0.510937       0.615361       0.333212
0.562195       0.566684       0.364629
0.606894       0.520006       0.352552
0.58911       0.0135852       0.691276
0.340893       0.187339       0.843959
1.76541e-005       3.89428e-006       1
2.79414e-006       1.56141e-007       1
0.17577       0.989109       0.0924937
0.332594       0.84549       0.167895
0.430736       0.720767       0.259308
0.519917       0.615051       0.306768
4.66077e-007       8.92929e-007       1
2.62703e-005       1.00189       1.98456e-007
0.0821324       0.988384       0.0197739
0.246512       0.894271       0.137203
0.000133846       0.598641       0.725074
5.08495e-006       2.62699e-005       1.00001
8.74535e-008       6.02126e-006       1
2.77538e-008       1.00003       5.69517e-009
0.130474       0.982583       0.0954969
9.16503e-005       0.629149       0.628491
0.145032       0.447673       0.847975
2.17707e-006       5.18371e-005       1.00001
3.85526e-005       1.00282       2.89757e-007
0.0529345       0.996629       0.0296964
0.000919612       0.540421       0.822067
1.68424e-006       2.62698e-005       1
0.0600393       0.99426       0.0364045
7.40043e-005       0.628682       0.628025
3.15496e-005       2.00958e-005       1.00002
1.53401e-005       1.00126       1.1706e-007
1.11249e-005       2.00957e-005       1.00001
4.85916e-005       1.00339       1.58759e-008
6.19241e-006       1.57959e-005       1
6.00006e-006       1.00202       1.24406e-007
6.44582e-009       1.1856e-005       1.00002
3.6055e-006       0.707573       0.689296
