1.60095       0.579298       0.224855
1.60064       0.579178       0.224808
1.60049       0.579125       0.224788
1.60914       0.533866       0.324183
1.61181       0.460048       0.426591
1.69612       0.417991       0.511038
1.65963       0.323017       0.560749
1.65715       0.261395       0.589548
1.69784       0.239264       0.615734
1.68687       0.237718       0.611756
1.60346       0.558231       0.275177
1.67792       0.38462       0.527868
1.64814       0.287133       0.573692
1.69793       0.239277       0.615769
1.545       0.708278       0.274918
1.53462       0.746302       0.289677
1.47168       0.829534       0.321981
1.41482       0.91728       0.356041
1.53737       0.762531       0.295975
1.58059       0.626761       0.243274
1.57298       0.411911       0.594341
1.57021       0.318097       0.776096
1.45484       0.348927       0.897698
1.4968       0.331665       0.853136
1.5659       0.285686       0.716097
1.38405       0.99083       0.384602
1.27968       1.08507       0.421198
1.17724       1.16096       0.45066
1.17568       1.17092       0.454567
1.32109       1.01961       0.415565
1.43006       0.706415       0.655055
1.34197       0.485258       0.983378
1.20952       0.449933       1.15724
1.28284       0.429305       1.09062
1.36048       0.400504       1.00362
1.07394       1.24901       0.485095
0.997329       1.31348       0.509818
0.905784       1.36667       0.530836
0.987701       1.31376       0.524752
1.10784       1.05124       0.825248
1.07125       0.845069       1.10159
0.905105       0.63991       1.31187
0.910742       0.525369       1.35135
1.02268       0.500689       1.28959
1.06036       0.490725       1.2638
0.859144       1.38206       0.536791
0.77067       1.42448       0.553447
0.64321       1.47583       0.573387
0.65663       1.37274       0.79529
0.822067       1.07399       1.06108
0.758801       0.790066       1.32635
0.646922       0.572062       1.47359
0.764932       0.554962       1.42946
0.841286       0.542119       1.39623
0.622193       1.47598       0.60637
0.617699       1.43467       0.688751
0.622677       1.32596       0.903039
0.617699       0.895642       1.31548
0.617699       0.575908       1.48357
0.617781       1.43252       0.693706
0.617699       1.45662       0.641031
0.617699       0.74056       1.40863
0.617699       0.612602       1.4688
0.617699       1.39469       0.766497
0.617699       1.0345       1.20933
0.617699       0.575872       1.48359
0.617699       0.840719       1.35124
0.617699       0.575868       1.48359
0.617699       0.575867       1.48359
0.617699       0.575858       1.48359
0.617699       0.601224       1.4735
0.617699       0.575926       1.48357
0.617699       0.593707       1.47654
