0.54076       0.604029       5.04728e-005
0.771101       0.577691       0.0323769
0.750364       0.485411       0.0964552
0.754791       0.398074       0.123457
0.772662       0.383664       0.235236
0.771626       0.331444       0.286589
0.766244       0.247816       0.290516
0.76118       0.201907       0.314957
0.767113       0.19025       0.416069
0.7666       0.130531       0.477662
0.761342       0.0661164       0.47794
0.762575       0.0291552       0.488637
0.555686       2.81426e-006       0.61123
0.444846       0.631324       0.0165856
0.586333       0.597088       0.0536722
0.761355       0.456703       0.0969156
0.764005       0.374286       0.251952
0.766211       0.285881       0.287725
0.768663       0.218571       0.302122
0.764432       0.191806       0.368984
0.765055       0.149431       0.472738
0.509619       0.047084       0.512342
0.444846       0.017743       0.551315
0.444846       0.631904       8.00145e-005
0.444846       0.631906       6.51018e-006
0.452747       0.489165       0.106839
0.595816       0.415401       0.12883
0.769869       0.384621       0.212557
0.769618       0.343838       0.282635
0.748146       0.253255       0.294236
0.728503       0.200439       0.348582
0.698998       0.178629       0.476028
0.510893       0.0676386       0.509893
0.444846       0.00128048       0.603853
0.444846       0.630695       0.0271597
0.444846       0.631906       1.83617e-005
0.444846       0.525229       0.105358
0.444846       0.441702       0.127025
0.524583       0.396076       0.264977
0.481071       0.316404       0.307027
0.444846       0.225361       0.344738
0.456448       0.205647       0.457259
0.444846       0.00480934       0.579456
0.444846       0.0187152       0.550167
0.444846       0.631905       3.50289e-005
0.444846       0.631905       4.07031e-005
0.444846       0.430832       0.143588
0.444846       0.225361       0.344738
0.444846       0.00252762       0.592011
0.444846       0.000434104       0.618764
0.444846       0.0442724       0.533836
0.444846       0.631906       1.45133e-005
0.444846       0.429609       0.146569
0.444846       0.000236558       0.62422
0.444846       0.631906       1.24967e-005
0.444846       0.631906       1.24967e-005
0.444846       0.631906       1.41709e-005
0.444846       0.000235945       0.624238
0.444846       0.217317       0.361961
0.444846       0.378653       0.308126
0.444846       0.0258632       0.543424
0.444846       0.631905       4.5921e-005
0.444846       0.631906       3.45928e-006
0.444846       0.630463       0.0300211
0.444846       0.429609       0.146569
0.444846       0.631906       4.26353e-006
0.444846       0.625398       0.0587529
0.444846       0.630731       0.0266743
0.444846       0.445127       0.123792
0.444846       0.0402574       0.535317
0.444846       0.188302       0.506751
0.444846       0.422069       0.189792
0.444846       0.624599       0.0612204
0.444846       0.619335       0.0730564
0.444846       0.631906       2.9976e-006
0.444846       0.386073       0.304953
0.444846       0.439192       0.129828
0.444846       0.389943       0.302837
0.444846       0.631046       0.0219131
