0.999527       0.0468426
0.998514       0.0567544
0.990886       0.0577352
0.985981       0.0747669
0.982653       0.085367
0.974569       0.0904521
0.971155       0.106151
0.963786       0.100848
0.955009       0.122289
0.947288       0.132868
0.946981       0.143949
0.933453       0.156047
0.924097       0.181575
0.921988       0.196402
0.90585       0.201899
0.890061       0.217797
0.890061       0.231341
0.883321       0.255795
0.880375       0.269504
0.865311       0.279977
0.850949       0.293747
0.841688       0.30502
0.839453       0.313876
0.829881       0.322753
0.825854       0.345819
0.808813       0.370482
0.795772       0.392032
0.782736       0.401829
0.779131       0.419585
0.771914       0.430975
0.76746       0.452243
0.748572       0.460312
0.733179       0.47046
0.718879       0.487393
0.718099       0.50092
0.708438       0.502014
0.700468       0.517583
0.684031       0.546921
0.670715       0.568472
0.654839       0.579924
0.649833       0.588972
0.63648       0.599604
0.628952       0.61427
0.619081       0.630964
0.602295       0.652262
0.595469       0.665552
0.581209       0.68381
0.566754       0.69341
0.562096       0.698194
0.549759       0.71504
0.53866       0.726841
0.526904       0.745625
0.514773       0.760579
0.503265       0.778288
0.475348       0.787459
0.472289       0.790604
0.449167       0.794919
0.449167       0.807302
0.425043       0.832242
0.425043       0.83598
0.407748       0.859399
0.391       0.864226
0.378799       0.873294
0.354417       0.889073
0.341486       0.902268
0.32817       0.925098
0.292723       0.927755
0.288258       0.933425
0.262616       0.93622
0.259592       0.949792
0.24396       0.945517
0.233799       0.963349
0.213952       0.970599
0.204367       0.97596
0.170515       0.981043
0.172287       0.983194
0.160879       0.987203
0.141589       0.994728
0.133305       1.00043
0.108037       1.00302
0.0789851       1.01283
0.0789851       1.0128
0.0575031       1.01392
0.0519917       1.02021
0.0390961       1.02317
0.015789       1.02645
0.00498903       1.02894
1.60049e-005       1.04877
