0.996399       0.0456756
0.98871       0.0433045
0.98871       0.0537753
0.958246       0.0832646
0.952665       0.0912743
0.957327       0.0900227
0.930419       0.109436
0.924284       0.12038
0.926776       0.140702
0.893527       0.188934
0.923339       0.158947
0.812793       0.19418
0.808916       0.189161
0.798405       0.21531
0.864251       0.25448
0.793742       0.246032
0.732815       0.276387
0.741565       0.293262
0.813043       0.309683
0.816048       0.246997
0.610014       0.302781
0.617208       0.325403
0.596057       0.325009
0.629746       0.327276
0.582279       0.32017
0.644788       0.370744
0.61       0.4471
0.551367       0.443613
0.551367       0.465052
0.580629       0.47388
0.584821       0.483052
0.471597       0.541428
0.507042       0.550334
0.455334       0.553808
0.532001       0.576117
0.532001       0.603
0.477214       0.551655
0.452526       0.577043
0.451445       0.614857
0.50834       0.679255
0.471597       0.65666
0.451445       0.686909
0.435213       0.775294
0.425677       0.729658
0.379036       0.859813
0.385003       0.90657
0.329811       0.875626
0.315995       0.910524
0.360833       0.918827
0.274545       0.964267
0.254412       0.919686
0.257523       1.02874
0.254836       1.01059
0.257479       0.954455
0.268505       0.994913
0.268527       1.03389
0.254836       1.18895
0.14661       1.2539
0.153595       1.2179
0.168772       1.191
0.1476       1.72387
0.185162       1.77859
0.137922       1.15617
0.177955       1.86913
0.1476       1.79982
0.118939       2.04882
0.0884352       2.15916
0.0491544       2.13087
0.0183226       2.28649
0.00311101       3.33415
