1.73963       0.785114       0.395536
1.72896       0.778153       0.391922
1.74681       0.785874       0.395827
1.72663       0.777108       0.391422
1.71811       0.733576       0.464358
1.78012       0.689089       0.573663
1.73478       0.541979       0.687234
1.72178       0.418876       0.759648
1.71719       0.396486       0.768865
1.79508       0.406676       0.807388
1.7918       0.40621       0.80577
1.78319       0.404138       0.801958
1.73964       0.785415       0.398052
1.74436       0.785642       0.396569
1.7513       0.787611       0.397859
1.73985       0.785512       0.398101
1.72299       0.70572       0.511255
1.74996       0.626416       0.623737
1.73779       0.508646       0.714054
1.76898       0.402118       0.795091
1.79183       0.407204       0.805289
1.71627       0.778725       0.395805
1.74253       0.788733       0.397317
1.71076       0.858114       0.432336
1.74071       0.42111       0.768996
1.78723       0.404981       0.803812
1.76477       0.409773       0.788669
1.80014       0.408335       0.809406
1.63052       0.904168       0.457945
1.5498       1.01516       0.511276
1.50609       1.04349       0.527182
1.4135       1.18475       0.596688
1.46174       1.08419       0.681603
1.49059       0.90298       0.911166
1.47012       0.63953       1.08627
1.3656       0.620686       1.18379
1.46502       0.565       1.1219
1.59556       0.486525       0.945368
1.64269       0.481146       0.92915
1.34112       1.23375       0.621458
1.26514       1.27776       0.643625
1.19752       1.35091       0.680439
1.05807       1.42316       0.716736
1.2273       1.17059       0.971612
1.25676       0.979003       1.1245
1.08316       0.713639       1.41048
1.16043       0.690766       1.37163
1.30958       0.639559       1.26995
1.09667       1.39381       0.701932
0.994179       1.45666       0.733629
0.88002       1.49585       0.753327
0.851167       1.45349       0.862508
0.889631       1.18454       1.18674
0.850654       0.843996       1.46315
0.908102       0.751497       1.49222
1.00124       0.725831       1.44044
1.1262       0.699749       1.38947
0.872795       1.49883       0.754827
0.850555       1.49185       0.791737
0.850555       1.48937       0.796384
0.850555       1.18573       1.2027
0.850686       0.798304       1.48864
0.881901       0.763572       1.5162
0.850555       1.48937       0.796386
0.850555       1.29554       1.08353
0.850555       1.03676       1.33326
0.863462       0.967124       1.3777
0.850555       1.48204       0.80995
0.850555       1.4833       0.807641
0.850555       1.31934       1.05442
0.850555       1.50367       0.769054
0.850555       1.49658       0.782753
