0.752545       0.336845
0.772818       0.289729
0.929341       0.274499
0.84346       0.253514
0.84346       0.255288
0.757504       0.278999
0.955638       0.215637
0.984461       0.228637
0.981689       0.264763
0.962598       0.247529
0.757504       0.276479
0.927877       0.245763
0.906791       0.232273
0.997174       0.255539
0.956628       0.266109
0.68668       0.275413
0.715974       0.285909
0.762931       0.28036
0.70011       0.28839
0.715974       0.296504
0.647448       0.297335
0.645859       0.316421
0.604562       0.325475
0.621323       0.333805
0.621323       0.346308
0.620314       0.37234
0.535704       0.379755
0.616382       0.395697
0.555724       0.382752
0.539028       0.401342
0.444769       0.444834
0.450957       0.451577
0.450938       0.444184
0.481594       0.460037
0.420321       0.49476
0.442814       0.491126
0.450959       0.48755
0.418708       0.551482
0.389669       0.579335
0.393635       0.592631
0.377324       0.594134
0.377324       0.612432
0.377324       0.620261
0.367296       0.641756
0.327327       0.661127
0.329832       0.703415
0.342985       0.743598
0.328702       0.786595
0.306086       0.795132
0.297398       0.831265
0.329832       0.707095
0.280393       0.991261
0.28294       1.05156
0.259518       1.01693
0.27576       1.10742
0.237553       1.19224
0.243301       1.09331
0.177361       1.47437
0.159244       1.4501
0.116955       1.57361
0.115359       1.44227
0.120995       1.63174
0.0850709       1.59346
0.0362438       1.74867
0.0809341       1.84599
0.0433163       2.00538
0.00388733       2.35156
0.000367257       3.11965
