7.1045       7.1045       0.000237275
1.15652       1.15439       0.0848507
1.0327       1.03072       0.0544634
1.01168       0.983255       0.198403
1.08571       1.00409       0.444441
1.04132       0.884941       0.579963
1.01647       0.808999       0.688138
1.00872       0.754408       0.776258
1.01075       0.66383       1.03024
1.02251       0.544841       1.20502
1.00795       0.395551       1.39813
1.04844       0.296225       1.72109
1.1346       0.175066       2.31413
0.000301795       1.35522e-005       6.59695
1.08318       1.06957       0.156511
1.00511       0.769863       0.7277
1.01007       0.669412       0.940325
1.01804       0.553469       1.17241
1.00466       0.42207       1.34788
1.07497       0.329092       1.70585
1.07059       0.202012       2.12658
1.01631       1.0076       0.109592
1.01508       1.00678       0.130592
1.10427       0.998787       0.513553
1.00503       0.701382       0.865889
1.01746       0.600331       1.08995
1.0371       0.496485       1.29951
1.06932       0.358584       1.68467
0.000558988       1.8746e-005       6.52578
0.981956       1.02065       0.297032
0.981336       1.00719       0.245716
0.963029       1.0344       0.350057
1.05257       0.874329       0.62722
1.00938       0.639741       0.983155
1.01353       0.515115       1.21266
1.05254       0.393576       1.55166
0.879333       0.201014       2.93148
0.000249362       2.07279e-005       7.21626
0.918273       1.0383       0.473449
0.906635       1.03445       0.491777
0.885608       1.05163       0.585106
0.940601       0.952013       0.765796
1.0016       0.744565       0.766679
0.994764       0.521117       1.33659
0.981548       0.403806       1.62938
0.753798       0.402155       2.61041
3.7748e-007       0.000281857       7.01784
0.838086       1.04786       0.697851
0.808438       1.0556       0.777026
0.801111       1.05193       0.765042
0.795844       0.945487       1.1309
0.768441       0.528234       1.98989
0.516699       0.222601       3.74924
0.731884       1.05401       0.906126
0.704746       1.0162       0.918392
0.677361       1.0326       0.963572
0.690766       0.77278       1.76682
0.796098       1.10528       0.918701
0.611901       1.05236       1.24324
0.56809       1.00394       1.5661
0.497428       0.235085       3.72222
0.000563746       1.89056e-005       6.58134
0.690983       1.07114       1.02906
0.49029       1.08068       1.49943
0.417596       1.0818       1.51214
0.205277       0.753729       2.64812
0.000557584       1.86989e-005       6.50939
0.626627       1.10365       1.20358
0.240036       1.05568       1.79823
0.220739       1.03999       2.14011
0.239525       1.05343       1.7944
0.159474       1.15753       2.35043
2.39622e-009       0.00526014       9.11059
9.1091e-010       5.16029e-013       8.70863
0.000609224       0.811614       6.93433
