0.707107       0.707107       9.42029e-018
1       0       1.85612e-017
1       0       3.77319e-018
1       0       1.50664e-018
1       0       7.32119e-019
3.0182e-013       1       2.79391e-019
0.898442       0.439318       8.86835e-018
0.948808       0.315894       4.32675e-018
0.972164       0.235421       1.86255e-018
0.985986       0.166829       2.91956e-017
0.98642       0.164241       3.92118e-018
0.990205       0.139713       1.10115e-017
0.993589       0.113059       3.92118e-018
0.995879       0.00807568       0.311889
0.940679       0.0114424       0.460531
0.665407       0.0561972       0.795077
1.45301e-005       1.24639e-006       7.71485
0.453486       0.891954       3.01668e-018
0.831099       0.557148       2.37218e-019
0.895547       0.444966       3.92664e-018
0.935453       0.354353       7.34818e-019
0.918196       0.228138       0.464513
0.868045       0.198271       0.538537
0.67021       0.0566028       0.800816
0.473465       0.0324618       0.944176
0.308655       0.95184       2.10435e-018
0.548265       0.840814       6.33833e-020
0.797633       0.612371       1.61276e-020
0.790937       0.411722       0.466119
0.784996       0.187147       0.59171
0.753711       0.260511       0.62429
0.524053       0.0200913       0.885057
0.421587       0.0267624       1.08512
0.23373       0.972301       3.93803e-018
0.446439       0.894914       5.06099e-018
0.602242       0.798319       2.06732e-019
0.700561       0.713688       9.63164e-018
0.666927       0.425172       0.619172
0.590063       0.0117762       0.855141
0.469389       0.0451365       0.953164
0.412331       0.00353573       1.02075
1.45301e-005       1.24639e-006       7.71485
0.195477       0.980793       5.75768e-021
0.37233       0.928129       3.13547e-021
0.167635       0.84621       0.518474
0.554753       0.657101       0.653378
0.439107       0.520119       0.794666
0.405864       0.00114725       0.969174
1.27071e-013       1       2.79391e-019
0.157978       0.987469       2.79398e-019
0.312013       0.950187       1.06965e-018
0.286959       0.806657       0.520803
0.377442       0.45442       0.927686
0.422948       0.00441167       1.08649
1.20903e-005       8.13573e-006       7.71485
0.14019       0.990223       1.01901e-019
0.260967       0.918802       0.416743
0.103778       0.735154       0.738389
0.2789       0.491317       0.887216
0.416489       0.000399697       0.994541
0.122228       0.99262       1.06966e-018
0.167604       0.846055       0.518379
0.218625       0.709577       0.73844
0.0555724       0.600584       1.81658
1.45563e-005       4.10971e-007       7.71485
0.104852       0.994806       5.0152e-021
0.0914604       0.749452       0.75089
0.0385539       0.605416       0.97986
0.0921633       0.995973       8.50596e-019
0.0813973       0.997002       2.55703e-019
1.4561e-005       1.76089e-007       7.71485
3.95852e-014       1       2.79391e-019
