21.6989       0.000626317
18.2715       0.0424391
17.6068       0.30396
16.8004       0.465877
13.6407       0.446668
3.00729       0.697156
3.38808       0.76563
4.10005       0.77939
3.44231       0.777885
2.85951       0.77566
3.86773       0.829963
4.23865       0.76635
2.64543       0.680532
2.72042       0.69899
2.62582       0.829018
2.83378       0.83421
2.45604       0.820478
2.45364       0.857238
2.26663       0.850043
2.45644       0.844662
1.97313       0.945428
2.09767       0.88805
1.81328       0.817505
2.01296       0.964512
1.76334       0.999255
1.55047       1.00093
1.45268       1.02961
1.56524       1.03736
1.55527       1.06207
1.48665       1.09644
1.48717       1.07193
1.38451       1.09899
1.4238       1.07901
1.3036       1.16178
1.20548       1.20186
1.03575       1.32218
1.13047       1.31828
1.22579       1.22211
1.27364       1.45697
1.10406       1.53421
1.08798       1.51961
0.998871       1.42756
1.06216       1.59542
1.06206       1.71994
0.973619       1.68802
1.03779       1.68145
0.958909       2.01851
0.97238       1.82665
0.852544       2.2143
0.899287       2.38951
0.8523       2.45245
0.826958       2.65488
0.807729       2.86477
0.764043       3.05262
0.758795       3.00709
0.75305       3.19706
0.752278       3.43296
0.68622       3.29888
0.726357       4.19344
0.683912       4.33816
0.730403       5.1954
0.683189       4.67466
0.701355       4.44788
0.672056       4.26295
0.675347       4.97593
0.713043       4.20019
0.694226       4.20152
0.715307       9.14593
0.454284       30.5796
0.0295119       39.2938
0.0054053       57.1979
