128.246       0.0100857
10.9982       0.0983734
8.15776       0.130615
6.47191       0.163679
5.29575       0.196441
5.12184       0.199589
4.71818       0.213417
4.24532       0.236133
4.1126       0.24357
3.8855       0.257812
3.71608       0.26979
3.56712       0.281702
3.43837       0.291298
3.31537       0.301973
3.2234       0.310333
3.11898       0.320618
3.1       0.322581
3.1       0.322581
3.1       0.322581
3.1       0.322581
3.1       0.322581
3.1       0.322581
3.1       0.322581
3.1       0.322581
3.1       0.322581
3.1       0.322581
3.1       0.322581
3.1       0.322581
3.1       0.322581
3.1       0.322581
3.1       0.322581
3.1       0.322581
3.1       0.322581
3.1       0.322581
3.1       0.322581
3.1       0.322581
3.1       0.322581
3.1       0.322581
3.1       0.322581
3.1       0.322581
3.1       0.322581
3.1       0.322581
3.1       0.322581
3.1       0.322581
3.1       0.322581
3.1       0.322581
3.1       0.322581
3.1       0.322581
3.1       0.322581
3.1       0.322581
3.1       0.322581
3.1       0.322581
3.1       0.322581
3.1       0.322581
3.1       0.322581
3.1       0.322581
3.1       0.322581
3.1       0.322581
3.1       0.322581
3.1       0.322581
3.1       0.322581
3.1       0.322581
3.1       0.322581
3.1       0.322581
3.1       0.322581
3.1       0.322581
3.1       0.322581
