0.999616       3.63701
0.999502       3.64347
0.99939       3.64373
0.999506       3.63855
0.999725       3.64263
0.999332       3.64128
0.999703       3.63924
0.999531       3.63961
0.999631       3.63764
0.999675       3.63916
0.999495       3.63915
0.999375       3.6423
0.999591       3.63784
0.999585       3.63805
0.999563       3.64181
0.999642       3.64056
0.999707       3.63864
0.999546       3.64025
0.9996       3.64151
0.999715       3.63562
0.999924       3.63983
0.999762       3.63493
0.999761       3.63953
0.999678       3.63682
0.9996       3.63915
0.9996       3.64106
0.999693       3.63742
0.999765       3.63676
0.999868       3.63873
0.999678       3.63862
0.999958       3.63831
0.999659       3.64176
0.999775       3.64195
0.999601       3.63997
0.999914       3.63708
0.999895       3.64269
0.99983       3.63811
0.99999       3.64197
0.999616       3.63654
0.999967       3.63552
0.999933       3.64158
0.999417       3.64037
0.999707       3.63932
0.999636       3.64061
0.999887       3.64329
0.999688       3.64097
0.999466       3.6443
0.99987       3.64123
0.999646       3.64633
0.999571       3.64439
0.999921       3.64359
0.99913       3.64672
0.97933       3.68855
0.936636       3.74173
0.872837       3.80262
0.853034       3.83447
0.821598       3.8987
0.745997       3.98335
0.725662       4.06773
0.670261       4.13488
0.627656       4.27738
0.558787       4.31184
0.54479       4.34582
0.478358       4.47114
0.445711       4.50693
0.401503       4.64791
0.359641       4.71531
0.30051       4.85405
0.22407       4.96049
0.209477       5.0707
0.146947       5.18052
0.100162       5.40185
0.0429487       5.58449
0.000181929       6.20338
