9.82443e-006       0.993095       4.59935e-006
1.03947       5.73522e-009       3.93675e-007
1.05098       7.1368e-007       2.66599e-005
0.98826       9.63219e-006       7.71891e-005
1.01038       2.29675e-005       8.67215e-005
0.983244       6.33807e-005       0.000202233
1.00221       7.15676e-005       0.00019414
0.952898       8.61335e-005       0.000361348
0.249059       4.56746e-032       0.248122
0.180882       0.205872       0.0213333
0.309993       0.119385       0.0301087
0.261623       0.1088       0.0340668
0.312974       0.0571813       0.0450367
0.315823       0.0419607       0.0546579
0.321295       0.037353       0.0620847
0.335019       0.0350955       0.0543633
0.336079       0.033524       0.0585718
0.249059       4.56747e-032       0.248123
9.26992e-059       2.40664e-040       1
1.8438e-005       0.989059       9.19162e-006
0.103015       0.289656       0.0279781
0.180039       0.157289       0.0348407
0.177105       0.134518       0.0466463
0.184802       0.101523       0.0604533
0.215028       0.0860386       0.0574446
0.231636       0.0711968       0.0623088
0.247267       0.0656579       0.0590774
0.160345       1.40311e-005       0.352831
0.0657563       0.303044       0.0350346
0.131739       0.188343       0.0443838
0.145457       0.144759       0.0530027
0.162894       0.123893       0.0597939
0.180268       0.108976       0.0658073
0.189617       0.0990065       0.0614801
0.198823       0.0913093       0.0628961
0.204738       1.53363e-006       0.305052
0.131134       8.78492e-005       0.393998
2.84192e-005       0.980779       2.22847e-005
0.0707141       0.292037       0.0360969
0.104918       0.206674       0.0465351
0.1283       0.166935       0.0517617
0.16527       0.123021       0.0553924
0.172124       0.114961       0.0571305
0.16022       1.41202e-005       0.355046
0.0905871       0.000557477       0.449735
0.000250429       0.95156       0.000142535
0.0592476       0.327632       0.0352557
0.0895925       0.238015       0.0433697
0.1141       0.189718       0.0515701
0.131149       0.162884       0.0545393
0.145039       3.85511e-005       0.374312
3.60333e-057       1.61488e-042       1
0.000164033       0.950364       0.000142356
0.0531916       0.346069       0.0312498
0.0833571       0.253414       0.0430278
0.120811       0.17971       0.0519773
0.000186       0.146235       0.363606
0.0745306       0.00113936       0.477621
0.0470505       0.371781       0.0291706
0.0794005       0.278576       0.0365271
0.0975295       0.220609       0.0483558
8.75083e-005       0.163973       0.343389
0.00189964       0.0807105       0.455399
0.000122224       0.961624       9.46575e-005
0.0702945       0.287011       0.0387669
7.4677e-006       0.198798       0.299054
0.00178518       0.0811807       0.454868
0.042367       0.390105       0.0270071
6.52872e-011       0.249893       0.246391
0.000341728       0.132669       0.384861
0.000121474       0.959367       9.44354e-005
2.84403e-005       0.981503       2.23012e-005
1.23385e-015       0.243579       0.251143
3.60333e-057       1.41384e-042       1
7.93557e-062       2.40664e-040       1
