0.0911624       0.714967       4.52444e-006
1.13318       2.17384e-005       3.37332e-005
1.12888       2.76527e-005       3.20483e-005
1.13741       2.78618e-005       3.22907e-005
1.06764       7.49757e-005       8.54458e-005
1.06873       5.43512e-005       6.2289e-005
1.13981       2.79205e-005       3.23587e-005
1.0844       5.51481e-005       6.32024e-005
0.182958       1.2923e-009       0.476999
0.00231622       1.50511       7.47707e-007
0.250452       0.254586       0.0232247
0.302895       0.141782       0.0289833
0.318914       0.113815       0.0377239
0.362622       0.0995431       0.0452084
0.363347       0.0627272       0.052149
0.371195       0.0582891       0.0447137
0.3911       0.0495361       0.0510682
0.415511       0.0510908       0.057153
0.461888       0.0475249       0.0286147
0.181527       2.59648e-009       0.518357
0.0012817       1.32517e-009       1.31375
9.57192e-005       2.08059       2.79561e-017
0.12607       0.397676       0.0360533
0.20669       0.215779       0.0329143
0.262271       0.173679       0.0271314
0.280582       0.11738       0.0409689
0.325488       0.0824445       0.0446416
0.34791       0.0848673       0.0302957
0.365653       0.0629938       0.0717577
3.5032e-008       6.22025e-005       1.33366
0.000655647       1.91395       9.50806e-007
0.163288       0.289171       0.034673
0.223802       0.227687       0.0273007
0.256587       0.171029       0.0355685
0.278346       0.160145       0.032737
0.314129       0.136438       0.0436668
0.140286       1.29019e-006       0.539748
7.96132e-007       2.59615e-005       1.37461
0.118515       0.428409       0.0265327
0.165265       0.290255       0.028363
0.190719       0.263237       0.0300818
0.257498       0.201534       0.0330179
0.248471       5.45428e-010       0.508888
9.28083e-005       2.12871       2.86028e-017
0.103565       0.487431       0.0285507
0.150982       0.365998       0.0402932
0.201998       0.258515       0.0292725
0.233358       0.224899       0.0283027
0.180725       2.58501e-009       0.516068
0.131406       1.41089e-006       0.550943
8.24862e-011       0.00020007       1.28135
0.0863049       0.534157       0.0167598
0.136011       0.34151       0.0337223
0.181737       0.273364       0.0296736
1.5259e-009       0.136507       0.530867
2.53347e-006       0.0911123       0.590244
2.21099e-012       0.000224788       1.23879
0.0840742       0.548147       0.027613
0.126977       0.415676       0.0404153
2.03984e-006       0.116398       0.548835
3.99749e-006       0.10677       0.572314
2.14939e-012       0.000252106       1.20179
0.000102014       2.0593       7.03254e-017
0.0765457       0.619408       0.0184777
0.132432       0.443945       0.038185
3.84253e-009       0.136346       0.53024
0.0684241       0.624416       0.0274596
3.2045e-007       0.163863       0.549249
0.000107814       2.17639       7.43243e-017
0.0635086       0.654492       0.0189633
8.44059e-012       0.207795       0.511996
4.19391e-009       0.000509319       1.27445
0.000122401       2.29769       1.67284e-016
6.48362e-005       7.48655e-006       1.24251
7.97702e-008       0.00159763       1.2229
1.01875e-007       0.22223       0.562928
