1.61009       0.489864       0.156177
1.60424       0.487978       0.155313
1.60544       0.488478       0.155635
1.61293       0.490712       0.156292
1.53098       0.458627       0.164815
1.60476       0.44923       0.246978
1.57171       0.385175       0.322462
1.53336       0.309361       0.376824
1.52955       0.250402       0.416999
1.54784       0.172763       0.46087
1.57967       0.152177       0.478702
1.57952       0.152162       0.478656
1.53478       0.147847       0.465102
1.60098       0.487075       0.155134
1.524       0.459996       0.158894
1.63774       0.422781       0.305793
1.53539       0.339352       0.37254
1.56694       0.285796       0.40866
1.55261       0.230034       0.437073
1.37448       0.826077       0.262601
1.36335       0.815913       0.25937
1.28646       0.932888       0.297089
1.41774       0.672418       0.347079
1.4488       0.53803       0.43939
1.46345       0.453493       0.58062
1.40265       0.324454       0.713372
1.31383       0.320838       0.891254
1.32031       0.293436       0.923103
1.38754       0.273477       0.824221
1.43914       0.25805       0.811783
1.12813       1.11756       0.355768
1.0659       1.16335       0.370225
1.01123       1.21754       0.387348
1.12589       1.10117       0.410267
1.28057       0.917618       0.366345
1.27519       0.710221       0.710214
1.19607       0.578126       0.923815
1.11069       0.381757       1.10391
1.03916       0.384995       1.21116
1.16402       0.348974       1.09784
0.869489       1.29707       0.412426
0.838095       1.32035       0.419717
0.695376       1.37605       0.437592
0.946373       1.17494       0.536454
1.03859       0.929913       0.823299
0.992412       0.793385       1.00579
0.879949       0.455935       1.2573
0.734886       0.430762       1.35518
0.7954       0.424862       1.33662
0.94835       0.408615       1.28549
0.609229       1.41658       0.450511
0.550036       1.42025       0.451466
0.703679       1.26284       0.765758
0.649326       1.02844       1.02381
0.574391       0.771131       1.26424
0.536016       0.454325       1.42438
0.603832       0.446978       1.40619
0.703359       0.432506       1.36067
0.520647       1.43059       0.455294
0.481064       1.44039       0.464496
0.480985       1.43698       0.47414
0.482459       1.22605       0.894746
0.480985       0.901572       1.21527
0.480985       0.568518       1.40232
0.489557       0.457557       1.43948
0.498423       0.456699       1.43678
0.480985       1.38414       0.611442
0.480985       1.31771       0.743873
0.480985       1.06448       1.07545
0.480985       0.73032       1.32527
0.480985       0.540642       1.4133
