2.29962       2.29962       1.72916e-005
1.58646       1.58451       0.0669759
1.42107       1.22642       0.202424
1.22884       1.21841       0.341543
1.37118       1.10671       0.486794
1.30063       1.02643       0.625183
1.24208       0.911238       0.889874
1.37781       0.259571       1.18203
1.51024       0.266531       1.27999
1.46256       0.202511       1.27182
1.38725       0.248189       1.18546
1.08196       0.140303       2.14138
1.84707       1.24161e-007       3.8725
1.61832       1.61635       0.0696005
1.6275       1.62561       0.0754668
1.29731       1.12999       0.401478
1.43088       1.07909       0.519713
1.39125       0.24553       1.17914
1.51276       0.147427       1.55379
0.00394985       0.000256856       6.14633
1.17689       1.33713       0.204046
1.15909       1.31323       0.24601
1.30039       1.27432       0.188664
1.23804       1.03521       0.555694
1.24632       1.02456       0.593955
1.31704       0.927421       1.12598
1.36768       0.274363       1.19504
1.36387       0.273596       1.18789
1.29753       0.264389       1.2948
1.18761       1.29635       0.35471
1.11262       1.11552       0.321854
1.25115       0.302661       1.25097
1.23248       0.26312       1.42363
0.218929       0.285102       2.48135
0.00264963       0.000223847       6.41829
1.16121       1.31804       0.407291
1.08039       1.36363       0.743972
1.2317       0.811965       1.17585
1.24531       0.0758852       1.53273
1.11167       0.572128       1.70362
0.233639       0.299408       2.68129
2.38539e-005       0.000693953       6.50827
1.02356       1.40712       0.728706
1.03348       1.44476       0.839809
0.995476       1.45819       1.02039
1.0536       1.35527       0.973482
1.11063       0.843117       1.25775
0.864924       0.0184544       2.3825
0.449052       0.297738       2.92339
0.969413       1.41469       0.873643
0.982782       1.43869       1.01352
0.919465       1.31951       1.30229
0.337684       0.869573       2.51606
3.89291e-019       3.05539e-016       6.94713
0.938348       1.36073       1.13549
0.932155       1.43568       1.28173
0.164093       1.52854       1.54443
0.148458       1.47485       1.65628
0.206833       0.433688       2.72988
6.2511e-018       2.89961e-015       6.97696
0.94876       1.47779       1.19532
0.301044       1.26048       1.395
0.1366       1.18131       1.56063
0.0853505       1.34415       2.02436
0.180909       0.290467       2.85621
7.10652e-018       1.59159e-014       7.93171
0.16295       0.851708       2.40623
0.00020731       4.65436e-015       6.5566
0.142581       1.46094       1.6617
0.134103       1.37434       1.56243
0.177214       0.881214       2.35885
0.129777       1.45462       1.78407
0.13134       1.572       1.94317
1.38804e-023       4.07181e-014       7.38291
3.05122e-008       1.49704       4.38677
