1.65824       0.599892       0.233365
1.67537       0.606181       0.235765
1.69948       0.614887       0.239198
1.70079       0.603418       0.267805
1.68976       0.572955       0.319564
1.66821       0.482831       0.43265
1.65802       0.402828       0.502623
1.68962       0.284199       0.591284
1.69164       0.244322       0.610074
1.79555       0.253027       0.649414
1.6981       0.245251       0.611789
1.67449       0.242827       0.602892
1.73135       0.253805       0.622242
1.68133       0.606501       0.240954
1.70853       0.618195       0.240391
1.6597       0.575889       0.288733
1.66268       0.51385       0.390452
1.70893       0.473009       0.465458
1.68301       0.375853       0.534846
1.71231       0.246696       0.617166
1.73566       0.252019       0.624859
1.58894       0.703152       0.273675
1.53637       0.812982       0.316584
1.46597       0.904186       0.359219
1.56209       0.774123       0.441429
1.63736       0.575343       0.425314
1.64098       0.52398       0.459464
1.58356       0.318741       0.796219
1.46877       0.353696       0.890038
1.57007       0.349898       0.900635
1.61476       0.265854       0.658042
1.35988       1.01922       0.399533
1.26127       1.12233       0.437998
1.19743       1.16374       0.455241
1.32939       1.00296       0.58264
1.43463       0.810475       0.876101
1.35496       0.644841       0.921316
1.22205       0.464619       1.18939
1.24717       0.453319       1.16189
1.37396       0.428326       1.10353
1.10981       1.23713       0.48307
1.02567       1.28467       0.501025
0.889218       1.36189       0.529657
0.9233       1.31498       0.631103
1.06306       1.09051       0.882982
1.00255       0.900937       1.10257
0.873113       0.659443       1.32776
0.931803       0.534172       1.37569
1.00498       0.517099       1.33087
1.07855       0.500006       1.28805
0.877718       1.39862       0.542858
0.779318       1.42242       0.552432
0.684005       1.45862       0.567439
0.750518       1.34071       0.754983
0.824027       1.07482       1.08621
0.65437       0.792495       1.36408
0.678075       0.567702       1.4615
0.769774       0.553542       1.42612
0.813804       0.546228       1.40679
0.617736       1.4836       0.575843
0.617703       1.4756       0.596066
0.617702       1.27618       0.950815
0.628978       0.973617       1.25423
0.6177       0.605848       1.4716
0.61773       0.596687       1.47542
0.649774       0.571969       1.47215
0.617699       1.35229       0.83903
0.617699       1.35679       0.831745
0.617699       0.845493       1.34826
0.6177       0.5807       1.48171
0.617699       1.35893       0.828237
0.617699       1.36781       0.813492
0.617699       0.845492       1.34826
0.617699       1.20171       1.04334
0.6177       0.970495       1.26127
0.6177       1.32297       0.884545
0.617699       0.760054       1.39821
0.617699       1.29644       0.922988
0.617699       1.23474       1.00403
0.617699       1.34106       0.856876
0.617699       1.31472       0.896756
0.6177       1.28163       0.94345
