1.69222       0.042358
1.5965       0.039962
1.60065       0.0400658
1.49279       0.02514
1.54854       0.0726149
1.51739       0.129298
1.49276       0.155894
1.38801       0.148705
1.36746       0.184439
1.34125       0.225865
1.34654       0.234695
1.33839       0.233274
1.3088       0.285354
1.28538       0.30625
1.24349       0.333988
1.23452       0.347428
1.23777       0.336226
1.22481       0.351708
1.1825       0.415405
1.16201       0.421566
1.14949       0.443897
1.12849       0.460977
1.11222       0.474998
1.10538       0.502937
1.08774       0.52221
1.07809       0.537259
1.06721       0.536887
1.05652       0.576317
1.02867       0.586561
1.01221       0.607469
1.00318       0.626558
0.986785       0.643325
0.970289       0.658123
0.958646       0.67391
0.942122       0.692948
0.932133       0.70478
0.932133       0.70478
0.932133       0.70478
0.932133       0.70478
0.932133       0.70478
0.932133       0.70478
0.932133       0.70478
0.932133       0.70478
0.932133       0.70478
0.932133       0.70478
0.932133       0.70478
0.932133       0.70478
0.932133       0.70478
0.932133       0.70478
0.932133       0.70478
0.932133       0.70478
0.932133       0.70478
0.932133       0.70478
0.932133       0.70478
0.932133       0.70478
0.932133       0.70478
0.932133       0.70478
0.932133       0.70478
0.932133       0.70478
0.932133       0.70478
0.932133       0.70478
0.932133       0.70478
0.932133       0.70478
0.932133       0.70478
0.932133       0.70478
0.932133       0.70478
0.932133       0.70478
0.932133       0.70478
0.932133       0.70478
0.932133       0.70478
