1.77244       9.02692e-005
1.63675       0.00345508
1.5751       0.0257501
1.55759       0.0385031
1.4553       0.0649693
1.42495       0.0636144
1.46479       0.0673253
1.3454       0.155587
1.28705       0.164402
1.0444       0.17584
1.11863       0.182498
1.04009       0.175114
1.22093       0.208281
1.14728       0.18583
0.999633       0.254268
1.00554       0.269414
0.994719       0.272762
0.906134       0.280638
0.893869       0.289381
0.902455       0.301254
0.784912       0.342598
0.779297       0.340147
0.780987       0.340885
0.754689       0.35952
0.736406       0.351042
0.741614       0.366833
0.736909       0.358173
0.611774       0.457669
0.657516       0.438585
0.636364       0.448915
0.614183       0.459472
0.629573       0.468237
0.614884       0.479109
0.615666       0.485586
0.523486       0.544362
0.528335       0.562623
0.497979       0.565954
0.509593       0.558519
0.499084       0.557009
0.501906       0.560158
0.495625       0.599102
0.52945       0.607795
0.529494       0.634399
0.314206       0.79948
0.440921       0.747109
0.464324       0.880174
0.425103       0.75746
0.505241       0.86905
0.429594       0.954947
0.405147       0.959107
0.406076       1.00868
0.373373       1.11551
0.410335       1.14455
0.457004       1.11479
0.352752       1.69884
0.443313       1.31318
0.415366       1.03499
0.400981       0.949247
0.292832       1.88862
0.251487       2.27237
0.136521       2.55709
0.255345       2.38193
0.00213968       2.87544
0.177341       1.92155
0.000555514       2.99813
0.011201       3.16174
0.00308016       3.30524
0.000196592       3.32548
