1.24549       1.51551       4.81554e-005
1.91648       1.12112       0.0830595
1.8655       0.552039       0.102526
1.88701       0.440238       0.128592
1.8782       0.439684       0.125671
1.83767       0.405009       0.255442
1.86852       0.351406       0.310723
1.89983       0.264912       0.32266
1.8493       0.221251       0.335982
1.89823       0.210205       0.448466
1.93728       0.0466073       0.546151
2.18698       0.0401838       0.623444
1.28286       3.25451e-006       3.05139
1.0056       2.22777       0.0736734
1.40606       1.46011       0.00555561
1.82636       0.866225       0.111062
1.86477       0.448556       0.116139
1.82828       0.391797       0.284167
1.89407       0.29549       0.318211
1.87354       0.214358       0.361837
1.99632       0.0466617       0.563246
1.66348       0.00732311       1.69025
1.22608       0.0775987       1.89989
0.976794       1.93135       0.136262
1.42328       1.37413       0.281723
1.46822       1.06437       0.414398
1.78707       0.585696       0.456727
1.78986       0.692332       0.248473
1.5203       0.498295       0.816917
1.72208       0.273717       1.1414
1.42416       0.167001       1.33829
1.20912       0.24348       2.15305
0.974973       2.20425       0.212798
0.985488       2.03587       0.237904
0.998131       1.48612       0.279627
1.16714       1.22062       0.348306
1.30426       0.894709       0.904354
1.20262       0.723823       0.918229
1.19656       0.585807       1.21619
1.16522       0.166955       1.53509
1.17471       0.398899       1.59898
0.966463       2.23193       0.0317896
0.97885       1.95494       0.16291
0.983668       1.8481       0.15741
1.0616       1.30544       0.599297
1.19424       1.12389       0.537657
1.16981       0.902838       0.98633
1.13478       0.664663       1.268
1.15018       0.59166       1.14901
0.955649       2.11896       0.271157
0.939749       1.11689       0.434372
0.996339       1.62603       0.242695
1.00998       1.21859       0.33504
1.10168       1.13124       0.703519
1.17005       0.723149       0.88764
1.16812       0.347453       1.4979
1.17197       0.64147       1.11147
0.949053       2.26513       0.109773
0.979552       2.32153       0.0772011
0.971931       1.85048       0.283956
1.00975       1.47431       0.333451
1.07503       1.25753       0.354385
0.949922       1.96517       0.2853
0.940759       2.21421       0.0736322
0.943458       1.57959       0.246963
0.958986       2.22169       0.0738811
0.941585       1.61395       0.268008
0.960734       1.97549       0.182339
1.04867       1.58035       0.320158
0.948841       1.7247       0.239184
0.969631       1.61679       0.030064
0.940578       1.7506       0.28611
0.97665       1.75327       0.032602
0.952363       2.08527       0.309562
0.955727       2.18829       0.334716
0.959521       1.80006       0.241934
0.975848       2.23607       0.342024
