0.380422       0.926508       2.69602e-011
2       3.8638e-012       2.40888e-010
2       4.73659e-012       2.93873e-010
2       1.61896e-011       1.73207e-011
2       1.44356e-009       2.32777e-011
2       1.74714e-011       2.5334e-011
2       1.06306e-009       9.15924e-012
2       1.74714e-011       2.92915e-011
3.539e-006       5.27229e-007       1.00099
7.40021e-014       1       1.77141e-013
0.713323       0.710272       0.0368355
0.900449       0.436726       0.0319782
0.953631       0.309313       0.0629756
0.988331       0.156276       1.20517e-010
0.988357       0.15628       0.0313971
0.993032       0.141012       0.022277
0.993372       0.11738       0.0128678
0.99571       0.0485331       0.28635
0.996358       0.0864066       1.2726e-010
0.46869       0.055474       0.941173
1.48461e-005       3.25661e-007       1.00078
4.29685e-012       1       2.62257e-015
0.459158       0.894401       0.00472428
0.690568       0.741201       0.139837
0.840327       0.549479       0.128989
0.889511       0.441223       0.244919
0.902247       0.36496       0.294453
0.952874       0.308392       0.100851
0.932137       0.261663       0.421369
0.926089       0.143585       0.497681
0.876506       0.00679342       0.846522
0.186218       0.0695787       0.995484
1.48457e-005       3.25652e-007       1.00076
0.314358       0.955214       0.0104779
0.554183       0.844581       0.129777
0.790354       0.601483       0.300622
0.841053       0.500089       0.261949
0.795503       0.206944       0.613558
0.644349       0.290459       0.765156
0.181525       0.0467213       0.9952
9.32315e-006       2.82273e-007       1.00081
3.42561e-014       1       3.43339e-014
0.231221       0.97527       0.0314494
0.325743       0.945668       0.129579
0.681644       0.61226       0.500255
0.456394       0.58298       0.729682
0.579188       0.372028       0.745223
0.357932       0.101393       0.950926
0.198207       7.21585e-005       0.992834
6.13455e-014       1       1.38096e-013
0.193651       0.981473       1.33159e-011
0.509169       0.865565       0.106514
0.244066       0.697482       0.7253
0.203064       0.507291       0.881853
0.289582       0.202027       0.962283
8.62663e-005       7.95152e-005       1.00075
6.50053e-015       1       1.5986e-013
0.162321       0.98633       0.141292
0.211129       0.953203       0.366526
0.0819804       0.866773       0.618696
0.336842       0.589234       0.823327
0.13343       0.375868       0.947323
2.30309e-006       1.51805e-009       1.00095
1.90694e-013       0.993674       0.17481
0.250455       0.903989       0.399355
0.199713       0.378991       0.916279
0.125169       0.113287       0.997543
3.6193e-006       0.863453       0.591688
0.000112229       1.09946e-007       1.00091
0.000114762       1.91799e-007       1.00071
1.58264e-014       1       1.11238e-014
1.69641e-012       0.983985       0.294683
0.121931       0.774875       0.754839
0.0637278       0.33262       0.972504
0.000117318       2.77211e-007       1.00072
6.02353e-014       1       1.98422e-014
0.00298596       0.951166       0.384485
0.021723       0.425302       0.956495
0.00489798       0.780109       0.753869
6.06393e-005       1.31074e-006       1.00135
4.41197e-006       0.79007       0.76348
