0.707204       0.70701       3.07973e-013
1       0.000185856       4.15875e-013
1       0.000137898       4.51441e-013
1       0.000117795       6.49171e-013
1       8.91591e-005       4.69827e-013
0.845034       3.16815e-007       0.55037
0.000591352       1       1.11116e-017
0.894644       0.446928       3.07995e-013
0.950706       0.31288       5.04958e-013
0.971732       0.236155       2.90002e-013
0.981084       0.195546       1.02622e-013
0.986639       0.16334       5.38981e-013
0.992565       0.12173       8.51586e-014
0.994025       0.109418       2.0417e-014
0.996562       0.0167607       0.371055
0.65931       0.0553044       0.757937
1.43663e-016       5.2815e-016       8.93875
0.420606       0.911259       9.28295e-014
0.83494       0.550349       4.87973e-018
0.8955       0.445455       3.44804e-013
0.929355       0.369201       1.43311e-015
0.952367       0.306133       7.80923e-014
0.971752       0.23602       1.32178e-016
0.727662       0.056344       0.704134
0.655517       0.000908574       0.83528
0.000427504       1       1.0004e-013
0.316575       0.948568       4.87971e-018
0.561049       0.832182       9.28264e-014
0.778885       0.529059       0.39599
0.7939       0.388227       0.476029
0.777048       0.379986       0.509445
0.504157       0.192013       0.88723
0.521318       0.161514       0.897558
0.000312733       1       9.09145e-018
0.240672       0.970643       2.92924e-017
0.44588       0.901649       3.71961e-013
0.598107       0.801743       6.7393e-014
0.683366       0.647555       0.395934
0.654448       0.505728       0.649772
0.515329       0.269348       0.851368
0.000204496       1       1.07937e-017
0.196314       0.980541       1.31974e-018
0.36555       0.930792       2.08555e-018
0.46786       0.787895       0.413856
0.480659       0.669265       0.577366
0.458726       0.316543       0.988878
0.123652       0.992326       2.90829e-017
0.316626       0.94855       2.08555e-018
0.401164       0.717443       0.608535
0.374497       0.387951       0.889574
0.375562       0.432202       0.890598
0.000138666       1       1.03782e-017
0.123685       0.992322       2.90829e-017
0.239423       0.882995       0.454601
0.297435       0.772323       0.642602
0.177621       0.520927       0.910842
0.000129344       1       1.42479e-018
0.210219       0.912741       0.397715
0.203182       0.571461       1.00374
0.099874       0.995105       7.21879e-018
0.00634881       0.796932       0.620999
0.198849       0.559274       0.982329
0.0937866       0.995592       3.41901e-018
0.0867644       0.68533       1.21863
0.000117468       1       8.50272e-019
0.0788804       0.996884       1.7813e-018
0.000105593       1       2.75756e-019
8.71561e-005       1       4.92604e-017
