1.56028       5.89759e-007
1.3768       0.00111238
1.29402       0.00146003
1.22902       0.0380413
1.07132       0.0554826
1.25872       0.0648448
1.11093       0.0192811
1.07382       0.0755127
0.948266       0.0905623
0.968693       0.112956
1.03976       0.150385
1.02119       0.0860004
0.987748       0.113486
0.931249       0.202894
1.0263       0.223604
0.90612       0.173244
1.01147       0.265848
0.985209       0.31252
0.91314       0.21229
0.925605       0.176969
0.90984       0.320717
0.843782       0.338685
0.882714       0.320582
0.747959       0.373406
0.846814       0.318917
0.851381       0.358791
0.82702       0.373158
0.795345       0.486946
0.696001       0.560856
0.731116       0.448548
0.703942       0.491113
0.668455       0.570682
0.627264       0.56982
0.712895       0.573245
0.613231       0.618114
0.656548       0.709817
0.640633       0.677401
0.525506       0.669238
0.528043       0.672469
0.555202       0.697364
0.497867       0.724954
0.506938       0.680951
0.423789       0.78088
0.421124       0.902345
0.45843       0.776308
0.38375       0.791637
0.326152       0.953887
0.408062       0.742874
0.328213       0.980863
0.362786       0.869891
0.365047       0.9417
0.342118       0.961339
0.333684       0.97812
0.280523       0.979583
0.322248       1.0141
0.269359       1.03702
0.241819       1.0489
0.223546       1.05254
0.127451       1.11764
0.143845       1.2544
0.122302       1.26736
0.212766       1.29366
0.0825207       1.29586
0.0872639       1.18911
0.137336       1.27531
0.0674475       1.30352
0.0716898       1.2839
0.0453309       1.31609
0.0350825       1.3139
0.0207937       1.33703
0.0116862       1.63785
6.09422e-006       2.20044
