0.999999       1.06207
1       1.02797
1       1.06311
1       1.06578
0.951701       1.09522
1       1.01952
0.999928       1.09676
1       1.01984
1       1.0256
0.999999       1.02525
1       1.02996
1       1.03791
1       1.08741
1       1.08055
1       1.04838
1       1.06672
0.99417       1.10555
0.993423       1.05194
0.981717       1.11458
0.998727       1.05964
0.993314       1.08691
0.999896       1.04414
0.988626       1.10442
0.991832       1.09341
0.993314       1.03891
0.99851       1.05265
0.996076       1.06743
0.997384       1.05817
0.999588       1.03976
0.999725       1.03434
0.999999       1.02297
0.988289       1.06254
0.993314       1.04899
0.993314       1.05149
0.985612       1.10532
0.9656       1.12945
0.90317       1.22126
0.823392       1.26869
0.825285       1.28222
0.833602       1.31324
0.806822       1.27642
0.722435       1.36996
0.661042       1.39728
0.670671       1.4061
0.664829       1.42011
0.641266       1.48885
0.564401       1.50191
0.534627       1.53051
0.581401       1.50875
0.435034       1.61512
0.484414       1.68428
0.494933       1.66288
0.439738       1.65542
0.320136       1.7091
0.406632       1.71974
0.320136       1.71556
0.311001       1.77878
0.270824       1.79749
0.25022       1.81809
0.164847       1.85578
0.198644       1.89101
0.0275956       1.93504
0.133313       1.96182
0.100885       1.96047
0.0426274       1.96749
0.0228191       1.95561
1.14834e-006       1.97849
