1.26628       6.70243e-006       1.3272e-005
1.09734       5.7898e-006       1.20483e-005
1.26899       1.544e-005       1.69407e-005
1.46661       0.000117243       7.92946e-005
1.44921       8.66232e-005       0.000135789
1.40487       7.89948e-005       5.41007e-005
1.44643       0.000118987       0.000158157
1.47711       0.000113803       0.00023934
1.41601       0.000105018       0.000166229
1.40329       5.22369e-005       3.5787e-005
0.81036       6.94298e-007       0.180109
0.00211308       4.16931       5.83316e-006
0.364645       0.582941       0.0219023
0.729002       0.217457       0.040817
0.735526       0.166539       0.0888715
0.761821       0.141742       0.108508
0.806479       0.141298       0.110876
0.785999       0.067853       0.132698
0.736926       0.0339961       0.157525
0.7325       0.062181       0.21502
0.7036       0.0515       0.363044
0.349317       0.038136       0.501536
0.000391716       5.93689e-005       0.99367
0.409396       0.442828       0.0930475
0.508932       0.34513       0.136239
0.624696       0.331256       0.168535
0.694861       0.107569       0.177524
0.639931       0.202795       0.256723
0.482521       0.174535       0.284471
0.469248       0.15242       0.415465
0.358318       0.0548857       0.459761
0.293488       0.0522777       0.687517
0.000121387       3.09538e-005       1.04087
0.000410366       2.90368       0.000227069
0.062323       0.895061       0.039213
0.36398       0.528847       0.116215
0.361879       0.368929       0.148543
0.45589       0.336806       0.215195
0.446274       0.247671       0.256141
0.355404       0.213538       0.323911
0.390998       0.174156       0.382126
0.230431       0.0407221       0.715043
4.3061e-008       2.55865       0.000215322
0.0621642       0.89278       0.039113
0.28425       0.644665       0.152455
0.342498       0.468908       0.135057
0.361932       0.367867       0.159195
0.347417       0.212738       0.416637
0.333999       0.181377       0.609458
0.00576384       0.0228808       0.819889
0.000125102       2.58447e-005       1.07293
0.0943364       0.62755       0.189488
0.325853       0.513366       0.200601
0.310323       0.4061       0.405995
0.150019       0.28864       0.485717
0.274949       0.0958878       0.686783
0.0215019       0.116977       0.771995
7.8353e-008       4.18768       0.000519518
0.13087       0.816705       0.131509
0.120096       0.620071       0.217146
0.232724       0.532496       0.402349
0.152916       0.323374       0.432044
0.218279       0.261645       0.647725
0.05842       0.111532       0.723776
0.000264421       3.76324e-005       1.14552
0.0322881       0.728914       0.155659
0.0734915       0.574352       0.261446
0.1092       0.389463       0.423615
0.0948411       0.281126       0.571589
0.0305971       0.0622065       0.741687
1.2466e-007       3.12341e-006       1.65242
8.5408e-008       4.23021       0.000355992
0.143089       0.565878       0.371638
0.0559863       0.314204       0.477536
0.000107524       8.93967e-005       1.65662
2.90223e-009       4.12374       0.000511586
0.0490103       0.639969       0.193238
0.0693349       0.328325       0.438658
0.0567364       0.223035       0.705978
0.0462234       0.590215       0.314618
0.0257101       0.295864       0.549331
0.0227673       0.423069       0.449266
1.23227e-007       5.87142e-006       1.69247
1.00308e-007       4.33311       0.000396924
2.33886e-007       0.00142349       1.63146
7.44286e-005       0.354514       0.818163
