1       2.25886e-038
0.984563       0.00695881
0.947259       0.0189553
0.909342       0.0290086
0.852113       0.0357556
0.750303       0.0415252
0.653185       0.0431452
0.588741       0.0441917
0.524612       0.0473657
0.471847       0.052629
0.449431       0.0567116
0.435503       0.059528
0.42829       0.06174
0.413009       0.0667203
0.402922       0.0714546
0.402711       0.0714174
0.388535       0.0796255
0.382993       0.084184
0.380007       0.0864276
0.373113       0.0944607
0.369236       0.097744
0.365509       0.102486
0.362551       0.107039
0.358819       0.113981
0.360551       0.110588
0.35398       0.125564
0.352385       0.127699
0.348877       0.138269
0.347793       0.141301
0.346574       0.147174
0.346851       0.148358
0.343723       0.160162
0.342589       0.169647
0.34082       0.176884
0.34011       0.181652
0.339418       0.187711
0.338819       0.197462
0.338054       0.205934
0.337516       0.222602
0.335751       0.237301
0.335476       0.246354
0.335119       0.250398
0.334703       0.266092
0.33424       0.276429
0.334237       0.28039
0.333723       0.301915
0.334221       0.288934
0.332936       0.3317
0.332519       0.360164
0.332413       0.367143
0.332443       0.368887
0.331198       0.409107
0.330064       0.438424
0.329216       0.461226
0.328678       0.481178
0.327268       0.504355
0.327097       0.519433
0.323943       0.537804
0.321824       0.562026
0.320422       0.573998
0.316529       0.606686
0.314921       0.620213
0.311623       0.64561
0.306912       0.672229
0.30405       0.687667
0.297972       0.718604
0.29346       0.737943
0.285323       0.768357
0.278972       0.786693
0.273116       0.804382
0.267691       0.819756
0.25468       0.850017
0.247615       0.862585
0.238234       0.885686
0.221791       0.904548
0.217093       0.912397
0.200002       0.929994
0.190699       0.940547
0.181713       0.945653
0.169771       0.955131
0.157169       0.962713
0.143411       0.970051
0.134454       0.974555
0.115432       0.98172
0.110168       0.982946
0.0927934       0.987647
0.0826228       0.989783
0.0727376       0.991738
0.0570546       0.994162
0.0518992       0.994843
0.0415451       0.996146
0.021436       0.998134
0.0193585       0.998357
0.00324552       0.99975
5.80436e-006       1.00044
