0.707199       0.707015       2.06371e-010
1       0.000104613       1.34338e-013
1       0.000104613       1.60783e-013
1       9.63681e-005       1.35027e-013
0.000568715       1       7.69558e-011
0.898622       0.438858       5.58991e-012
0.948725       0.316103       6.43132e-013
0.97206       0.234732       2.53006e-014
0.980904       0.195187       5.17605e-011
0.987039       0.160481       4.4947e-019
0.991754       0.128157       4.4947e-019
0.979746       0.0641018       0.237508
0.980924       0.0210913       0.237341
0.925148       0.0375479       0.414772
0.736944       0.0457045       0.69648
5.14547e-013       1.1354e-014       1.32581
0.421845       0.910105       6.34158e-011
0.832813       0.553976       5.59088e-012
0.931327       0.364656       1.09225e-012
0.948725       0.316103       6.08354e-013
0.840006       0.0539037       0.582029
0.475554       0.00921279       0.979982
4.82718e-013       4.67151e-015       1.24355
0.000416575       1       1.52735e-011
0.316522       0.949035       2.26643e-010
0.556974       0.831123       2.06472e-010
0.800157       0.59979       1.28626e-012
0.862579       0.51348       3.06754e-013
0.797625       0.0642807       0.626593
0.680191       0.290698       0.678754
0.546632       0.000504595       0.844746
0.307109       0.023177       1.09678
9.67809e-011       5.02057e-013       1.24564
0.000320042       1       5.74885e-011
0.23819       0.971221       1.98842e-010
0.420749       0.90774       6.2008e-011
0.601983       0.80246       1.20263e-010
0.606494       0.472802       0.649703
0.601804       0.391898       0.726044
0.451327       0.139796       0.904268
0.265332       0.130445       1.05291
5.01667e-011       3.94479e-013       1.25583
0.000241149       1       1.79107e-011
0.195244       0.980755       1.23244e-010
0.368524       0.929643       4.24925e-011
0.507744       0.861511       2.31894e-010
0.53699       0.580607       0.633597
0.481033       0.303851       0.8372
0.36775       0.292771       0.91196
1.05874e-012       6.15322e-014       1.19696
0.000164921       1       7.71081e-011
0.163246       0.986639       1.8005e-010
0.300764       0.954234       8.91393e-011
0.175718       0.809637       0.608753
0.297637       0.561992       0.801472
0.271253       0.357931       0.940731
1.61342e-014       4.11337e-015       1.13143
0.128467       0.991714       1.74841e-011
0.264365       0.964519       2.07032e-011
0.209613       0.72936       0.705068
0.192695       0.42892       0.912265
6.00699e-015       3.55228e-016       1.11635
1.79472e-015       2.12997e-016       1.1187
0.000136358       1       5.54371e-011
0.121566       0.99262       3.30692e-011
0.175726       0.809671       0.608779
0.0159908       0.502064       0.879951
1.06198e-014       7.1642e-020       1.15872
5.33497e-014       1.34355e-017       1.22412
0.104628       0.995047       2.64709e-012
0.0226981       0.736391       0.699538
0.000113773       1       5.15186e-011
0.0925717       0.995834       5.76398e-012
0.0775703       0.464583       1.10716
1.01082e-013       8.18964e-016       1.19402
0.0662038       0.811246       0.70372
1.00612e-013       8.1515e-016       1.18846
0.000102913       1       1.91336e-011
9.82731e-005       1       1.83478e-011
