2.31541       0.00968987
2.06318       0.0172479
2.22223       0.0163432
1.83232       0.0669421
1.82361       0.04681
1.70172       0.112871
1.61863       0.125819
1.7087       0.069538
1.10592       0.218908
1.35264       0.224224
1.29831       0.188298
1.03467       0.228519
1.07597       0.225195
1.22085       0.222085
1.19465       0.236474
1.23155       0.295063
1.05638       0.232178
1.12136       0.34137
1.06156       0.254335
0.924181       0.346819
0.91834       0.331777
0.838639       0.482754
0.976778       0.391138
0.643165       0.451981
0.802478       0.311973
0.687636       0.454736
0.619867       0.406344
0.669937       0.455864
0.720383       0.504143
0.778923       0.545293
0.638395       0.447621
0.62883       0.412219
0.676523       0.460346
0.63937       0.444992
0.648736       0.455896
0.596969       0.65772
0.619613       0.684213
0.623272       0.727604
0.609239       0.717646
0.490114       0.779128
0.437434       0.738644
0.496496       0.597686
0.437092       0.81156
0.449219       0.781613
0.402316       0.806502
0.455151       0.832272
0.409871       0.862423
0.394026       0.852326
0.355113       0.754169
0.396264       0.870042
0.276268       0.912615
0.263848       1.13622
0.2557       1.01015
0.00127676       1.14507
0.143085       1.08409
0.122096       1.1364
0.121547       1.14123
0.12292       1.13421
0.00499996       1.15831
0.0777323       1.162
0.0185202       1.17471
0.00509736       1.18087
0.00732517       1.19333
0.0355687       1.13472
0.00765496       1.18608
0.00518175       1.20042
0.000642873       1.20086
0.000644133       1.20321
0.000215072       1.1992
8.75041e-005       1.21426
