5.31993e-001	3.78887e-001	
1.63992e-001	9.09480e-001	
3.94701e-005	1.03205e+000	
8.03975e-001	3.06722e-001	
8.48698e-001	8.80609e-002	
5.48392e-001	3.66172e-001	
1.43471e-001	9.66052e-001	
2.03831e-001	7.06639e-001	
7.99697e-001	3.11561e-001	
7.58823e-001	3.27448e-001	
4.34754e-001	6.59942e-001	
8.88849e-001	2.62362e-002	
1.39748e-001	9.68140e-001	
8.51029e-001	7.29517e-002	
1.91413e-001	7.22584e-001	
1.08691e-001	9.95095e-001	
1.32007e-001	9.71634e-001	
1.96691e-001	7.14839e-001	
1.88382e-001	7.26448e-001	
1.57151e-001	9.37528e-001	
8.38440e-001	1.41444e-001	
2.38269e-001	6.83604e-001	
1.61819e-001	9.11651e-001	
6.63739e-001	3.34538e-001	
3.67947e-002	1.00657e+000	
2.55372e-001	6.78333e-001	
8.70840e-001	3.51676e-002	
8.93942e-001	1.71873e-002	
1.99310e-001	7.13311e-001	
2.07480e-001	7.01313e-001	
1.84418e-001	7.28424e-001	
4.94518e-001	5.99150e-001	
5.02963e-001	4.85750e-001	
5.14538e-001	4.28539e-001	
4.79143e-001	6.31116e-001	
1.11046e-001	9.91261e-001	
1.69696e-001	7.94114e-001	
1.82813e-003	1.01663e+000	
2.28569e-001	6.92173e-001	
7.45667e-001	3.32807e-001	
5.07886e-001	4.35192e-001	
5.61958e-001	3.53516e-001	
8.41910e-001	9.06643e-002	
4.95832e-001	5.81161e-001	
1.50583e-001	9.57392e-001	
5.54989e-001	3.56676e-001	
4.92100e-001	6.04819e-001	
4.46491e-001	6.55560e-001	
8.78850e-001	2.84653e-002	
8.12985e-001	2.87512e-001	
5.69431e-001	3.51068e-001	
8.35443e-001	1.86133e-001	
8.59414e-001	4.84855e-002	
1.74912e-001	7.63442e-001	
2.23932e-001	6.94127e-001	
7.87349e-001	3.14169e-001	
8.10527e-001	2.95688e-001	
7.72881e-001	3.22416e-001	
6.17129e-001	3.38339e-001	
5.75886e-001	3.46052e-001	
8.33100e-001	2.32210e-001	
8.60831e-001	4.73255e-002	
6.55738e-001	3.35569e-001	
1.78694e-001	7.51598e-001	
2.10722e-001	6.95294e-001	
4.88525e-001	6.07675e-001	
3.55571e-001	6.69391e-001	
1.82125e-001	7.46889e-001	
8.52707e-001	5.70069e-002	
8.29577e-001	2.55455e-001	
1.03100e-002	1.00942e+000	
3.08026e-001	6.71747e-001	
1.54935e-001	9.41538e-001	
9.04833e-001	1.26844e-002	
9.44843e-001	5.07733e-003	
4.74389e-001	6.33199e-001	
5.03991e-001	4.65731e-001	
9.48819e-001	3.02767e-003	
4.66344e-001	6.38322e-001	
5.92717e-001	3.44165e-001	
1.23190e-001	9.86024e-001	
1.67881e-001	8.36733e-001	
4.10851e-001	6.66988e-001	
9.15593e-001	8.85769e-003	
9.00898e-001	1.47645e-002	
5.17455e-001	4.01832e-001	
2.72287e-001	6.74612e-001	
5.99662e-001	3.40762e-001	
8.97067e-001	1.58526e-002	
6.92323e-002	9.97305e-001	
5.40421e-002	1.00365e+000	
5.29739e-001	3.95882e-001	
9.50406e-001	2.96060e-003	
1.27621e-003	1.02699e+000	
8.29774e-001	2.83511e-001	
6.13812e-001	3.41302e-001	
2.05684e-001	7.17901e-001	
5.02125e-001	4.90080e-001	
1.67005e-001	8.55216e-001	
4.47747e-001	6.56929e-001	
