8.09244e-004	1.00084e+000	
9.68552e-001	1.25958e-003	
1.65704e-001	8.66362e-001	
1.69747e-001	7.80894e-001	
2.93327e-001	6.69366e-001	
3.64977e-001	6.66540e-001	
4.99983e-001	5.19482e-001	
6.93138e-001	3.33098e-001	
6.05726e-002	9.96581e-001	
6.35783e-001	3.34889e-001	
8.34464e-001	1.65056e-001	
5.02961e-001	4.53497e-001	
8.33069e-001	1.94418e-001	
8.36904e-001	1.22260e-001	
8.30572e-001	2.28607e-001	
9.29901e-001	5.57259e-003	
4.98184e-001	5.46662e-001	
5.36970e-001	3.65430e-001	
4.96180e-001	5.66454e-001	
5.06552e-001	4.23596e-001	
3.88956e-001	6.64378e-001	
5.54696e-001	3.52029e-001	
7.17665e-001	3.30980e-001	
4.92206e-001	5.86328e-001	
1.63786e-001	8.89095e-001	
8.64567e-001	3.68828e-002	
4.04963e-001	6.62394e-001	
8.38750e-001	1.05544e-001	
8.26281e-001	2.49955e-001	
1.56472e-001	9.31807e-001	
1.01258e-001	9.88196e-001	
4.21220e-001	6.59034e-001	
5.80447e-001	3.43294e-001	
7.70530e-002	9.94898e-001	
1.60540e-001	9.12246e-001	
1.72233e-001	7.66341e-001	
5.62374e-001	3.48182e-001	
9.09342e-001	9.75659e-003	
8.95703e-001	1.52036e-002	
5.28889e-001	3.73028e-001	
5.04080e-001	4.49685e-001	
4.51858e-001	6.46290e-001	
2.66581e-001	6.71751e-001	
1.32203e-001	9.70787e-001	
8.04330e-001	2.97249e-001	
9.09524e-002	9.91816e-001	
4.81227e-001	6.15873e-001	
4.59480e-001	6.41888e-001	
7.50124e-001	3.26154e-001	
7.63543e-001	3.22484e-001	
4.71498e-001	6.30367e-001	
4.88100e-001	6.00258e-001	
2.24730e-001	6.83760e-001	
6.15076e-001	3.36196e-001	
2.35720e-001	6.79507e-001	
8.75878e-001	2.61290e-002	
1.36345e-001	9.64519e-001	
4.37992e-001	6.53798e-001	
8.40941e-001	8.90216e-002	
8.51466e-001	5.67989e-002	
1.74835e-001	7.51307e-001	
8.11449e-001	2.87098e-001	
1.62259e-001	9.02552e-001	
1.16643e-001	9.81370e-001	
1.18608e-001	9.79223e-001	
1.51882e-001	9.39908e-001	
7.97502e-001	3.04152e-001	
2.00891e-001	7.00488e-001	
5.14143e-001	3.98570e-001	
9.22092e-001	7.24940e-003	
7.32002e-001	3.29500e-001	
5.21228e-001	3.83621e-001	
5.10431e-001	4.10604e-001	
8.18331e-001	2.74573e-001	
4.68673e-001	6.32610e-001	
5.97294e-001	3.38629e-001	
8.42204e-001	8.19441e-002	
1.88377e-001	7.16651e-001	
2.13221e-001	6.92846e-001	
5.19281e-001	3.87705e-001	
4.32943e-001	6.54833e-001	
2.46379e-001	6.77418e-001	
8.57954e-001	4.58803e-002	
2.52489e-001	6.74288e-001	
1.83702e-001	7.25523e-001	
5.89678e-001	3.40305e-001	
7.39460e-001	3.28209e-001	
1.43561e-001	9.54643e-001	
8.22241e-001	2.65039e-001	
1.80796e-001	7.30696e-001	
8.85827e-001	2.05360e-002	
6.09975e-001	3.37462e-001	
7.72780e-001	3.19337e-001	
8.46604e-001	6.74915e-002	
8.16162e-001	2.82646e-001	
8.24076e-001	2.59183e-001	
8.45153e-001	7.02905e-002	
1.47487e-001	9.48837e-001	
2.16779e-001	6.89120e-001	
1.77758e-001	7.40271e-001	
