6.11694e-004	1.01752e+000	
1.00149e+000	2.14065e-004	
5.04213e-001	4.74329e-001	
8.38946e-001	1.60020e-001	
8.29602e-001	2.66323e-001	
5.00830e-001	5.74891e-001	
1.68559e-001	8.29155e-001	
6.76382e-001	3.35595e-001	
1.66822e-001	8.92521e-001	
7.43285e-001	3.33035e-001	
2.89042e-001	6.74996e-001	
6.47281e-001	3.37467e-001	
3.49302e-001	6.72520e-001	
1.70495e-001	7.92790e-001	
3.99281e-001	6.69770e-001	
9.60491e-001	2.45118e-003	
3.34775e-001	6.73674e-001	
5.09259e-001	4.26566e-001	
8.40551e-001	1.32921e-001	
3.78904e-002	1.00668e+000	
6.10905e-001	3.38901e-001	
2.64668e-001	6.76120e-001	
8.89304e-002	9.97280e-001	
2.42563e-001	6.81754e-001	
4.42960e-001	6.59699e-001	
8.42068e-001	1.05464e-001	
1.58016e-001	9.40615e-001	
4.85943e-001	6.21008e-001	
8.88875e-001	2.10315e-002	
7.77344e-001	3.19387e-001	
5.79981e-003	1.00803e+000	
1.08198e-001	9.91054e-001	
1.74728e-001	7.67279e-001	
6.78866e-002	1.00020e+000	
4.73507e-001	6.36631e-001	
8.52843e-001	6.38899e-002	
8.50573e-001	7.71468e-002	
7.56835e-001	3.27885e-001	
8.45999e-001	9.54646e-002	
1.49465e-001	9.58506e-001	
5.66541e-002	1.00411e+000	
9.07580e-001	1.20641e-002	
4.25344e-001	6.63901e-001	
4.58919e-001	6.51354e-001	
8.60676e-001	4.85450e-002	
9.41636e-001	4.18880e-003	
1.84945e-001	7.33326e-001	
1.89590e-001	7.22131e-001	
5.17889e-001	4.01093e-001	
2.19536e-001	6.94210e-001	
1.97104e-001	7.14074e-001	
1.37734e-001	9.72255e-001	
7.87139e-001	3.18001e-001	
8.72173e-001	3.25604e-002	
1.64732e-001	9.12019e-001	
8.22199e-001	2.77753e-001	
1.59796e-001	9.27462e-001	
1.80294e-001	7.44436e-001	
5.13714e-001	4.15582e-001	
5.21621e-001	3.92103e-001	
4.88911e-001	6.11022e-001	
8.65664e-001	4.31959e-002	
7.99560e-001	3.12403e-001	
2.07238e-001	7.02172e-001	
5.74509e-001	3.47825e-001	
1.47338e-001	9.66439e-001	
1.18629e-001	9.87605e-001	
2.29240e-001	6.87877e-001	
4.95319e-001	6.02584e-001	
4.98616e-001	5.85152e-001	
1.30109e-001	9.79378e-001	
8.13203e-001	2.94976e-001	
5.97352e-001	3.40865e-001	
5.32577e-001	3.80810e-001	
5.28658e-001	3.83964e-001	
2.03017e-001	7.04803e-001	
5.89681e-001	3.45553e-001	
8.07477e-001	3.05162e-001	
4.13821e-001	6.65874e-001	
4.97280e-001	5.94983e-001	
9.31279e-001	6.09246e-003	
5.48299e-001	3.64233e-001	
1.62204e-001	9.16719e-001	
4.68102e-001	6.42239e-001	
1.24308e-001	9.82450e-001	
5.59759e-001	3.58461e-001	
5.37081e-001	3.69795e-001	
1.78617e-001	7.55054e-001	
8.26705e-001	2.67995e-001	
7.52108e-001	3.31133e-001	
8.17460e-001	2.86963e-001	
4.08327e-001	6.67684e-001	
4.65966e-001	6.49179e-001	
5.52906e-001	3.61186e-001	
5.39095e-001	3.67913e-001	
8.80564e-001	2.53889e-002	
1.76031e-001	7.59010e-001	
2.26190e-001	6.89953e-001	
5.64800e-001	3.53428e-001	
9.24072e-001	7.19197e-003	
