2.35301e-004	1.06582e+000	
1.76871e+000	9.03278e-004	
1.69203e+000	2.61363e-002	
1.07048e+000	3.37513e-001	
1.22848e+000	2.60509e-001	
1.13753e+000	3.25288e-001	
1.18356e+000	2.85985e-001	
1.66828e+000	5.59382e-002	
1.42797e+000	1.85350e-001	
1.49427e+000	1.48299e-001	
1.53718e+000	1.19261e-001	
1.59358e+000	1.18251e-001	
1.38632e+000	2.04797e-001	
7.36238e-001	4.96077e-001	
5.49578e-001	6.02006e-001	
8.82417e-001	4.31965e-001	
7.85080e-001	4.81523e-001	
4.99632e-001	6.03902e-001	
9.13133e-001	4.16184e-001	
1.02526e+000	3.48408e-001	
1.44924e+000	1.52166e-001	
1.53014e+000	1.42643e-001	
9.76825e-001	3.85923e-001	
6.63074e-001	5.33691e-001	
3.65265e-001	6.84943e-001	
1.32622e+000	2.30774e-001	
1.59814e+000	9.31795e-002	
8.31436e-001	4.70739e-001	
3.22258e-001	7.07465e-001	
1.01783e+000	3.69046e-001	
4.44731e-002	9.58825e-001	
3.36403e-001	6.95841e-001	
6.52370e-001	5.44542e-001	
1.47977e-001	8.54647e-001	
9.35720e-001	4.06991e-001	
1.63538e+000	9.16859e-002	
2.12019e-001	7.89484e-001	
4.65804e-001	6.36224e-001	
6.13071e-001	5.47372e-001	
3.77909e-001	6.67539e-001	
2.89615e-003	1.02973e+000	
7.95671e-001	4.73375e-001	
2.96928e-001	7.23684e-001	
1.26345e+000	2.56378e-001	
3.99389e-001	6.60593e-001	
7.09331e-001	5.31364e-001	
1.44104e+000	1.68229e-001	
1.06653e-001	8.77961e-001	
5.56592e-001	5.76663e-001	
1.92241e-001	8.05076e-001	
2.74240e-001	7.40624e-001	
1.29042e+000	2.37264e-001	
1.33525e+000	2.12953e-001	
6.07474e-002	9.37070e-001	
9.56694e-001	3.98078e-001	
4.41588e-001	6.38819e-001	
1.65599e-001	8.38677e-001	
6.00150e-001	5.51378e-001	
3.13447e-002	9.73589e-001	
1.65485e+000	8.06495e-002	
5.85448e-001	5.68152e-001	
8.71142e-002	9.29579e-001	
8.56316e-001	4.42026e-001	
8.41927e-001	4.51874e-001	
2.28973e-001	7.82648e-001	
4.23835e-001	6.58231e-001	
9.87976e-002	8.97835e-001	
2.95213e-001	7.37515e-001	
4.85637e-001	6.23761e-001	
1.29510e-001	8.64901e-001	
5.73718e-001	5.72334e-001	
1.17464e+000	3.00660e-001	
4.27766e-001	6.47628e-001	
1.27667e+000	2.51984e-001	
1.24515e-001	8.69281e-001	
1.84272e-001	8.15074e-001	
7.21209e-001	5.10028e-001	
2.43923e-001	7.70983e-001	
2.72329e-001	7.67775e-001	
1.36379e+000	2.07450e-001	
1.35592e+000	2.08671e-001	
6.90978e-002	9.33211e-001	
4.90652e-001	6.21484e-001	
7.14296e-001	5.29875e-001	
9.66970e-001	3.88742e-001	
1.16628e+000	3.05981e-001	
1.60853e-002	1.00377e+000	
2.68997e-001	7.69929e-001	
9.03793e-002	9.07781e-001	
1.64948e+000	8.48845e-002	
1.15419e+000	3.12251e-001	
1.14542e+000	3.15374e-001	
7.27581e-001	5.08370e-001	
1.28878e+000	2.45399e-001	
1.02155e+000	3.64015e-001	
6.18781e-003	1.01352e+000	
1.71455e-001	8.19116e-001	
2.41335e-001	7.77008e-001	
2.47019e-002	9.87420e-001	
1.68317e-001	8.26039e-001	
