7.47972e-004	1.02602e+000	
1.00611e+000	7.92889e-004	
2.05428e-001	8.99676e-001	
1.83142e-001	9.16319e-001	
6.18403e-001	3.55770e-001	
4.44031e-001	4.58824e-001	
4.78392e-001	4.29301e-001	
3.92847e-001	5.34200e-001	
1.23864e-001	9.53498e-001	
7.83037e-001	2.91285e-001	
9.11117e-001	1.91440e-001	
2.81310e-001	8.27728e-001	
3.83491e-001	5.53897e-001	
8.52945e-001	2.48051e-001	
5.42577e-003	1.00564e+000	
1.49006e-001	9.39672e-001	
8.68619e-001	2.38441e-001	
3.52273e-001	6.26395e-001	
9.04619e-001	2.10205e-001	
9.88911e-002	9.63758e-001	
4.67497e-001	4.44124e-001	
3.69968e-001	5.93279e-001	
8.31880e-001	2.67388e-001	
5.83262e-002	9.81955e-001	
6.47731e-001	3.52487e-001	
3.34381e-001	6.66551e-001	
2.84488e-001	8.02357e-001	
2.67754e-001	8.32008e-001	
1.60193e-001	9.30028e-001	
8.45171e-001	2.60595e-001	
9.33350e-001	1.59962e-001	
4.98862e-001	4.24708e-001	
5.38329e-001	3.91692e-001	
7.46777e-001	3.07077e-001	
1.32699e-001	9.47519e-001	
2.94074e-001	7.82546e-001	
6.02616e-001	3.62107e-001	
4.56664e-001	4.50193e-001	
3.00997e-001	7.61508e-001	
3.15274e-001	7.26054e-001	
4.32546e-001	4.76961e-001	
8.15623e-001	2.72588e-001	
1.73670e-001	9.23800e-001	
8.04083e-001	2.83930e-001	
7.56068e-002	9.74465e-001	
4.08761e-001	5.03754e-001	
3.43058e-001	6.49672e-001	
2.32756e-001	8.72415e-001	
2.17520e-001	8.91662e-001	
2.26030e-001	8.85702e-001	
4.00865e-001	5.21091e-001	
5.89922e-001	3.65584e-001	
9.94849e-001	2.12854e-002	
5.53515e-001	3.85786e-001	
3.46397e-001	6.43746e-001	
2.03760e-002	1.00022e+000	
3.61217e-001	6.15155e-001	
5.27276e-001	3.99474e-001	
9.23484e-001	1.73452e-001	
7.69431e-001	3.04236e-001	
1.00180e+000	6.34587e-003	
4.69467e-002	9.86965e-001	
7.04315e-001	3.25931e-001	
3.65450e-001	6.07287e-001	
2.57141e-001	8.44143e-001	
9.21811e-001	1.80242e-001	
5.61629e-001	3.82156e-001	
3.72785e-001	5.72902e-001	
8.81202e-001	2.32879e-001	
3.25190e-001	7.01303e-001	
3.28961e-001	6.86242e-001	
9.40762e-001	1.50396e-001	
4.19329e-001	4.91854e-001	
5.70965e-001	3.73069e-001	
5.05883e-001	4.16539e-001	
9.85353e-001	4.85681e-002	
6.92687e-001	3.29881e-001	
2.43620e-001	8.68587e-001	
8.93015e-001	2.16447e-001	
7.70766e-001	2.99278e-001	
5.77339e-001	3.70293e-001	
5.18855e-001	4.04480e-001	
3.11600e-001	7.41820e-001	
7.16095e-001	3.21754e-001	
9.91127e-001	3.46129e-002	
4.03209e-001	5.10649e-001	
3.31243e-001	6.78836e-001	
5.11290e-001	4.09577e-001	
6.55737e-001	3.41330e-001	
3.60236e-002	9.91366e-001	
3.19444e-001	7.12592e-001	
3.03202e-001	7.53546e-001	
9.59487e-001	1.12495e-001	
3.75581e-001	5.63207e-001	
8.06295e-001	2.78672e-001	
9.66195e-001	9.69113e-002	
4.28601e-001	4.80331e-001	
9.63235e-001	1.03876e-001	
9.43789e-001	1.42433e-001	
9.81068e-001	5.70998e-002	
