6.77170e+000	4.64201e-001	
7.76948e+000	1.13293e-001	
8.79104e-002	7.64683e+000	
6.15988e+000	1.16175e+000	
7.83853e-003	7.93954e+000	
1.34939e+000	1.97731e+000	
8.08301e+000	1.11388e-001	
1.93720e-001	6.92381e+000	
7.68947e+000	1.92048e-001	
8.17149e-004	8.11295e+000	
6.19151e+000	1.09560e+000	
1.36919e+001	1.83506e-003	
8.54159e+000	5.03969e-003	
9.78162e+000	1.15428e-002	
9.86892e+000	8.05096e-003	
2.68591e+000	2.94492e+000	
2.70867e+000	2.75998e+000	
2.92921e+000	2.62591e+000	
1.02972e+000	7.62134e+000	
1.84149e-003	9.14146e+000	
4.05792e+000	2.02888e+000	
1.03772e+000	7.28684e+000	
7.97001e+000	3.53996e-001	
7.94391e+000	8.28859e-001	
7.15731e-002	8.10570e+000	
1.61572e+000	6.99871e+000	
1.69664e+000	3.88645e+000	
1.17787e+001	4.80440e-003	
3.00640e+000	2.40439e+000	
8.55238e+000	1.58549e-002	
8.57087e+000	3.29129e-001	
9.31098e+000	5.87044e-002	
1.22293e+001	4.98820e-003	
8.82196e+000	6.24379e-002	
3.62611e-003	9.60828e+000	
7.49563e+000	2.11735e+000	
7.25506e+000	2.43786e+000	
2.52256e+000	5.90685e+000	
1.24825e+000	7.37410e+000	
3.18005e-001	8.13201e+000	
1.18529e-001	8.46713e+000	
7.95678e+000	1.73047e+000	
1.98898e-001	8.31470e+000	
2.74051e+000	3.25136e+000	
2.96142e+000	2.96061e+000	
8.14763e+000	1.34063e+000	
2.85060e+000	3.05750e+000	
2.55468e+000	5.09467e+000	
1.02270e-003	1.01537e+001	
2.88013e+000	2.98844e+000	
3.27539e+000	2.63865e+000	
8.76567e+000	1.32980e-001	
9.59858e+000	2.48656e-002	
9.81681e+000	1.06275e-002	
1.11118e+001	9.58500e-003	
8.21651e+000	7.25993e-001	
9.54154e+000	3.37643e-002	
8.28590e+000	9.95977e-001	
9.55587e+000	5.75028e-002	
9.11027e+000	1.09640e-001	
9.68881e+000	3.62082e-002	
2.50211e-002	9.85037e+000	
6.51572e-003	1.02610e+001	
3.21141e-002	9.67379e+000	
1.39060e-001	9.02616e+000	
4.14349e-001	8.77322e+000	
1.34852e+000	8.03040e+000	
8.06314e+000	1.91424e+000	
1.86522e+000	7.45311e+000	
2.59384e+000	7.00298e+000	
2.72139e+000	6.33487e+000	
2.74452e+000	5.96605e+000	
2.81082e+000	3.67405e+000	
6.68939e-001	8.13488e+000	
2.92657e+000	3.03125e+000	
3.64812e+000	2.92306e+000	
9.02664e+000	4.05769e-001	
9.97973e+000	1.62830e-002	
1.09772e+001	1.26873e-002	
4.06579e+000	2.68547e+000	
8.58306e+000	4.70001e-001	
1.20984e+001	9.86971e-003	
8.93081e-004	1.12516e+001	
8.50409e+000	7.92328e-001	
8.51240e+000	7.37778e-001	
1.28703e-001	9.19389e+000	
1.23048e+001	5.25301e-003	
1.80578e-003	1.13751e+001	
1.58891e+001	4.59097e-003	
2.68067e+000	7.01103e+000	
3.12335e+000	3.52318e+000	
6.81881e+000	2.82783e+000	
1.05570e+000	8.25384e+000	
3.62265e-001	9.41070e+000	
4.91246e+000	2.83115e+000	
1.40208e+001	5.71894e-003	
8.65804e+000	4.70435e-001	
1.03107e+001	1.22951e-001	
8.45976e+000	1.63644e+000	
3.86432e+000	3.09629e+000	
