1.67420e-003	1.00125e+000	
1.00050e+000	1.46504e-003	
5.44906e-001	8.37190e-001	
4.38315e-001	8.86461e-001	
4.01543e-001	9.00463e-001	
5.16133e-001	8.52171e-001	
5.72393e-001	8.21337e-001	
3.16905e-001	9.27503e-001	
3.43503e-001	9.19450e-001	
6.81877e-001	7.41074e-001	
6.63276e-001	7.57037e-001	
1.01867e-001	9.79944e-001	
4.63364e-001	8.76624e-001	
8.16674e-001	5.79517e-001	
2.39531e-001	9.48903e-001	
2.57925e-001	9.44762e-001	
6.08285e-001	7.98789e-001	
4.89364e-001	8.64166e-001	
8.04632e-001	5.98458e-001	
5.91616e-001	8.09448e-001	
9.44809e-001	2.53675e-001	
9.79304e-001	1.03729e-001	
6.19032e-001	7.90796e-001	
7.07159e-001	7.19658e-001	
7.56072e-001	6.67387e-001	
6.53734e-001	7.64905e-001	
7.17393e-001	7.08493e-001	
7.56118e-002	9.85322e-001	
2.76154e-001	9.39348e-001	
9.67687e-001	1.57713e-001	
5.04859e-001	8.57365e-001	
4.73944e-001	8.71107e-001	
2.20218e-001	9.53285e-001	
9.11741e-001	3.67703e-001	
8.96904e-001	4.10014e-001	
9.28548e-001	3.12958e-001	
6.33675e-001	7.81279e-001	
6.40757e-001	7.75454e-001	
2.99977e-001	9.32510e-001	
9.18331e-001	3.48481e-001	
9.71870e-001	1.40483e-001	
9.26267e-001	3.22991e-001	
9.39406e-001	2.77155e-001	
8.88367e-001	4.33627e-001	
9.34559e-001	2.94065e-001	
7.33268e-001	6.92114e-001	
9.21408e-001	3.41342e-001	
9.93158e-001	3.96241e-002	
8.39266e-001	5.39871e-001	
3.88675e-001	9.06854e-001	
7.26526e-001	6.98568e-001	
8.91046e-001	4.25774e-001	
8.73145e-001	4.69472e-001	
9.64397e-001	1.72024e-001	
8.46519e-001	5.27604e-001	
8.49979e-001	5.19211e-001	
5.80762e-001	8.15597e-001	
2.88598e-001	9.35519e-001	
3.77332e-001	9.08573e-001	
9.01147e-001	3.98271e-001	
9.57768e-001	2.01303e-001	
1.28944e-002	9.97642e-001	
9.75525e-001	1.24159e-001	
8.81347e-001	4.50237e-001	
7.77563e-001	6.38324e-001	
1.67048e-001	9.66025e-001	
9.47996e-001	2.41441e-001	
7.44132e-001	6.82301e-001	
7.65221e-001	6.53590e-001	
7.68078e-001	6.51541e-001	
6.95743e-001	7.29307e-001	
9.95898e-001	2.38843e-002	
2.08820e-001	9.56452e-001	
8.01183e-001	6.08419e-001	
3.59712e-001	9.15193e-001	
1.98374e-001	9.58881e-001	
1.18468e-001	9.76986e-001	
9.82840e-001	8.80877e-002	
7.45967e-001	6.76673e-001	
9.50642e-001	2.31204e-001	
8.63751e-001	4.90905e-001	
6.92114e-001	7.32101e-001	
7.94139e-001	6.15329e-001	
8.23106e-001	5.68871e-001	
8.25763e-001	5.63217e-001	
8.56618e-001	5.06330e-001	
3.64436e-001	9.13168e-001	
1.81190e-001	9.63110e-001	
1.30683e-001	9.74367e-001	
9.86266e-001	7.18107e-002	
9.54378e-001	2.17854e-001	
1.44550e-001	9.71533e-001	
8.31999e-001	5.53085e-001	
8.69342e-001	4.80455e-001	
6.84434e-002	9.86731e-001	
8.58099e-001	5.02744e-001	
9.90323e-001	5.16522e-002	
7.85552e-001	6.27278e-001	
8.78656e-001	4.57700e-001	
2.61719e-002	9.95861e-001	
