5.64367e-001	4.45138e-001	
3.46677e-001	6.42618e-001	
6.56051e-001	3.40272e-001	
1.84479e-001	7.93976e-001	
3.07953e-001	6.69971e-001	
7.10282e-001	2.73371e-001	
6.12174e-001	3.68416e-001	
9.24767e-003	9.78840e-001	
9.22688e-001	3.23897e-002	
6.87998e-001	3.05262e-001	
4.56986e-003	9.95416e-001	
5.73161e-003	9.93439e-001	
9.32323e-001	2.79438e-002	
8.98601e-001	6.09537e-002	
7.62269e-002	8.93101e-001	
3.93207e-002	9.67041e-001	
8.23070e-001	1.25880e-001	
1.41817e-001	8.81522e-001	
7.89250e-001	2.11770e-001	
0.00000e+000	1.03949e+000	
2.81451e-001	7.12255e-001	
1.77817e-001	8.15513e-001	
6.54637e-001	3.51830e-001	
5.03458e-001	4.56281e-001	
6.89089e-001	3.02109e-001	
7.24244e-001	2.26501e-001	
8.07741e-001	2.09818e-001	
4.15813e-002	9.34848e-001	
4.10244e-001	5.70475e-001	
4.69743e-001	4.98893e-001	
1.07680e-001	8.87764e-001	
3.83756e-001	6.17060e-001	
1.44958e-001	8.70427e-001	
9.45795e-001	0.00000e+000	
2.46357e-001	7.56015e-001	
5.70533e-001	4.05196e-001	
3.54169e-001	6.57120e-001	
4.06188e-001	6.49214e-001	
6.14309e-001	3.69071e-001	
5.68098e-001	4.50498e-001	
3.08788e-001	6.70880e-001	
4.63170e-003	1.00778e+000	
9.04357e-001	1.38458e-001	
9.07316e-001	8.22679e-002	
1.11912e-001	9.23741e-001	
8.38566e-001	1.71435e-001	
8.76725e-001	1.43478e-001	
6.60525e-001	3.39990e-001	
8.26068e-001	2.08555e-001	
8.32804e-001	1.73924e-001	
1.79460e-001	8.34989e-001	
7.99199e-001	2.12571e-001	
1.52872e-001	8.87298e-001	
4.41688e-002	9.85381e-001	
5.81027e-003	9.99713e-001	
2.87955e-001	7.39013e-001	
9.11586e-001	6.60166e-002	
6.93726e-001	3.03819e-001	
3.57762e-001	6.54577e-001	
1.67683e-001	8.84419e-001	
7.53118e-001	2.32392e-001	
7.27175e-001	3.01502e-001	
4.68525e-002	9.45252e-001	
1.97228e-001	8.12738e-001	
7.28619e-001	2.38602e-001	
4.75068e-001	5.06649e-001	
4.79850e-001	5.01462e-001	
4.71267e-001	5.67011e-001	
1.17323e-001	8.91408e-001	
4.10373e-001	6.26696e-001	
2.49499e-001	7.87869e-001	
2.51096e-001	7.66328e-001	
5.98117e-001	4.20176e-001	
4.17900e-001	5.79821e-001	
5.03556e-001	4.60755e-001	
1.12890e-002	9.86863e-001	
0.00000e+000	1.04577e+000	
2.17046e-001	8.05580e-001	
9.50301e-001	0.00000e+000	
9.73072e-001	0.00000e+000	
0.00000e+000	1.05796e+000	
5.05515e-001	4.60094e-001	
4.41216e-001	5.95619e-001	
8.97221e-001	1.57279e-001	
8.28844e-001	2.12641e-001	
5.97131e-001	4.24858e-001	
1.19006e-001	9.69281e-001	
6.98689e-001	3.59491e-001	
3.16042e-001	6.71265e-001	
1.30471e-001	8.95541e-001	
9.18234e-001	6.53725e-002	
7.37019e-001	2.79065e-001	
6.25829e-001	3.72602e-001	
1.73626e-002	9.87407e-001	
1.80908e-001	8.47448e-001	
7.54931e-001	2.40322e-001	
2.22204e-001	8.28468e-001	
2.54352e-001	7.66526e-001	
4.07140e-001	6.54855e-001	
9.49851e-001	2.83792e-002	
