3.55046e-001	6.12527e-001	
2.13291e-001	7.74865e-001	
5.13031e-001	4.49517e-001	
1.97447e-003	1.09526e+000	
4.90912e-001	4.51612e-001	
9.56649e-001	4.37830e-003	
3.65481e-001	5.99167e-001	
3.61240e-001	6.04574e-001	
1.67831e-005	1.12508e+000	
5.22416e-001	4.37164e-001	
5.54597e-002	9.29711e-001	
5.67765e-002	9.18784e-001	
7.72972e-001	1.59164e-001	
9.54684e-001	5.42201e-003	
2.04839e-001	7.85740e-001	
7.78699e-001	1.54190e-001	
9.45636e-001	1.13959e-002	
5.39960e-002	9.31204e-001	
7.86407e-001	1.47595e-001	
9.18917e-001	3.63967e-002	
9.39881e-001	1.75401e-002	
3.71146e-001	5.96543e-001	
6.33852e-001	2.98728e-001	
6.36657e-001	2.93923e-001	
9.44249e-001	1.72121e-002	
5.20980e-001	4.48997e-001	
3.58124e-001	6.26331e-001	
3.61957e-001	6.14021e-001	
8.38061e-003	1.17499e+000	
5.34727e-001	4.47166e-001	
5.95531e-002	9.27848e-001	
6.94303e-002	9.25777e-001	
3.69902e-005	1.23985e+000	
3.81854e-001	6.03771e-001	
2.04840e-001	7.87811e-001	
9.40989e-002	9.23603e-001	
4.95392e-001	4.68601e-001	
2.37988e-001	7.76197e-001	
9.53771e-001	6.78077e-003	
7.79848e-001	1.57211e-001	
5.44250e-002	9.40497e-001	
7.89981e-001	1.54505e-001	
9.66635e-003	1.16888e+000	
1.18587e-002	1.14485e+000	
4.99523e-001	4.53738e-001	
9.48336e-001	1.10342e-002	
1.87670e-002	1.12901e+000	
6.55634e-001	3.16731e-001	
8.03070e-001	1.49308e-001	
4.92948e-001	4.79888e-001	
6.53593e-001	3.36451e-001	
6.62699e-001	2.99575e-001	
6.61584e-001	3.14254e-001	
2.12505e-001	7.77548e-001	
6.43090e-001	3.43307e-001	
6.51000e-001	3.40697e-001	
7.91000e-001	1.52668e-001	
3.90631e-001	5.97465e-001	
6.20717e-002	9.28746e-001	
5.09287e-001	4.53856e-001	
5.33599e-001	4.52724e-001	
3.64988e-001	6.13187e-001	
3.57441e-001	6.33442e-001	
2.64107e-001	7.76873e-001	
2.10393e-001	7.88887e-001	
3.77375e-005	1.26490e+000	
9.47465e-001	1.46562e-002	
9.49369e-001	1.09656e-002	
5.56148e-002	9.51489e-001	
1.13066e-002	1.16011e+000	
3.84977e-001	6.09515e-001	
4.99198e-001	4.67201e-001	
9.52876e-001	6.80048e-003	
6.54908e-001	3.35862e-001	
7.97340e-001	1.53268e-001	
7.90668e-001	1.57979e-001	
3.94708e-001	6.02474e-001	
2.12670e-001	7.82056e-001	
6.46391e-001	3.49812e-001	
8.11990e-001	1.50482e-001	
2.86661e-002	1.13630e+000	
4.43772e-003	1.24160e+000	
9.46065e-001	2.09649e-002	
6.70973e-001	3.14858e-001	
6.76718e-001	3.04623e-001	
4.96276e-001	4.72322e-001	
5.90329e-002	9.38135e-001	
3.59087e-001	6.27921e-001	
3.44938e-004	1.30472e+000	
9.52087e-001	9.02718e-003	
5.39323e-001	4.67983e-001	
7.55998e-002	9.29088e-001	
2.73665e-001	7.84623e-001	
5.28920e-001	5.90431e-001	
2.12222e-001	7.99273e-001	
3.59208e-001	6.39028e-001	
9.45916e-001	2.88488e-002	
8.17980e-001	1.51342e-001	
7.90615e-001	2.21549e-001	
6.52955e-001	3.55659e-001	
