1.08362e+000	3.43179e-001	
4.29458e-003	1.09212e+000	
1.05039e+000	3.57269e-001	
1.14014e+000	3.38427e-001	
1.17563e+000	2.95725e-001	
5.44287e-001	6.03234e-001	
1.13764e-002	1.04884e+000	
1.09342e-001	9.10258e-001	
7.02077e-001	5.22058e-001	
3.36282e-001	7.29715e-001	
3.15391e-001	7.52109e-001	
2.77809e-001	7.62310e-001	
4.88074e-001	6.29238e-001	
1.04835e+000	3.65489e-001	
3.77001e-001	6.97724e-001	
7.13246e-001	5.19756e-001	
5.75747e-001	5.70778e-001	
1.06730e+000	3.50350e-001	
2.09226e-001	8.48510e-001	
1.63971e-005	1.09528e+000	
2.37678e-001	7.94248e-001	
1.48148e-001	8.69526e-001	
7.83991e-001	4.90217e-001	
7.30749e-001	5.04790e-001	
1.37740e+000	2.04364e-001	
6.48710e-001	5.41997e-001	
7.38385e-001	5.02514e-001	
1.00257e+000	3.73537e-001	
2.41014e-002	1.01726e+000	
1.32898e+000	2.27065e-001	
1.78475e+000	1.56853e-002	
1.11044e-001	8.99469e-001	
3.95302e-002	1.01124e+000	
8.55671e-001	4.56292e-001	
1.59648e+000	9.89078e-002	
5.69538e-001	5.79566e-001	
6.92884e-001	5.28141e-001	
9.26254e-001	4.35571e-001	
7.99020e-001	4.83582e-001	
4.26791e-001	6.47421e-001	
1.99372e+000	8.73303e-003	
1.45978e+000	1.64797e-001	
1.71335e+000	3.67607e-002	
1.22104e+000	2.89749e-001	
1.45583e+000	1.93417e-001	
1.55154e+000	1.22058e-001	
8.33084e-001	4.63211e-001	
4.50549e-002	9.95653e-001	
9.69685e-001	3.81351e-001	
2.99442e-001	7.59333e-001	
1.28703e+000	2.37598e-001	
6.28973e-001	5.57428e-001	
1.34163e+000	2.23382e-001	
1.76058e+000	3.13605e-002	
1.01695e+000	3.68889e-001	
3.53392e-001	7.05437e-001	
1.14646e+000	3.11831e-001	
1.39543e+000	2.00970e-001	
1.70667e+000	7.97508e-002	
3.29651e-001	7.32167e-001	
1.27811e+000	2.47884e-001	
9.38646e-001	4.07715e-001	
4.87833e-002	9.68810e-001	
3.87111e-001	6.89723e-001	
3.40735e-001	7.08799e-001	
1.21693e+000	2.94138e-001	
4.11339e-001	6.61878e-001	
7.64751e-001	4.96833e-001	
8.57894e-002	9.25930e-001	
5.02597e-001	6.21165e-001	
1.26778e+000	2.68093e-001	
1.11836e+000	3.39645e-001	
1.24215e+000	2.76793e-001	
2.11020e-001	8.16513e-001	
2.36325e-001	7.99263e-001	
1.71601e-002	1.02537e+000	
8.65588e-001	4.36890e-001	
7.37858e-002	9.65337e-001	
2.03579e-003	1.13381e+000	
2.01326e+000	8.78877e-003	
1.80107e+000	2.73340e-002	
1.59705e+000	1.06342e-001	
1.71581e+000	6.28163e-002	
1.50282e+000	1.65972e-001	
2.00091e+000	1.95675e-002	
1.63733e-001	9.16766e-001	
2.80462e-001	7.91158e-001	
5.88570e-001	5.88314e-001	
1.00196e+000	3.96344e-001	
3.73216e-001	7.44810e-001	
6.68241e-001	5.64318e-001	
9.01370e-001	4.37908e-001	
1.17683e+000	3.08347e-001	
6.99687e-001	5.27878e-001	
2.12303e-001	8.37224e-001	
7.60524e-001	5.07623e-001	
4.29074e-001	6.48033e-001	
1.24424e+000	2.79909e-001	
1.15244e+000	3.43295e-001	
1.44286e+000	2.02202e-001	
