3.13170e-003	5.12951e+001	
4.64152e-001	2.24782e+001	
2.16199e-002	3.61525e+001	
4.94658e+000	1.23843e+001	
1.29662e+001	9.95608e-001	
1.90174e-001	3.20517e+001	
1.16495e-002	4.07634e+001	
3.55199e+001	1.55697e-002	
6.99229e-003	5.11984e+001	
2.68012e+001	6.92169e-001	
6.15268e+000	8.95777e+000	
7.82943e+000	6.87509e+000	
2.94843e+001	4.50850e-002	
1.72841e-002	4.29218e+001	
2.80865e+000	2.69183e+001	
5.03960e-001	2.94525e+001	
4.74346e-002	3.79052e+001	
3.60997e-003	5.91288e+001	
7.40272e+000	1.47359e+001	
2.65235e+001	2.95144e+000	
1.84049e+001	7.58922e+000	
2.11168e+001	3.59596e+000	
1.29930e-002	4.54644e+001	
7.04426e+000	2.08136e+001	
3.82553e+001	6.51334e-002	
7.12270e+000	1.58820e+001	
9.51700e+001	3.49656e-002	
1.14444e+000	2.74207e+001	
3.60288e+001	5.84948e-001	
3.71837e+001	2.61953e-001	
7.45773e+000	1.44079e+001	
9.04381e+000	9.03214e+000	
7.47323e+000	1.06977e+001	
1.10734e+001	8.55531e+000	
3.98796e+001	3.65796e-002	
1.06786e+001	9.29105e+000	
3.10365e+000	2.71008e+001	
6.10090e-001	3.28710e+001	
2.31886e+000	3.07076e+001	
3.12725e+001	3.13094e+000	
2.13721e+001	7.29370e+000	
2.16000e+001	5.94663e+000	
1.16277e-001	4.02289e+001	
3.49250e-001	3.84959e+001	
5.59725e+001	1.07436e-001	
3.63182e+001	2.34775e+000	
3.95068e+001	1.94097e+000	
5.34911e+001	1.17576e-001	
2.17632e+001	4.19739e+000	
8.48363e-003	6.21181e+001	
1.62004e-002	5.66876e+001	
4.37289e+001	1.47218e-001	
5.89620e+001	9.43891e-002	
4.21115e-001	3.79878e+001	
4.35870e-003	6.67831e+001	
2.77157e-002	4.63459e+001	
7.64691e+000	1.32413e+001	
7.77286e+001	5.97587e-002	
4.13711e+001	5.11125e-001	
1.23221e+001	8.67217e+000	
1.04644e+001	1.10581e+001	
1.18376e+001	9.32839e+000	
9.22597e+000	1.43530e+001	
1.17645e+001	1.36980e+001	
1.17955e+001	1.05561e+001	
5.96025e-002	4.76285e+001	
3.12481e+000	3.29244e+001	
3.90580e+001	4.88011e+000	
3.66299e+000	3.25577e+001	
2.92898e+000	3.30957e+001	
2.22810e+001	5.38498e+000	
4.26973e+001	3.07136e+000	
4.95714e+001	1.58621e-001	
5.19605e+000	2.83493e+001	
8.49012e-003	6.21657e+001	
1.70426e-002	5.96345e+001	
2.04274e+000	3.84529e+001	
2.31843e+000	3.32638e+001	
4.12867e+001	4.46097e+000	
3.49255e-001	3.93545e+001	
9.17352e+000	1.58847e+001	
8.11768e+000	2.33106e+001	
4.32916e+001	8.30028e-001	
6.54624e-002	4.73940e+001	
8.89239e+001	8.15656e-002	
1.94712e+001	9.26247e+000	
8.11531e+000	2.67032e+001	
4.29705e+001	1.01298e+000	
2.90919e-002	4.86471e+001	
6.43108e+001	1.03464e-001	
9.71451e+001	1.02040e-001	
1.05096e-002	7.69528e+001	
7.13301e+001	1.14189e-001	
4.35284e+001	8.67685e-001	
6.09251e+001	4.72858e-001	
5.34279e+000	3.59174e+001	
3.33030e-002	5.56889e+001	
1.96888e-001	5.08332e+001	
3.11446e+001	5.44695e+000	
2.20266e+001	1.00114e+001	
