5.69232e-001	3.40369e-001	
4.30915e-001	4.79618e-001	
1.44383e-001	7.70675e-001	
7.15094e-001	1.97446e-001	
5.80753e-001	3.37509e-001	
6.41413e-001	2.70854e-001	
9.20183e-001	0.00000e+000	
2.85293e-001	6.24792e-001	
2.15144e-001	7.00508e-001	
3.63847e-001	5.49467e-001	
1.56420e-001	7.63320e-001	
3.56875e-001	5.59816e-001	
7.82210e-001	1.24196e-001	
3.59968e-001	5.57837e-001	
6.46002e-001	2.66627e-001	
7.26201e-002	8.39713e-001	
3.51080e-003	9.02487e-001	
4.98742e-001	4.10882e-001	
7.37597e-002	8.38031e-001	
2.17216e-001	6.92281e-001	
1.48949e-003	9.05617e-001	
7.12686e-001	1.99703e-001	
8.52342e-001	5.40304e-002	
8.56559e-001	5.27222e-002	
7.16123e-001	1.98122e-001	
5.82326e-001	3.39463e-001	
1.56820e-001	7.65274e-001	
2.16630e-001	7.00606e-001	
1.52428e-001	7.70688e-001	
3.63173e-001	5.51075e-001	
3.62071e-001	5.62573e-001	
7.86667e-001	1.25196e-001	
7.81974e-001	1.26217e-001	
7.88931e-001	1.23857e-001	
7.74800e-002	8.39573e-001	
6.44430e-001	2.74264e-001	
3.60887e-001	5.68161e-001	
7.30984e-002	8.44628e-001	
4.68187e-003	9.03342e-001	
5.69707e-001	3.43212e-001	
3.53227e-003	9.07767e-001	
7.57796e-002	8.42933e-001	
6.46902e-001	2.65996e-001	
4.30621e-001	4.90580e-001	
4.35304e-001	4.79834e-001	
2.87615e-001	6.27796e-001	
9.20771e-001	0.00000e+000	
8.12627e-002	8.37261e-001	
2.36273e-003	9.10136e-001	
2.24862e-001	6.94553e-001	
7.17133e-001	1.96470e-001	
8.51401e-001	5.87630e-002	
7.14352e-001	2.02684e-001	
1.44314e-001	7.73464e-001	
8.58004e-001	5.37709e-002	
5.79876e-001	3.41875e-001	
1.45112e-001	7.72937e-001	
8.19947e-002	8.41255e-001	
7.23421e-001	1.96346e-001	
6.48165e-001	2.74578e-001	
7.43344e-002	8.46310e-001	
5.77770e-001	3.44782e-001	
5.31463e-003	9.08144e-001	
5.76626e-001	3.52985e-001	
7.21823e-003	9.03546e-001	
8.82890e-002	8.39591e-001	
4.36137e-001	4.88835e-001	
9.23686e-001	0.00000e+000	
4.37182e-001	4.87542e-001	
4.45814e-001	4.83622e-001	
2.92013e-001	6.28132e-001	
2.28817e-001	6.97004e-001	
1.65747e-003	9.09221e-001	
6.53422e-001	2.67523e-001	
5.80097e-001	3.41144e-001	
2.15995e-001	7.00817e-001	
7.90552e-001	1.24275e-001	
7.13865e-001	2.06982e-001	
8.58265e-001	6.04161e-002	
7.15968e-001	2.04318e-001	
3.64736e-001	5.56056e-001	
3.62682e-001	5.66461e-001	
8.61431e-001	5.37896e-002	
7.84141e-001	1.26302e-001	
9.25724e-001	0.00000e+000	
2.56253e-003	9.10381e-001	
5.79142e-001	3.57140e-001	
6.55010e-001	2.68252e-001	
4.47815e-001	4.85265e-001	
1.46560e-001	7.73355e-001	
5.80373e-001	3.42849e-001	
3.61937e-001	5.70575e-001	
2.15972e-001	7.03884e-001	
3.95442e-001	5.64309e-001	
2.27909e-001	6.97189e-001	
9.65422e-002	8.46512e-001	
8.62429e-001	7.60724e-002	
7.33905e-002	8.48591e-001	
7.25544e-001	1.96982e-001	
7.15934e-001	2.05334e-001	
