1.91519e+000	5.26987e+000	
2.14024e+000	2.23309e+000	
3.05070e-001	6.02886e+000	
5.02054e+000	2.08019e-001	
7.91702e-001	5.86306e+000	
1.30357e-002	6.33586e+000	
6.73580e+000	8.25958e-003	
6.65645e+000	1.27002e-002	
3.01748e+000	2.01535e+000	
9.03457e+000	5.53909e-003	
4.73660e+000	8.53243e-001	
3.00210e-005	6.74066e+000	
2.05488e+000	3.68521e+000	
1.92030e+000	6.20313e+000	
5.93905e+000	2.66083e-001	
5.40282e+000	4.36572e-001	
8.29319e+000	1.02178e-002	
7.78882e+000	3.82058e-002	
1.45731e-001	6.40467e+000	
5.99174e-002	7.28007e+000	
7.00217e+000	8.68221e-002	
8.80199e+000	8.39673e-003	
2.25313e+000	2.25867e+000	
6.60645e+000	2.21166e-001	
3.86596e+000	2.06625e+000	
2.21911e+000	3.93344e+000	
4.86687e+000	1.99803e+000	
4.90407e+000	1.23292e+000	
9.49662e+000	5.75647e-003	
1.44230e-003	8.20002e+000	
1.68239e+000	6.20682e+000	
3.37845e-001	6.37018e+000	
8.70379e+000	3.32142e-002	
3.35004e-001	7.41330e+000	
9.00070e+000	3.13849e-002	
9.42585e+000	1.79841e-002	
6.13329e+000	4.63113e-001	
8.59593e+000	4.23660e-002	
4.43084e-001	7.18411e+000	
8.65935e+000	3.92199e-002	
4.58386e-001	6.40951e+000	
1.52423e-001	7.45213e+000	
7.11184e+000	1.03628e-001	
3.31250e+000	2.35600e+000	
6.68502e+000	4.35484e-001	
2.28958e+000	2.45072e+000	
2.26383e+000	3.07651e+000	
4.01540e+000	2.19689e+000	
1.08248e+001	6.63667e-003	
7.89070e-004	8.97234e+000	
1.24760e+001	5.06048e-003	
3.43697e-002	8.35218e+000	
6.92569e+000	2.77478e-001	
2.23727e+000	5.85736e+000	
4.53020e+000	2.16834e+000	
8.36361e+000	5.18533e-002	
2.38816e+000	2.37998e+000	
3.82248e+000	2.28681e+000	
9.67678e+000	5.18589e-002	
7.23606e+000	2.35984e-001	
6.61830e+000	6.99780e-001	
4.76161e-001	6.59660e+000	
1.19571e+000	6.44037e+000	
1.06917e+000	6.47395e+000	
3.38754e-001	7.49725e+000	
7.84784e+000	2.21197e-001	
7.95050e+000	1.12122e-001	
5.66672e-001	6.55209e+000	
1.82211e-001	8.04841e+000	
1.78616e-001	8.32251e+000	
3.78223e+000	2.43808e+000	
2.29035e-001	7.79010e+000	
2.48519e+000	2.52032e+000	
4.13025e+000	2.28648e+000	
4.79420e+000	2.17620e+000	
6.76804e+000	4.50931e-001	
9.75148e+000	2.20824e-002	
7.22557e-002	8.96173e+000	
3.23254e-003	9.15305e+000	
2.39760e+000	2.69162e+000	
1.08959e-003	9.29169e+000	
7.06878e+000	3.72875e-001	
3.64469e-002	8.96454e+000	
8.84616e-002	8.64756e+000	
8.54634e+000	5.64371e-002	
2.35147e+000	3.60306e+000	
2.35876e+000	2.99244e+000	
1.09272e+001	6.69948e-003	
3.15366e-001	7.72219e+000	
1.24120e+001	7.52368e-003	
1.07497e-004	1.20682e+001	
2.52381e+000	2.52246e+000	
2.35429e+000	6.21797e+000	
5.93151e+000	2.31542e+000	
2.37182e+000	4.08408e+000	
7.05398e+000	5.09785e-001	
5.06065e+000	2.38488e+000	
8.54068e-001	6.57906e+000	
9.09572e+000	9.92024e-002	
1.08124e+001	5.89628e-002	
