1.76751e-004	1.02162e+000	
6.49143e-001	3.36737e-001	
7.42989e-001	3.30610e-001	
3.29630e-001	6.70215e-001	
8.35587e-001	2.15128e-001	
8.37788e-001	1.39706e-001	
1.67375e-001	8.43755e-001	
5.00505e-001	5.04938e-001	
1.68528e-001	7.99825e-001	
3.85816e-001	6.69145e-001	
5.07341e-001	4.25359e-001	
4.26248e-001	6.58255e-001	
8.33889e-001	2.42683e-001	
2.81315e-001	6.73564e-001	
8.08319e-001	2.98882e-001	
6.07359e-001	3.38576e-001	
8.47621e-001	7.08530e-002	
3.92175e-001	6.66937e-001	
8.23510e-001	2.81444e-001	
8.27199e-001	2.67712e-001	
1.71933e-001	7.76388e-001	
9.45636e-001	3.06321e-003	
4.96628e-001	5.71109e-001	
4.43219e-001	6.56967e-001	
1.63568e-001	9.08114e-001	
2.10483e-001	6.96496e-001	
1.51986e-001	9.53116e-001	
4.94608e-001	5.89809e-001	
1.21923e-001	9.79975e-001	
1.38830e-001	9.72675e-001	
2.46434e-001	6.81165e-001	
2.72009e-003	1.01179e+000	
4.78763e-001	6.25922e-001	
1.16772e-001	9.88463e-001	
4.60828e-001	6.47838e-001	
2.59306e-001	6.79835e-001	
1.41078e-001	9.63005e-001	
7.69432e-001	3.28070e-001	
2.08579e-001	7.11735e-001	
4.74512e-001	6.39708e-001	
5.12898e-001	4.06969e-001	
1.54735e-001	9.37216e-001	
9.56567e-002	9.94323e-001	
2.25280e-001	6.87587e-001	
7.51618e-001	3.29542e-001	
7.80837e-001	3.18896e-001	
7.63837e-002	9.98801e-001	
2.73433e-001	6.74751e-001	
1.75142e-001	7.58736e-001	
5.82847e-001	3.43827e-001	
2.29735e-001	6.86010e-001	
1.00187e-001	9.92828e-001	
4.82903e-001	6.13264e-001	
1.81345e-001	7.35407e-001	
1.95713e-001	7.14166e-001	
7.95414e-001	3.08120e-001	
1.60567e-001	9.21983e-001	
7.94355e-001	3.10848e-001	
4.92621e-001	6.05913e-001	
9.04178e-001	1.18452e-002	
1.90734e-001	7.29431e-001	
5.67203e-001	3.49332e-001	
8.52543e-001	6.17591e-002	
8.59941e-001	4.86439e-002	
8.97823e-001	1.59307e-002	
1.79332e-001	7.44627e-001	
5.50215e-001	3.63098e-001	
5.16189e-001	4.02389e-001	
4.66316e-001	6.45764e-001	
5.19947e-001	3.91753e-001	
7.76384e-001	3.21668e-001	
8.55721e-001	5.56267e-002	
5.58651e-001	3.51872e-001	
1.93726e-001	7.23227e-001	
5.40417e-001	3.65380e-001	
5.30776e-001	3.81027e-001	
9.21196e-001	7.67882e-003	
1.77020e-001	7.53534e-001	
8.63304e-001	3.99640e-002	
5.34124e-001	3.74308e-001	
4.89487e-001	6.09999e-001	
8.74361e-001	3.18039e-002	
8.88106e-001	1.89951e-002	
5.71188e-001	3.46204e-001	
5.96879e-001	3.40657e-001	
8.40382e-001	1.05844e-001	
2.12828e-002	1.00611e+000	
1.64910e-001	8.80204e-001	
1.56667e-001	9.28323e-001	
5.89701e-002	1.00199e+000	
5.52643e-001	3.57631e-001	
5.09946e-001	4.13814e-001	
9.12531e-001	9.20563e-003	
8.92499e-001	1.77434e-002	
9.24101e-001	6.36625e-003	
8.43686e-001	8.49414e-002	
5.03365e-001	4.55098e-001	
8.41554e-001	8.83309e-002	
8.59285e-001	5.30104e-002	
8.43057e-001	9.86314e-002	
