1.50838e-003	1.00704e+000	
9.55668e-001	2.33043e-003	
4.97871e-001	5.60806e-001	
5.02944e-001	4.58796e-001	
6.88823e-001	3.32934e-001	
3.46077e-001	6.68219e-001	
8.33274e-001	2.08631e-001	
8.36835e-001	1.25242e-001	
6.09873e-001	3.37085e-001	
4.13765e-001	6.63066e-001	
1.68542e-001	8.10645e-001	
3.08895e-001	6.69548e-001	
5.37841e-002	1.00041e+000	
2.65360e-001	6.73784e-001	
7.17916e-001	3.31263e-001	
4.56365e-003	1.00414e+000	
1.67306e-001	8.56474e-001	
2.48849e-001	6.75492e-001	
2.23474e-001	6.85776e-001	
4.94833e-001	5.82340e-001	
1.71219e-001	7.71274e-001	
5.11588e-001	4.07095e-001	
8.38681e-001	1.10637e-001	
1.64302e-001	8.88345e-001	
5.05824e-001	4.38555e-001	
8.41975e-001	8.84826e-002	
1.07168e-001	9.90113e-001	
8.81520e-002	9.94579e-001	
8.03816e-001	2.99129e-001	
7.69181e-001	3.21177e-001	
5.93989e-001	3.39560e-001	
1.66143e-001	8.64412e-001	
9.32585e-001	5.03960e-003	
5.36300e-001	3.67107e-001	
1.93956e-001	7.13237e-001	
7.45599e-001	3.29709e-001	
7.90352e-001	3.11683e-001	
1.42300e-001	9.61777e-001	
8.23747e-001	2.59022e-001	
2.00821e-001	7.01799e-001	
4.88351e-001	6.02131e-001	
7.88535e-001	3.15753e-001	
1.34936e-001	9.70386e-001	
4.82468e-001	6.26123e-001	
8.28352e-001	2.46691e-001	
8.31098e-001	2.23392e-001	
5.50374e-001	3.59763e-001	
1.59905e-001	9.22393e-001	
7.60960e-001	3.23305e-001	
6.81342e-002	9.98002e-001	
4.47832e-001	6.51805e-001	
8.44592e-001	7.65936e-002	
8.21369e-001	2.71405e-001	
5.80304e-001	3.42551e-001	
1.74584e-001	7.54051e-001	
8.29803e-001	2.34899e-001	
2.14207e-001	6.92524e-001	
5.64978e-001	3.47981e-001	
4.27879e-001	6.58962e-001	
4.85050e-001	6.11929e-001	
1.86957e-001	7.21505e-001	
8.86363e-001	1.97849e-002	
5.29697e-001	3.72880e-001	
4.75501e-001	6.32848e-001	
8.47821e-001	6.66150e-002	
8.58646e-001	4.50045e-002	
7.81838e-002	9.96864e-001	
8.14040e-001	2.86416e-001	
1.79628e-001	7.36159e-001	
5.04698e-001	4.41489e-001	
1.62848e-001	9.02802e-001	
8.08563e-001	2.94547e-001	
1.77348e-001	7.45035e-001	
2.09767e-001	6.98099e-001	
1.61565e-001	9.08614e-001	
8.17289e-001	2.80101e-001	
1.83514e-001	7.28040e-001	
7.46876e-001	3.26864e-001	
8.66099e-001	3.58602e-002	
8.98438e-001	1.43589e-002	
4.67528e-001	6.35218e-001	
1.27192e-001	9.77294e-001	
1.51862e-001	9.44682e-001	
5.73468e-001	3.45459e-001	
1.72761e-001	7.66522e-001	
1.47585e-001	9.51190e-001	
5.18038e-001	3.94163e-001	
5.23248e-001	3.83799e-001	
4.55119e-001	6.45658e-001	
4.37433e-001	6.55866e-001	
8.72019e-001	3.16778e-002	
5.54597e-001	3.52385e-001	
8.80116e-001	2.53227e-002	
9.14462e-001	8.90617e-003	
5.24367e-001	3.80182e-001	
9.04594e-001	1.19163e-002	
9.25619e-001	6.57811e-003	
1.55806e-001	9.33788e-001	
1.23202e-001	9.80035e-001	
8.56627e-001	5.00231e-002	
