1.60495e+001	1.60523e+001	
9.44663e+000	4.22283e+001	
4.87475e+001	2.31060e+000	
8.58746e+000	4.44746e+001	
2.53476e+000	5.01817e+001	
2.94042e+000	4.96340e+001	
2.00665e-001	6.50538e+001	
5.16331e+001	1.57265e+000	
7.24521e+001	1.46274e-002	
1.57605e+001	1.98294e+001	
1.41886e-001	7.15817e+001	
5.68080e+001	1.78480e-002	
1.50007e+001	2.71405e+001	
6.33924e-002	7.74505e+001	
2.33481e+001	8.97668e+000	
9.92244e+001	1.28728e-002	
2.64467e+001	7.91947e+000	
3.58959e+001	2.49126e+000	
1.84423e+001	2.07572e+001	
7.11583e-001	6.74791e+001	
5.61314e+001	3.94303e+000	
5.75694e+001	2.81470e-002	
1.32330e+001	4.67967e+001	
9.08008e+000	4.88727e+001	
4.97288e+000	5.33937e+001	
2.50386e+001	1.26534e+001	
9.02067e-002	1.11688e+002	
1.48729e-001	7.50341e+001	
1.11579e-001	8.76009e+001	
5.72725e+000	5.19393e+001	
7.57004e+001	1.52832e-002	
1.06366e+002	1.37994e-002	
4.70000e+001	4.95663e+000	
3.50376e+000	6.07412e+001	
4.46895e+001	6.45033e+000	
5.15554e+000	6.39867e+001	
1.90045e+001	4.41864e+001	
1.95110e+001	3.11572e+001	
1.10258e+000	7.32013e+001	
1.59475e+000	6.87763e+001	
7.66359e+001	3.74691e-002	
6.83604e+001	1.30617e-001	
1.64171e+001	4.80296e+001	
6.08013e+001	4.34215e-001	
2.56203e+001	2.05649e+001	
4.28961e+001	1.30551e+001	
2.13808e+001	2.12848e+001	
3.65710e+001	1.56275e+001	
5.26295e-001	7.76672e+001	
1.61280e-001	8.13658e+001	
8.10463e+000	5.23476e+001	
3.64309e+000	6.72152e+001	
7.02699e+001	8.62781e-002	
4.70966e+001	5.75959e+000	
8.32106e+001	1.67995e-002	
7.73359e+001	2.42974e-002	
1.20322e+001	5.08236e+001	
5.14027e+000	6.64528e+001	
5.17067e+000	6.57887e+001	
5.61739e+000	6.50109e+001	
1.28613e+000	7.83721e+001	
1.95265e+000	7.64591e+001	
2.66326e+000	7.38053e+001	
2.15374e+001	4.29256e+001	
2.25277e+001	3.15500e+001	
2.21589e+001	3.17852e+001	
7.28090e+001	2.08774e-001	
1.35426e+001	5.49853e+001	
2.14091e+001	4.50740e+001	
6.34747e+001	7.05437e-001	
1.94077e+001	4.61934e+001	
2.80122e+001	2.09574e+001	
4.72581e+001	1.41203e+001	
3.71946e+001	2.02243e+001	
4.22980e+001	1.73782e+001	
5.96516e-001	7.98537e+001	
2.18501e+001	3.40393e+001	
2.51709e-001	8.16017e+001	
8.88559e+000	5.79433e+001	
5.59077e+001	6.03500e+000	
1.16173e+002	2.34544e-002	
8.17026e+001	2.56693e-002	
7.69731e+001	9.11391e-002	
4.78912e+001	1.03992e+001	
3.52684e+001	2.08283e+001	
8.19458e+000	6.10149e+001	
1.64152e-001	8.28147e+001	
2.32302e+001	2.31694e+001	
4.25955e+001	1.67815e+001	
1.38942e+001	5.43969e+001	
8.96067e+001	4.38109e-002	
2.32297e-001	1.17194e+002	
2.10318e+001	6.04381e+001	
2.26525e+001	3.25542e+001	
2.53447e+001	2.32412e+001	
2.78044e-001	9.01392e+001	
9.10361e+000	6.35672e+001	
4.84313e+001	2.21403e+001	
3.10369e+000	7.48938e+001	
7.27941e+001	1.25899e+000	
