1.89073e-001	7.60782e-001	
1.79714e-001	7.91758e-001	
1.82025e-001	7.69556e-001	
1.32067e-001	1.00533e+000	
2.27583e-002	1.02508e+000	
2.21844e-001	7.21160e-001	
1.74228e-002	1.04037e+000	
9.72194e-001	1.25410e-002	
5.69592e-001	3.72469e-001	
1.58592e-001	9.70979e-001	
1.78478e-001	8.03316e-001	
9.26192e-001	8.86294e-002	
5.84992e-001	3.47511e-001	
4.92912e-001	6.60235e-001	
5.18875e-001	4.55176e-001	
3.18497e-001	6.80169e-001	
2.96909e-001	6.83284e-001	
2.00596e-001	7.35980e-001	
5.77691e-001	3.51742e-001	
5.08833e-001	4.63892e-001	
1.35396e-001	1.00109e+000	
1.62833e-001	9.41785e-001	
1.68976e-001	8.64759e-001	
1.66205e-001	9.17308e-001	
1.83236e-001	7.64675e-001	
1.72055e-001	8.04880e-001	
1.90362e-001	7.46711e-001	
2.15601e-001	7.29308e-001	
6.12766e-002	1.01721e+000	
2.31352e-001	7.07417e-001	
4.95839e-001	6.22770e-001	
2.07490e-001	7.33675e-001	
7.87997e-001	3.40291e-001	
4.18888e-001	6.77216e-001	
8.80732e-001	2.54423e-001	
1.39062e-001	9.88028e-001	
5.31884e-001	3.95619e-001	
5.43790e-001	3.90563e-001	
9.94237e-001	5.20231e-003	
4.99222e-001	6.00436e-001	
8.25554e-001	3.20557e-001	
5.29071e-001	4.25149e-001	
2.72594e-001	6.84380e-001	
9.38395e-001	3.51776e-002	
2.43104e-001	6.92378e-001	
6.93154e-001	3.41722e-001	
5.73323e-001	3.63478e-001	
9.40221e-001	2.88169e-002	
1.67335e-003	1.04363e+000	
9.05117e-001	2.33038e-001	
9.53128e-001	2.44441e-002	
2.54652e-001	6.88032e-001	
9.80444e-001	1.08231e-002	
1.10578e+000	2.22231e-004	
5.75206e-001	3.57023e-001	
1.02070e+000	2.45675e-003	
6.56329e-001	3.42740e-001	
1.53201e-001	9.82014e-001	
9.09385e-001	1.25049e-001	
1.32868e-003	1.05429e+000	
1.13457e+000	4.06743e-004	
8.85181e-001	2.71837e-001	
8.14436e-001	3.41637e-001	
1.72394e-001	8.14532e-001	
4.58107e-001	6.77021e-001	
9.08650e-001	1.88792e-001	
4.94842e-001	6.41676e-001	
1.68170e-001	9.34425e-001	
3.54571e-001	6.80450e-001	
1.02135e+000	2.19746e-003	
6.87976e-001	3.45717e-001	
6.06156e-001	3.50013e-001	
7.41207e-001	3.44607e-001	
5.09298e-001	5.73037e-001	
1.89026e-001	7.74493e-001	
9.36498e-001	9.76527e-002	
5.75872e-001	3.70372e-001	
5.10834e-001	5.28836e-001	
5.19899e-001	4.67260e-001	
8.90560e-002	1.02281e+000	
5.34225e-001	4.32263e-001	
1.66088e-001	9.56328e-001	
2.20760e-001	7.44268e-001	
5.15759e-001	4.92167e-001	
4.88275e-002	1.03388e+000	
3.19820e-001	6.82126e-001	
9.46598e-001	4.41035e-002	
1.49307e-001	9.88729e-001	
5.51877e-001	3.90438e-001	
9.14865e-001	1.41620e-001	
2.54099e-001	6.92514e-001	
9.25799e-001	1.22746e-001	
1.00230e+000	1.14167e-002	
1.26987e-001	1.01855e+000	
1.44895e-001	1.00014e+000	
2.32053e-001	7.20256e-001	
2.83842e-001	6.88540e-001	
2.90495e-001	6.86370e-001	
1.11741e-001	1.02056e+000	
9.71415e-001	2.01428e-002	
