6.41366e-001	2.68568e-001	
8.62534e-001	5.29750e-002	
5.22468e-004	1.00839e+000	
7.15776e-001	1.98514e-001	
3.56598e-001	5.54741e-001	
4.27631e-001	4.81314e-001	
7.33287e-002	8.30066e-001	
1.66783e-003	9.07524e-001	
5.78475e-001	3.37621e-001	
9.26878e-001	0.00000e+000	
3.58927e-001	5.52056e-001	
5.71754e-001	3.43107e-001	
1.44079e-001	7.72197e-001	
4.98759e-001	4.09723e-001	
2.15328e-001	6.93018e-001	
2.88370e-001	6.23353e-001	
1.46802e-001	7.63605e-001	
7.20222e-002	8.32082e-001	
3.08891e-003	9.04129e-001	
8.42192e-001	1.48728e-001	
2.85544e-001	6.24444e-001	
4.33893e-001	4.79453e-001	
8.65079e-001	5.31314e-002	
1.67376e-003	9.10754e-001	
5.80347e-001	3.38336e-001	
9.28958e-001	0.00000e+000	
5.02262e-001	4.09795e-001	
1.44580e-001	7.74883e-001	
5.01167e-001	4.12886e-001	
3.61697e-001	5.52447e-001	
5.73007e-001	3.44933e-001	
1.53639e-001	7.63235e-001	
7.21187e-002	8.33197e-001	
1.47549e-001	7.67493e-001	
1.50137e-001	7.65247e-001	
3.56345e-001	5.57494e-001	
2.15939e-001	6.94986e-001	
4.98677e-001	4.16143e-001	
7.18082e-001	1.98154e-001	
2.94783e-001	6.23189e-001	
4.28855e-001	4.82692e-001	
7.38824e-003	9.02562e-001	
2.69049e-003	9.05542e-001	
6.43525e-001	2.69472e-001	
4.34107e-003	9.03436e-001	
5.23145e-004	1.00970e+000	
2.86413e-001	6.26345e-001	
5.76632e-001	3.44085e-001	
5.72701e-001	3.52379e-001	
5.04367e-001	4.09321e-001	
3.67236e-001	5.51733e-001	
4.99783e-001	4.17066e-001	
5.02207e-001	4.11245e-001	
3.57980e-001	5.56281e-001	
2.16589e-001	6.97079e-001	
7.24344e-001	1.99882e-001	
7.25679e-001	1.97606e-001	
2.28058e-001	6.95510e-001	
7.18011e-001	2.07477e-001	
4.27859e-001	4.85278e-001	
1.45074e-001	7.75982e-001	
2.15070e-001	6.99414e-001	
5.24303e-004	1.01193e+000	
1.47751e-001	7.68540e-001	
9.32155e-001	0.00000e+000	
2.85802e-001	6.29947e-001	
4.34588e-003	9.04439e-001	
4.34064e-001	4.81517e-001	
1.67627e-003	9.12119e-001	
5.81799e-001	3.40019e-001	
6.42906e-001	2.79453e-001	
6.45526e-001	2.70310e-001	
8.67836e-001	5.33006e-002	
8.65589e-001	8.75479e-002	
4.29539e-001	4.90804e-001	
8.76063e-001	5.38059e-002	
1.47995e-001	7.69813e-001	
7.35849e-002	8.32965e-001	
7.23500e-001	2.02495e-001	
4.31350e-001	4.84485e-001	
1.54061e-001	7.65334e-001	
1.50335e-001	7.67090e-001	
8.67406e-001	5.67580e-002	
9.34767e-001	0.00000e+000	
2.95643e-001	6.25007e-001	
1.68150e-003	9.14966e-001	
3.59434e-001	5.56219e-001	
1.45270e-001	7.78533e-001	
6.48483e-001	2.71548e-001	
9.31270e-001	2.29077e-003	
5.84235e-001	3.40194e-001	
5.74819e-001	3.53682e-001	
4.35218e-001	4.80916e-001	
3.68413e-001	5.51736e-001	
5.26370e-004	1.01592e+000	
6.45117e-001	2.75303e-001	
1.68970e-003	9.19428e-001	
6.50175e-001	2.72257e-001	
5.84263e-001	3.41601e-001	
7.40262e-003	9.04318e-001	
