1.00032e+000	6.66150e-004	
3.00296e-004	1.00029e+000	
4.36084e-001	7.30288e-001	
7.05440e-001	4.67574e-001	
6.89479e-001	4.86985e-001	
7.22976e-001	4.45362e-001	
4.73652e-002	9.74283e-001	
5.83225e-001	6.02683e-001	
6.59061e-001	5.22647e-001	
3.50817e-001	7.92149e-001	
4.48209e-001	7.20902e-001	
4.24201e-001	7.39349e-001	
4.97777e-001	6.80414e-001	
7.51120e-001	4.08502e-001	
8.82822e-002	9.51529e-001	
2.34331e-001	8.67077e-001	
8.93422e-001	1.90125e-001	
6.46900e-001	5.36804e-001	
1.45118e-001	9.19494e-001	
4.86080e-001	6.90220e-001	
2.89049e-001	8.32986e-001	
2.75902e-001	8.41309e-001	
7.44182e-001	4.17634e-001	
9.96709e-002	9.45308e-001	
5.48950e-001	6.35089e-001	
6.98000e-001	4.76951e-001	
6.37255e-001	5.47421e-001	
1.55581e-001	9.13672e-001	
4.61954e-001	7.09929e-001	
7.29590e-001	4.37014e-001	
6.38447e-002	9.65150e-001	
9.02541e-001	1.74832e-001	
9.25778e-001	1.34546e-001	
7.72593e-001	3.78786e-001	
1.88808e-001	8.94252e-001	
3.29072e-001	8.06839e-001	
7.90836e-001	3.53329e-001	
1.99815e-001	8.87839e-001	
5.70727e-001	6.14610e-001	
5.22847e-001	6.59461e-001	
3.84712e-001	7.68632e-001	
3.75276e-001	7.75245e-001	
2.46499e-001	8.59862e-001	
7.60607e-002	9.58615e-001	
2.58460e-002	9.86181e-001	
5.95801e-001	5.90989e-001	
8.47150e-001	2.66889e-001	
1.77974e-001	9.00748e-001	
7.36476e-001	4.27874e-001	
3.39828e-001	7.99630e-001	
6.04516e-001	5.81183e-001	
6.69644e-001	5.11212e-001	
4.11139e-001	7.49769e-001	
9.74310e-001	4.79485e-002	
9.65589e-001	6.38823e-002	
2.09121e-001	8.82349e-001	
9.33797e-001	1.20456e-001	
3.63115e-001	7.83935e-001	
9.46660e-001	9.80439e-002	
6.15925e-001	5.70225e-001	
3.97890e-001	7.58911e-001	
3.71677e-002	9.79960e-001	
5.11751e-001	6.68532e-001	
2.22067e-001	8.74630e-001	
7.98770e-001	3.41899e-001	
1.15899e-001	9.36058e-001	
3.14799e-001	8.16731e-001	
9.54287e-001	8.32451e-002	
9.17669e-001	1.48336e-001	
9.94533e-001	1.11381e-002	
1.24960e-002	9.93388e-001	
7.66617e-001	3.87140e-001	
2.64094e-001	8.48788e-001	
7.60765e-001	3.95267e-001	
3.01935e-001	8.24689e-001	
4.76283e-001	6.98362e-001	
8.19501e-001	3.10119e-001	
8.53127e-001	2.57137e-001	
8.67738e-001	2.33359e-001	
8.74911e-001	2.21824e-001	
8.61854e-001	2.43140e-001	
8.37669e-001	2.81770e-001	
6.82197e-001	4.95671e-001	
8.30913e-001	2.92337e-001	
8.25787e-001	3.00293e-001	
7.82101e-001	3.65411e-001	
8.87326e-001	2.00658e-001	
6.27480e-001	5.57170e-001	
9.10725e-001	1.60491e-001	
1.26945e-001	9.29820e-001	
9.81827e-001	3.36696e-002	
1.65346e-001	9.08024e-001	
8.80526e-001	2.12092e-001	
5.30458e-001	6.51849e-001	
9.88367e-001	2.16986e-002	
9.41931e-001	1.05499e-001	
7.14638e-001	4.55998e-001	
5.61266e-001	6.23564e-001	
8.09980e-001	3.25265e-001	
5.38356e-001	6.45318e-001	
