1.66637e+000	2.26758e-002	
7.29930e-001	6.64065e-001	
1.09181e+000	3.19417e-001	
2.14455e-001	8.01958e-001	
1.12833e+000	3.15724e-001	
8.77454e-001	4.31959e-001	
6.46702e-004	1.00008e+000	
7.12431e-001	6.75626e-001	
1.57107e+000	2.09823e-001	
8.33652e-001	5.00515e-001	
2.17253e-001	7.90726e-001	
1.50759e-001	9.60322e-001	
2.09285e-001	8.25797e-001	
1.69562e-001	9.41674e-001	
2.31406e-001	7.52793e-001	
1.26927e-001	9.74553e-001	
2.04313e-001	8.51028e-001	
1.62784e+000	1.25173e-001	
2.55623e-001	7.20567e-001	
1.08115e+000	3.21474e-001	
7.57620e-001	6.36898e-001	
8.85676e-001	4.16219e-001	
9.25009e-001	3.76652e-001	
2.46846e-001	7.29579e-001	
1.04275e+000	3.27155e-001	
1.05642e+000	3.24611e-001	
1.02709e+000	3.30971e-001	
1.06399e+000	3.23430e-001	
9.82489e-001	3.44442e-001	
6.38773e-002	9.92741e-001	
8.80764e-001	4.23962e-001	
1.65276e+000	7.77427e-002	
7.44409e-001	6.51724e-001	
7.37257e-001	6.57957e-001	
1.79117e-001	9.27553e-001	
1.10779e+000	3.17617e-001	
8.55556e-001	4.63986e-001	
1.00498e+000	3.36685e-001	
9.73646e-001	3.48271e-001	
3.11865e-001	6.94549e-001	
5.48166e-002	9.94231e-001	
2.40515e-001	7.37869e-001	
6.90031e-001	6.86571e-001	
7.20704e-001	6.70477e-001	
1.62258e-001	9.49955e-001	
9.17601e-002	9.86651e-001	
2.70681e-001	7.09682e-001	
9.96065e-001	3.39570e-001	
9.51819e-001	3.58072e-001	
1.38722e+000	2.98150e-001	
8.97688e-001	4.08531e-001	
2.81517e-001	7.04040e-001	
2.24290e-001	7.68594e-001	
8.48082e-001	4.83146e-001	
1.95039e-001	8.89196e-001	
1.77129e+000	1.47019e-003	
1.60351e+000	1.72836e-001	
1.66157e+000	5.26520e-002	
1.55122e+000	2.30730e-001	
1.41074e-001	9.67338e-001	
7.81592e-001	5.99260e-001	
2.04625e-002	9.97762e-001	
3.55601e-001	6.89926e-001	
8.17652e-001	5.40883e-001	
1.42720e+000	2.92012e-001	
2.06855e-001	8.38106e-001	
7.90682e-001	5.90295e-001	
2.11598e-001	8.14582e-001	
7.95143e-001	5.83363e-001	
1.44785e+000	2.85133e-001	
2.97795e-001	6.98088e-001	
1.92227e-001	8.98025e-001	
6.97827e-001	6.83255e-001	
7.66631e-001	6.27793e-001	
1.88929e-001	9.08654e-001	
1.01393e+000	3.34588e-001	
1.83735e-001	9.19183e-001	
8.65299e-001	4.45420e-001	
1.12784e-001	9.81059e-001	
2.61568e-001	7.15715e-001	
9.99964e-002	9.84344e-001	
1.32603e+000	3.12234e-001	
7.76147e-001	6.13838e-001	
1.64759e+000	9.17602e-002	
7.42525e-002	9.90261e-001	
8.29477e-001	5.18886e-001	
8.25036e-001	5.27153e-001	
3.31815e-002	9.96243e-001	
1.14837e+000	3.14340e-001	
2.02377e-001	8.60046e-001	
3.28583e-001	6.91853e-001	
2.20971e-001	7.78102e-001	
1.99509e-001	8.72566e-001	
7.71513e-001	6.20423e-001	
8.11946e-001	5.51990e-001	
1.61061e+000	1.55977e-001	
1.58857e+000	1.91469e-001	
1.56810e+000	2.17421e-001	
1.55672e+000	2.24961e-001	
3.19737e-001	6.93352e-001	
