2.61102e-001	6.75495e-001	
9.24732e-001	8.77792e-003	
9.27685e-001	7.41495e-003	
8.19616e-001	2.78407e-001	
6.17493e-001	3.40239e-001	
4.89470e-001	6.10056e-001	
6.33885e-001	3.38174e-001	
1.70607e-001	8.00268e-001	
9.50311e-001	4.49931e-003	
8.89126e-001	2.47290e-002	
4.86747e-001	6.12030e-001	
8.74708e-001	3.32972e-002	
1.07650e-003	1.00847e+000	
8.71999e-001	3.54647e-002	
5.36516e-001	3.68298e-001	
4.67842e-001	6.40564e-001	
5.11315e-001	4.23045e-001	
2.79062e-001	6.72997e-001	
5.44154e-001	3.66029e-001	
7.91390e-002	1.00258e+000	
9.63500e-001	1.87319e-003	
8.49941e-001	9.34263e-002	
3.03444e-001	6.70389e-001	
7.92895e-001	3.12975e-001	
2.00053e-001	7.08038e-001	
8.25442e-001	2.67368e-001	
2.03678e-001	7.05319e-001	
2.08092e-001	6.95833e-001	
5.06980e-001	4.33575e-001	
7.91571e-001	3.14025e-001	
8.33927e-001	2.12353e-001	
5.33609e-001	3.72271e-001	
9.12680e-001	1.05594e-002	
5.25109e-001	3.82039e-001	
1.77459e-001	7.43234e-001	
9.98901e-001	4.66039e-004	
1.22445e-001	9.79056e-001	
2.51961e-001	6.79352e-001	
1.60154e-001	9.16488e-001	
7.68943e-001	3.24136e-001	
4.79325e-001	6.27811e-001	
1.83763e-001	7.26473e-001	
9.02189e-001	1.45140e-002	
5.41434e-003	1.00397e+000	
2.49026e-001	6.84807e-001	
5.74820e-001	3.47486e-001	
4.39983e-001	6.55154e-001	
4.12248e-001	6.64281e-001	
4.33042e-001	6.58630e-001	
7.98571e-001	3.08914e-001	
1.64061e-001	8.99946e-001	
4.16757e-001	6.62925e-001	
8.35475e-001	1.91216e-001	
4.23693e-001	6.60572e-001	
4.19779e-001	6.61650e-001	
1.68342e-001	8.74755e-001	
1.32143e-001	9.71288e-001	
8.62543e-001	4.22711e-002	
8.17386e-001	2.97233e-001	
1.73658e-001	7.64697e-001	
7.47867e-001	3.30162e-001	
5.05167e-001	4.54281e-001	
8.91271e-001	2.00463e-002	
5.03912e-001	4.62048e-001	
8.32805e-001	2.24205e-001	
4.92671e-001	5.95674e-001	
8.39800e-001	1.17668e-001	
4.99054e-001	5.63759e-001	
1.79132e-001	7.39052e-001	
5.30327e-001	3.73875e-001	
1.55202e-001	9.42174e-001	
4.61569e-001	6.45452e-001	
7.61449e-001	3.27457e-001	
1.92031e-001	7.13370e-001	
7.80661e-001	3.17457e-001	
5.54636e-001	3.57187e-001	
5.58465e-001	3.53452e-001	
9.30796e-001	6.36601e-003	
1.86194e-001	7.23307e-001	
7.72914e-001	3.22902e-001	
7.99885e-001	3.05651e-001	
4.34114e-001	6.57530e-001	
5.05268e-001	4.59824e-001	
4.45066e-001	6.54681e-001	
7.55184e-001	3.30105e-001	
8.35059e-001	1.94654e-001	
1.64097e-001	9.04194e-001	
5.77763e-001	3.48248e-001	
2.61783e-001	6.77257e-001	
4.90732e-001	6.09935e-001	
8.65606e-001	4.24212e-002	
4.87020e-001	6.18457e-001	
8.37347e-001	1.92295e-001	
5.01015e-001	5.62936e-001	
9.67858e-001	1.53910e-003	
1.94055e-001	7.17790e-001	
8.44494e-001	1.21153e-001	
5.30493e-001	3.77567e-001	
5.55817e-001	3.57948e-001	
8.39282e-001	1.85466e-001	
