8.36432e-001	2.31896e-001	
5.18505e-001	3.99249e-001	
1.84054e-001	7.28504e-001	
8.72183e-001	3.77909e-002	
1.69939e-001	8.07950e-001	
1.29003e-003	1.00982e+000	
1.80993e-001	7.34840e-001	
8.04397e-001	3.02747e-001	
1.71088e-001	7.78276e-001	
8.59183e-001	4.95102e-002	
1.39061e-001	9.67127e-001	
1.64679e-001	8.94942e-001	
4.91409e-001	6.04022e-001	
1.62924e-001	9.06724e-001	
5.36697e-001	3.68655e-001	
5.69164e-001	3.49355e-001	
5.99887e-001	3.39534e-001	
8.91923e-001	1.84369e-002	
7.27788e-001	3.32331e-001	
4.51633e-001	6.49331e-001	
8.87061e-001	2.17644e-002	
7.93898e-001	3.09991e-001	
4.60264e-001	6.44954e-001	
4.46607e-001	6.53009e-001	
4.36952e-001	6.56127e-001	
8.40042e-001	1.32463e-001	
1.94145e-001	7.12196e-001	
9.14084e-001	1.03462e-002	
2.33886e-001	6.83799e-001	
5.27115e-001	3.80604e-001	
8.63219e-001	4.61726e-002	
9.88334e-001	6.02457e-004	
1.51534e-001	9.46737e-001	
9.47721e-001	3.42307e-003	
2.45836e-001	6.79811e-001	
5.32438e-001	3.73461e-001	
7.56122e-001	3.26762e-001	
4.19774e-001	6.62043e-001	
8.06840e-001	2.98236e-001	
2.12607e-001	6.95786e-001	
6.16624e-001	3.36667e-001	
1.52717e-001	9.41097e-001	
7.69011e-001	3.22284e-001	
7.78480e-001	3.19208e-001	
7.84961e-001	3.14792e-001	
8.37752e-001	1.38346e-001	
1.67567e-001	8.29670e-001	
5.01238e-001	5.41797e-001	
2.66794e-001	6.74526e-001	
5.86353e-001	3.41586e-001	
8.41506e-001	1.06861e-001	
4.79323e-001	6.28503e-001	
9.26962e-001	6.32658e-003	
2.76309e-001	6.73514e-001	
1.73168e-001	7.61740e-001	
1.32587e-001	9.75442e-001	
5.58565e-001	3.53537e-001	
2.99561e-001	6.71719e-001	
1.77722e-001	7.45324e-001	
5.20356e-001	3.90079e-001	
8.51545e-001	6.40158e-002	
8.80840e-001	2.54723e-002	
1.43053e-001	9.59052e-001	
4.99535e-001	5.49970e-001	
1.88633e-001	7.22208e-001	
1.25045e-001	9.76549e-001	
9.98097e-002	9.93783e-001	
2.00692e-001	7.05205e-001	
5.75496e-001	3.45431e-001	
7.05080e-001	3.33784e-001	
8.14421e-001	2.89457e-001	
1.56507e-001	9.29692e-001	
8.76762e-001	2.99653e-002	
4.85830e-001	6.17768e-001	
2.23686e-001	6.87567e-001	
7.46906e-001	3.28972e-001	
5.14776e-001	4.07197e-001	
3.06588e-001	6.70159e-001	
4.00369e-001	6.65535e-001	
4.69969e-001	6.37837e-001	
2.54585e-001	6.78492e-001	
4.29944e-001	6.60991e-001	
1.46987e-001	9.51893e-001	
6.92528e-002	1.00056e+000	
5.55291e-003	1.00367e+000	
5.09623e-001	4.20704e-001	
1.12445e-001	9.85837e-001	
8.47554e-001	7.84861e-002	
9.35265e-001	4.73842e-003	
9.19787e-001	8.04626e-003	
1.59402e-001	9.19535e-001	
9.60218e-001	2.01020e-003	
3.89090e-001	6.67819e-001	
8.16960e-001	2.81081e-001	
4.97616e-001	5.67789e-001	
1.54312e-001	9.36363e-001	
5.50135e-001	3.56735e-001	
8.67972e-001	4.09670e-002	
4.88146e-001	6.08193e-001	
9.00597e-001	1.37820e-002	
