8.81014e-001	2.91794e-002	
5.13048e-001	4.10627e-001	
5.11682e-001	4.30510e-001	
4.38166e-001	6.57971e-001	
2.30471e-001	6.87136e-001	
8.28421e-001	2.61173e-001	
4.97740e-001	5.80882e-001	
5.39281e-001	3.67685e-001	
5.53574e-001	3.58591e-001	
5.19140e-001	4.02659e-001	
1.00925e-001	9.96871e-001	
8.45593e-001	8.73987e-002	
7.46197e-001	3.30955e-001	
5.88170e-001	3.43336e-001	
1.24631e-001	9.84696e-001	
9.24781e-002	9.99877e-001	
1.95816e-001	7.13032e-001	
1.29519e-001	9.77289e-001	
7.30141e-001	3.32515e-001	
4.48828e-001	6.53926e-001	
1.90925e-001	7.18008e-001	
1.81587e-001	7.36151e-001	
8.60344e-001	5.16175e-002	
8.66731e-001	4.12243e-002	
4.68928e-001	6.40176e-001	
5.44504e-001	3.63069e-001	
3.17119e-001	6.71879e-001	
4.15039e-001	6.64819e-001	
5.24777e-001	3.87075e-001	
5.02686e-001	5.28255e-001	
9.39519e-001	4.59771e-003	
1.73905e-001	7.63380e-001	
8.12701e-001	2.94084e-001	
6.03691e-001	3.41149e-001	
7.56216e-001	3.26698e-001	
8.31751e-001	2.51100e-001	
5.63489e-001	3.52156e-001	
6.43919e-001	3.36672e-001	
9.19676e-001	9.00946e-003	
1.35972e-001	9.70547e-001	
7.93911e-001	3.12633e-001	
9.54761e-001	3.32269e-003	
6.67749e-001	3.35525e-001	
1.69698e-001	8.10091e-001	
4.76344e-001	6.30265e-001	
4.80358e-001	6.24490e-001	
1.14950e-001	9.89422e-001	
4.56994e-001	6.47662e-001	
5.05717e-002	1.00262e+000	
2.43633e-001	6.82401e-001	
2.16050e-001	6.95070e-001	
9.06739e-001	1.22084e-002	
2.21688e-001	6.90109e-001	
1.53684e-001	9.42443e-001	
1.78406e-001	7.48492e-001	
2.06622e-001	7.00305e-001	
8.35616e-001	2.21991e-001	
1.99806e-001	7.07494e-001	
8.48373e-001	7.79196e-002	
1.62646e-001	9.10386e-001	
7.58703e-005	1.00677e+000	
9.62780e-001	2.13616e-003	
1.65901e-001	8.90211e-001	
6.22333e-001	3.37793e-001	
5.21475e-001	3.94631e-001	
8.86297e-001	2.22837e-002	
4.03672e-001	6.66141e-001	
4.94924e-001	5.88333e-001	
2.74112e-001	6.74056e-001	
8.42302e-001	1.06435e-001	
7.80523e-001	3.20590e-001	
4.30054e-001	6.61750e-001	
4.92879e-001	5.94513e-001	
9.29437e-001	6.67105e-003	
1.58802e-001	9.28104e-001	
8.34576e-001	2.36772e-001	
1.46313e-001	9.58625e-001	
8.72912e-001	3.27137e-002	
5.06300e-001	4.49468e-001	
4.88383e-001	6.07137e-001	
8.21861e-001	2.79535e-001	
1.85281e-001	7.27100e-001	
8.52242e-001	6.18202e-002	
5.03919e-001	4.73975e-001	
5.75991e-001	3.46196e-001	
7.65650e-001	3.24647e-001	
1.70723e-001	7.84462e-001	
2.37363e-001	6.83578e-001	
7.16646e-001	3.34080e-001	
8.04608e-001	3.01986e-001	
2.52946e-001	6.78098e-001	
8.51129e-001	7.11557e-002	
1.72011e-001	7.76196e-001	
5.31702e-001	3.75266e-001	
1.67700e-001	8.51450e-001	
9.97663e-001	3.48804e-004	
8.40776e-001	1.46811e-001	
8.97396e-001	1.66800e-002	
4.85932e-001	6.16011e-001	
1.51567e-001	9.48380e-001	
