1.94055e-001	7.30831e-001	
1.90859e-001	7.36127e-001	
9.22664e-001	1.23809e-002	
1.58354e-001	9.55534e-001	
1.66505e-001	9.20968e-001	
5.18700e-001	4.44796e-001	
5.08707e-001	5.18136e-001	
9.29731e-001	7.68321e-003	
8.62494e-001	6.36972e-002	
1.69630e-001	8.58843e-001	
2.29381e-001	6.91652e-001	
1.68103e-001	8.92417e-001	
1.81509e-001	7.44945e-001	
9.09814e-001	1.36761e-002	
8.51598e-001	9.11555e-002	
4.87478e-001	6.32111e-001	
1.52062e-001	9.66206e-001	
9.08049e-001	1.50682e-002	
8.57528e-001	8.26877e-002	
5.48424e-001	3.82167e-001	
1.03889e+000	1.39004e-004	
1.21124e-001	9.95325e-001	
8.36693e-001	2.26280e-001	
5.29816e-001	3.97472e-001	
9.58128e-001	2.65316e-003	
8.96216e-001	2.00150e-002	
4.92277e-001	6.12549e-001	
5.11254e-001	4.46207e-001	
2.13550e-001	7.05930e-001	
3.06331e-001	6.75142e-001	
1.11313e-001	9.98471e-001	
8.71427e-001	4.06081e-002	
8.88244e-001	2.50923e-002	
2.81341e-001	6.81652e-001	
5.75768e-001	3.48150e-001	
5.21842e-001	4.13086e-001	
5.53512e-001	3.61635e-001	
9.51954e-001	3.87414e-003	
6.54016e-004	1.00751e+000	
4.30739e-001	6.68039e-001	
8.94067e-001	2.19590e-002	
2.03055e-001	7.10047e-001	
1.61523e-001	9.41888e-001	
9.80229e-001	1.54688e-003	
4.89301e-001	6.30047e-001	
4.51256e-001	6.65517e-001	
4.65276e-001	6.52161e-001	
1.39290e-001	9.85412e-001	
1.74235e-001	7.63300e-001	
3.45283e-001	6.71854e-001	
2.16777e-001	6.94357e-001	
9.35702e-001	8.45817e-003	
1.81086e-001	7.46021e-001	
1.52800e-001	9.70896e-001	
8.62235e-001	6.84422e-002	
8.66730e-001	6.40100e-002	
5.70236e-001	3.62419e-001	
2.90726e-001	6.89191e-001	
3.03824e-001	6.84420e-001	
8.51672e-001	1.23625e-001	
8.89388e-001	2.51246e-002	
5.56651e-001	3.63686e-001	
2.63061e-001	6.92264e-001	
9.40434e-001	7.16462e-003	
8.72589e-001	4.06622e-002	
9.01278e-001	2.01280e-002	
3.10548e-001	6.74450e-001	
9.19682e-001	1.35520e-002	
2.15019e-001	7.05080e-001	
1.04214e+000	1.39438e-004	
1.56023e-001	9.67801e-001	
2.05629e-001	7.11132e-001	
2.03792e-001	7.12627e-001	
1.60995e-001	9.45919e-001	
9.94805e-001	1.61802e-003	
4.72452e-001	6.54872e-001	
7.12174e-002	1.01439e+000	
1.72247e-001	8.66037e-001	
1.58563e-001	9.57864e-001	
2.16176e-001	7.01110e-001	
5.10689e-001	4.50009e-001	
1.90339e-001	7.38075e-001	
5.30413e-001	4.06807e-001	
1.74489e-001	7.64416e-001	
9.60643e-001	2.66012e-003	
3.53319e-001	6.72067e-001	
1.89596e-001	7.41420e-001	
1.04496e-003	1.01600e+000	
5.81117e-001	3.51384e-001	
5.31779e-001	3.98944e-001	
1.60501e-001	9.48129e-001	
1.59795e-001	9.49903e-001	
1.11434e-001	9.99558e-001	
8.37859e-001	2.29116e-001	
4.87810e-001	6.33213e-001	
8.99074e-001	2.17389e-002	
2.19227e-001	7.02204e-001	
4.75855e-001	6.59589e-001	
1.00080e+000	1.62778e-003	
5.11818e-001	5.14647e-001	
