1.68138e+000	1.97293e-003	
1.61115e+000	1.33705e-001	
6.21453e-001	6.31629e-001	
6.59123e-001	5.73180e-001	
1.58977e+000	1.79412e-001	
8.39718e-001	4.26250e-001	
8.55877e-002	8.32027e-001	
1.22345e+000	3.69430e-001	
5.86881e-001	6.83176e-001	
7.55649e-003	9.68210e-001	
5.65469e-001	7.10173e-001	
2.95834e-002	9.00535e-001	
5.80850e-001	6.91266e-001	
4.74843e-001	7.74110e-001	
6.54054e-001	5.80858e-001	
1.15111e-001	8.16420e-001	
1.63859e+000	1.23965e-001	
6.94359e-001	5.29988e-001	
8.79251e-001	4.17601e-001	
1.30750e+000	3.55925e-001	
1.58101e+000	1.94713e-001	
4.21582e-001	7.89035e-001	
7.67647e-001	4.69166e-001	
1.55644e+000	2.13314e-001	
1.65622e+000	6.70510e-002	
9.44743e-003	9.60962e-001	
5.50515e-001	7.26204e-001	
6.25383e-001	6.24894e-001	
9.87840e-001	3.90691e-001	
7.29044e-001	4.90771e-001	
3.53747e-002	8.89426e-001	
7.38236e-001	4.83383e-001	
7.56461e-002	8.39372e-001	
9.66968e-001	3.94010e-001	
4.45976e-001	7.83650e-001	
1.24977e-001	8.13400e-001	
6.74733e-001	5.50356e-001	
1.24543e-002	9.49625e-001	
9.75087e-002	8.24696e-001	
1.04597e-001	8.21087e-001	
6.11608e-001	6.46634e-001	
9.23968e-001	4.01625e-001	
7.48141e-001	4.81653e-001	
6.85965e-001	5.38135e-001	
6.48674e-001	5.88940e-001	
1.31104e+000	3.49244e-001	
7.24947e-001	5.00302e-001	
7.75623e-001	4.60024e-001	
6.16990e-001	6.40031e-001	
2.17731e-002	9.20067e-001	
4.61303e-001	7.78993e-001	
4.44504e-003	9.81136e-001	
2.53509e-002	9.10599e-001	
4.09093e-002	8.78678e-001	
7.16891e-001	5.02256e-001	
6.43294e-001	5.96597e-001	
1.67030e+000	2.04620e-002	
5.12049e-001	7.56962e-001	
1.48439e-001	8.07909e-001	
7.01654e-001	5.19841e-001	
1.68681e-001	8.02986e-001	
5.87196e-002	8.54612e-001	
7.96690e-001	4.52646e-001	
5.74208e-001	7.00307e-001	
7.11294e-001	5.11314e-001	
6.64782e-002	8.46721e-001	
3.79627e-001	7.93928e-001	
7.56948e-001	4.72180e-001	
1.27752e+000	3.60004e-001	
4.83648e-001	7.71006e-001	
6.01650e-001	6.63021e-001	
7.86361e-001	4.58956e-001	
8.19068e-001	4.34579e-001	
5.58745e-001	7.18182e-001	
1.37058e-001	8.09265e-001	
1.58345e-001	8.04859e-001	
1.10316e+000	3.78772e-001	
4.31069e-001	7.86619e-001	
5.39723e-001	7.36483e-001	
8.01630e-001	4.42963e-001	
3.58053e-001	7.95966e-001	
1.93058e-004	9.99685e-001	
6.37343e-001	6.06405e-001	
1.41009e+000	3.31808e-001	
2.00151e-001	7.99413e-001	
1.04333e+000	3.83832e-001	
5.03531e-001	7.61023e-001	
1.73608e-002	9.33647e-001	
1.44112e+000	3.08395e-001	
1.84230e-001	8.00847e-001	
2.55445e-001	7.97172e-001	
4.03331e-001	7.91728e-001	
4.91335e-001	7.67433e-001	
6.31349e-001	6.16306e-001	
5.96699e-001	6.69639e-001	
4.98565e-002	8.65300e-001	
4.53682e-001	7.81211e-001	
6.05591e-001	6.55776e-001	
6.65835e-001	5.62695e-001	
5.27233e-001	7.45941e-001	
