7.56982e-002	8.45550e-001	
2.87802e-001	6.29956e-001	
6.47183e-001	2.68808e-001	
4.26524e-001	4.83632e-001	
5.04546e-001	4.11908e-001	
1.43838e-001	7.69148e-001	
2.17057e-001	6.95175e-001	
3.67774e-001	5.54632e-001	
8.65146e-001	5.32130e-002	
7.79900e-001	1.26133e-001	
3.62361e-001	5.64695e-001	
8.34550e-005	1.01154e+000	
1.53459e-001	7.65042e-001	
7.13946e-001	1.98857e-001	
5.79181e-001	3.39346e-001	
5.70347e-001	3.40613e-001	
6.08547e-003	9.17502e-001	
1.86099e-003	9.22760e-001	
9.31035e-001	5.64219e-004	
7.88136e-001	1.23710e-001	
4.31666e-001	4.80228e-001	
8.66851e-001	5.33179e-002	
2.88419e-001	6.31307e-001	
4.30659e-001	4.85717e-001	
6.52211e-001	2.68757e-001	
5.04264e-001	4.13642e-001	
3.70312e-001	5.58459e-001	
7.77990e-002	8.47131e-001	
2.16213e-001	7.01411e-001	
3.66020e-001	5.70397e-001	
8.36897e-005	1.01439e+000	
7.82686e-001	1.26584e-001	
2.17893e-001	6.97854e-001	
5.71840e-001	3.41504e-001	
1.01044e-002	9.17477e-001	
9.33209e-001	1.00051e-003	
6.09238e-003	9.18545e-001	
4.44855e-001	4.81605e-001	
1.86995e-003	9.27204e-001	
7.19893e-001	2.00513e-001	
3.93086e-003	9.23790e-001	
7.94781e-001	1.24900e-001	
1.44049e-001	7.70272e-001	
7.58030e-002	8.50324e-001	
3.73582e-001	5.63390e-001	
3.75516e-001	5.59362e-001	
2.89813e-001	6.30716e-001	
6.54387e-001	2.69654e-001	
7.59655e-002	8.52146e-001	
1.54105e-001	7.68265e-001	
3.17284e-004	1.01547e+000	
3.66207e-001	5.71805e-001	
2.18929e-001	6.97563e-001	
7.84106e-001	1.26813e-001	
7.79016e-002	8.48248e-001	
1.44281e-001	7.71512e-001	
5.73018e-001	3.42208e-001	
4.31678e-001	4.84312e-001	
8.69820e-001	5.35005e-002	
7.23077e-001	2.01400e-001	
2.20871e-002	9.16975e-001	
9.35538e-001	5.66948e-004	
5.04735e-001	4.14813e-001	
4.30385e-001	4.93628e-001	
6.09963e-003	9.19638e-001	
7.95958e-001	1.25085e-001	
7.24117e-001	1.99883e-001	
7.30476e-001	1.99162e-001	
1.87984e-003	9.32106e-001	
5.10617e-001	4.13623e-001	
2.26907e-001	6.98020e-001	
2.89125e-001	6.32854e-001	
3.77252e-001	5.61948e-001	
2.17086e-001	7.04243e-001	
3.27414e-004	1.03476e+000	
8.05861e-002	8.47795e-001	
8.74637e-001	5.37967e-002	
5.08698e-001	4.15298e-001	
6.10794e-003	9.20890e-001	
9.37113e-001	5.67903e-004	
7.83735e-001	1.35588e-001	
8.69120e-001	5.93211e-002	
1.44608e-001	7.73261e-001	
1.88194e-003	9.33149e-001	
7.33703e-001	1.99323e-001	
5.74487e-001	3.43085e-001	
4.35043e-001	4.83985e-001	
5.06733e-001	4.24086e-001	
1.50499e-001	7.72161e-001	
2.18277e-001	6.99083e-001	
6.55469e-001	2.70100e-001	
5.81627e-001	3.40779e-001	
7.86339e-001	1.27174e-001	
7.61285e-002	8.54072e-001	
7.26516e-001	2.00475e-001	
9.38296e-001	5.68620e-004	
3.20715e-003	9.31350e-001	
1.45173e-001	7.76283e-001	
3.29085e-004	1.04004e+000	
7.97039e-001	1.25255e-001	
