1.01098e+000	3.50244e-001	
9.29287e-001	5.73480e-001	
3.91579e-001	7.30368e-001	
4.95105e-003	9.58914e-001	
5.14221e-001	6.34982e-001	
3.93334e-001	6.99552e-001	
1.13823e+000	2.80965e-001	
3.48739e-001	8.47821e-001	
4.27272e-001	6.50582e-001	
1.17667e-002	9.30547e-001	
1.04445e+000	3.18786e-001	
3.53823e-001	8.45705e-001	
1.02737e+000	3.30399e-001	
3.84950e-001	7.49754e-001	
9.69184e-002	8.66375e-001	
1.19702e+000	2.75960e-001	
1.74397e+000	2.29909e-002	
3.97754e-001	6.78498e-001	
9.44643e-001	5.16768e-001	
8.86330e-001	6.16589e-001	
9.19498e-001	5.82629e-001	
1.07600e+000	3.01796e-001	
1.71000e+000	1.21105e-001	
1.21921e+000	2.66821e-001	
4.48539e-001	6.36567e-001	
3.66911e-001	8.16440e-001	
1.70320e+000	1.55595e-001	
1.04648e+000	3.07916e-001	
1.94391e-003	9.66644e-001	
6.15748e-003	9.46692e-001	
9.35389e-001	5.38573e-001	
1.75142e+000	6.82321e-003	
1.02137e+000	3.37710e-001	
9.96224e-001	3.65131e-001	
5.53381e-001	6.24745e-001	
1.76737e+000	2.00946e-003	
9.60483e-001	4.70197e-001	
1.24037e+000	2.65189e-001	
9.72759e-001	4.13484e-001	
1.80096e+000	9.92150e-005	
6.38342e-002	8.76289e-001	
6.07752e-002	8.77621e-001	
1.49354e-002	9.16871e-001	
1.08966e+000	2.85428e-001	
7.13925e-004	9.91059e-001	
1.67161e+000	1.79334e-001	
8.77092e-001	6.20517e-001	
4.05049e-001	6.57182e-001	
1.08222e+000	3.03539e-001	
9.44125e-001	5.21301e-001	
3.97517e-001	6.81153e-001	
8.87409e-001	6.17341e-001	
1.04961e+000	3.08839e-001	
3.68489e-001	8.16092e-001	
9.47760e-001	5.18473e-001	
1.95567e-003	9.72493e-001	
4.96773e-003	9.62146e-001	
1.74333e+000	4.97974e-002	
6.21000e-003	9.54768e-001	
1.75460e+000	1.17375e-002	
9.38837e-001	5.40559e-001	
9.35408e-001	5.50184e-001	
1.83403e+000	1.01037e-004	
9.62387e-001	4.69221e-001	
1.76997e+000	2.01242e-003	
1.24192e+000	2.65378e-001	
8.53222e-003	9.46304e-001	
9.75424e-001	4.14617e-001	
1.20099e+000	2.76875e-001	
1.13949e+000	2.81277e-001	
3.94037e-001	7.00803e-001	
9.76290e-002	8.72728e-001	
1.71597e+000	1.21528e-001	
5.57193e-002	9.22095e-001	
1.67273e+000	1.78568e-001	
1.01881e+000	3.50579e-001	
1.20702e+000	2.75776e-001	
1.01679e+000	3.52256e-001	
1.16538e-002	9.36720e-001	
1.71134e+000	1.35305e-001	
4.05808e-001	6.58413e-001	
6.09917e-002	8.80748e-001	
1.51909e-002	9.23741e-001	
9.31526e-001	5.74862e-001	
3.92155e-001	7.31441e-001	
1.67142e+000	1.81303e-001	
5.27336e-001	6.34488e-001	
7.18344e-004	9.97192e-001	
1.22527e+000	2.67580e-001	
1.09374e+000	2.86086e-001	
9.22842e-001	5.84319e-001	
1.02961e+000	3.39405e-001	
1.76261e+000	1.17911e-002	
9.80358e-001	4.16715e-001	
9.36094e-001	5.62280e-001	
9.63580e-001	4.69803e-001	
9.37413e-001	5.51363e-001	
1.78443e+000	1.29879e-003	
6.14769e-002	8.87753e-001	
8.54605e-003	9.47837e-001	
