2.47926e-001	1.45930e-001	
4.10336e-001	1.29018e-001	
3.89523e-001	1.30803e-001	
6.93828e-002	1.65353e+000	
1.56661e-001	2.08266e-001	
7.22400e-002	1.63431e+000	
8.80928e-002	1.52184e+000	
4.44690e-001	1.16742e-001	
6.76954e-002	1.71647e+000	
7.82437e-002	1.58249e+000	
5.68189e-002	1.77792e+000	
1.20108e-002	2.03590e+000	
1.13089e-001	4.50151e-001	
2.09344e+000	6.27042e-006	
4.14489e-001	1.20035e-001	
2.22314e-002	1.99485e+000	
4.97892e-001	1.13928e-001	
3.62864e-002	1.89740e+000	
1.95399e-001	1.63803e-001	
2.09640e-003	2.06336e+000	
2.84799e-002	1.95371e+000	
1.54731e-001	2.09930e-001	
1.41083e-001	2.45773e-001	
1.50536e-001	2.17604e-001	
2.21532e-001	1.52989e-001	
9.57201e-001	1.05361e-001	
1.06942e-001	8.23218e-001	
3.71484e-001	1.31985e-001	
1.12132e+000	1.02521e-001	
2.22689e-001	1.47844e-001	
5.80069e-004	2.68562e+000	
1.97468e-001	1.60244e-001	
3.69002e-001	1.37812e-001	
9.02970e-002	1.49368e+000	
8.18391e-002	1.52724e+000	
2.05954e-001	1.54644e-001	
1.18088e-001	3.63811e-001	
4.32623e-002	1.79890e+000	
1.67787e-001	1.77083e-001	
5.91890e-002	1.74701e+000	
7.25902e-002	1.64223e+000	
1.63537e-003	2.06690e+000	
8.82866e-002	1.52519e+000	
1.15238e-001	4.58707e-001	
5.04958e-001	1.15430e-001	
5.72200e-002	1.79047e+000	
2.29352e-001	1.51488e-001	
3.61901e-002	1.92056e+000	
1.18965e-001	3.66511e-001	
1.12424e+000	1.02788e-001	
5.81258e-004	2.69112e+000	
1.72295e-001	1.94635e-001	
4.89646e-002	1.89079e+000	
8.40274e-002	1.56807e+000	
2.49106e-001	1.46624e-001	
1.03331e+000	1.06655e-001	
3.70420e-001	1.38342e-001	
1.07490e-001	8.27436e-001	
1.54695e-001	2.12146e-001	
9.57636e-001	1.09971e-001	
2.07729e-001	1.55696e-001	
1.20411e-002	2.04104e+000	
2.22545e-002	1.99692e+000	
1.03481e+000	1.04514e-001	
1.17591e-001	3.95601e-001	
7.83877e-002	1.58986e+000	
1.51700e-001	2.19287e-001	
4.47253e-001	1.17571e-001	
6.95632e-002	1.70637e+000	
9.04265e-002	1.49582e+000	
2.10324e+000	6.29979e-006	
1.22125e-001	3.76247e-001	
8.46078e-002	1.57185e+000	
5.06340e-002	1.89037e+000	
2.38675e-001	1.50550e-001	
1.20876e-002	2.04892e+000	
3.64098e-002	1.92189e+000	
1.99798e-001	1.65946e-001	
9.58702e-001	1.10093e-001	
2.18272e-003	2.07658e+000	
5.13297e-001	1.15190e-001	
5.83201e-004	2.70012e+000	
1.14973e-001	4.75121e-001	
2.11500e+000	6.33499e-006	
2.47050e-001	1.48583e-001	
2.09128e-001	1.57027e-001	
1.73564e-001	1.96069e-001	
1.06635e-001	8.39049e-001	
1.12771e+000	1.03105e-001	
1.96892e-001	1.68375e-001	
2.22728e-002	2.01861e+000	
2.11914e+000	6.34741e-006	
1.78697e-001	2.01868e-001	
8.83527e-002	1.52633e+000	
2.18737e-001	1.58722e-001	
4.53373e-001	1.19213e-001	
6.92107e-002	1.73290e+000	
5.75032e-002	1.79933e+000	
8.43371e-002	1.57385e+000	
2.31112e-001	1.52724e-001	
