1.63036e-001	9.20636e-001	
4.90219e-001	6.06447e-001	
5.05343e-001	4.96218e-001	
8.73218e-001	3.81108e-002	
5.89452e-001	3.46420e-001	
1.23511e-001	9.92918e-001	
1.97200e-001	7.14137e-001	
4.27439e-001	6.62799e-001	
5.86428e-001	3.49317e-001	
5.27890e-001	3.83047e-001	
2.03139e-001	7.01616e-001	
2.14083e-001	6.94097e-001	
1.88733e-001	7.23401e-001	
5.54309e-001	3.57467e-001	
6.26193e-001	3.38609e-001	
1.35275e-001	9.75108e-001	
8.81335e-001	2.57990e-002	
4.16633e-001	6.68057e-001	
9.27807e-001	7.25172e-003	
7.71093e-001	3.24078e-001	
5.18619e-001	3.95696e-001	
8.24965e-001	2.82476e-001	
6.17434e-001	3.40015e-001	
9.49732e-002	9.95348e-001	
2.44433e-001	6.88472e-001	
8.55554e-001	6.92175e-002	
2.87609e-001	6.74141e-001	
9.46614e-001	3.58705e-003	
5.38589e-001	3.68077e-001	
1.26251e-001	9.89354e-001	
5.04248e-001	5.17206e-001	
5.29180e-001	3.79724e-001	
1.64388e-001	9.12999e-001	
8.05748e-001	3.05896e-001	
8.52315e-001	7.67564e-002	
4.72512e-001	6.34316e-001	
6.65781e-001	3.35881e-001	
5.11117e-001	4.18026e-001	
8.39260e-001	1.29741e-001	
4.50120e-001	6.51582e-001	
4.64024e-001	6.42189e-001	
5.58372e-001	3.53761e-001	
8.71254e-001	4.23120e-002	
2.70882e-001	6.77404e-001	
7.40310e-001	3.30631e-001	
5.00988e-001	5.44498e-001	
1.96159e-002	1.00291e+000	
8.20346e-001	2.86024e-001	
7.61729e-001	3.26555e-001	
1.61753e-001	9.23738e-001	
2.01864e-007	1.02412e+000	
5.24286e-001	3.84328e-001	
1.50965e-001	9.47029e-001	
8.94094e-001	1.96349e-002	
7.92056e-001	3.13130e-001	
1.80337e-001	7.45713e-001	
4.96147e-001	5.83345e-001	
1.74989e-001	7.58253e-001	
2.84952e-003	1.00545e+000	
5.48187e-001	3.60412e-001	
9.36910e-001	4.61722e-003	
4.58043e-001	6.43989e-001	
5.17358e-001	3.98576e-001	
8.43104e-001	1.09682e-001	
5.31954e-001	3.74613e-001	
8.08214e-001	2.99324e-001	
9.08704e-001	1.19067e-002	
1.68991e-001	8.08774e-001	
1.83940e-001	7.39951e-001	
9.68131e-001	2.50470e-003	
7.95873e-001	3.10406e-001	
1.67475e-001	8.55912e-001	
1.73577e-001	7.66265e-001	
8.50451e-001	1.02330e-001	
8.40807e-001	1.18552e-001	
5.92877e-001	3.43032e-001	
5.42994e-001	3.64748e-001	
1.85450e-001	7.32140e-001	
9.18858e-001	9.09916e-003	
1.60162e-001	9.29886e-001	
2.52093e-001	6.79843e-001	
4.51649e-001	6.59621e-001	
7.63917e-001	3.28798e-001	
8.20249e-001	2.90010e-001	
7.50688e-001	3.31065e-001	
7.03958e-001	3.35788e-001	
4.89225e-001	6.09769e-001	
4.97119e-001	5.86690e-001	
1.58502e-001	9.46966e-001	
5.26593e-001	3.86019e-001	
5.24738e-001	3.88686e-001	
8.03627e-001	3.11448e-001	
9.70236e-001	1.53927e-003	
1.66631e-001	8.87244e-001	
2.55142e-001	6.80509e-001	
8.44238e-001	1.15991e-001	
5.17295e-001	4.16876e-001	
9.96641e-001	3.35261e-004	
5.94065e-001	3.43719e-001	
8.48529e-001	1.10388e-001	
