1.60823e+000	4.07012e-002	
1.47499e+000	1.14676e-001	
1.64410e+000	3.20272e-002	
1.68676e+000	5.30202e-006	
1.17367e+000	2.78162e-001	
1.22251e+000	2.64959e-001	
2.13699e-001	7.72223e-001	
4.90075e-001	5.99252e-001	
8.20949e-001	4.41101e-001	
1.07333e+000	3.24616e-001	
1.57806e+000	5.68419e-002	
3.66290e-001	6.66593e-001	
1.71576e-001	8.07945e-001	
3.47029e-001	6.78417e-001	
3.91300e-001	6.52794e-001	
2.27417e-001	7.60977e-001	
1.02073e-002	9.87620e-001	
1.37783e+000	2.02868e-001	
1.23978e+000	2.49345e-001	
6.83489e-001	5.08971e-001	
6.61712e-001	5.18538e-001	
1.10285e+000	3.19111e-001	
3.05931e-001	7.04608e-001	
6.34790e-002	9.20123e-001	
1.15540e-001	8.62356e-001	
3.55531e-001	6.73218e-001	
5.54653e-001	5.68056e-001	
3.37883e-001	6.84000e-001	
1.35513e+000	2.11478e-001	
5.22271e-002	9.33818e-001	
2.00767e-001	7.82682e-001	
1.52936e-001	8.25168e-001	
2.40916e-001	7.50959e-001	
2.71945e-001	7.29285e-001	
7.88761e-001	4.56701e-001	
2.80957e-001	7.21946e-001	
7.02373e-001	5.00726e-001	
9.45961e-001	3.84024e-001	
5.87096e-001	5.51775e-001	
5.26626e-001	5.80668e-001	
5.68225e-001	5.60788e-001	
2.92542e-001	7.12962e-001	
1.00047e+000	3.56489e-001	
3.19326e-002	9.59288e-001	
1.01986e+000	3.48120e-001	
6.18734e-001	5.38789e-001	
7.98714e-001	4.53207e-001	
2.55796e-001	7.39852e-001	
1.24884e+000	2.41499e-001	
3.23282e-001	6.93293e-001	
1.89228e-001	7.92810e-001	
1.62765e-001	8.16452e-001	
1.79285e-001	8.00376e-001	
7.33234e-002	9.08733e-001	
8.16537e-002	8.99613e-001	
6.45848e-001	5.25038e-001	
4.19953e-002	9.46846e-001	
5.43599e-001	5.72456e-001	
6.05870e-001	5.43694e-001	
4.15186e-001	6.38441e-001	
8.47196e-001	4.29088e-001	
1.55939e+000	6.67072e-002	
1.19468e+000	2.67507e-001	
7.20641e-001	4.89469e-001	
9.61701e-002	8.83837e-001	
1.18522e+000	2.76428e-001	
1.15412e-003	9.99934e-001	
1.53240e+000	8.10225e-002	
1.15300e+000	2.94758e-001	
4.03150e-001	6.45304e-001	
4.76003e-001	6.06384e-001	
8.91065e-001	4.09687e-001	
7.69639e-001	4.66021e-001	
1.38673e+000	1.61022e-001	
3.14512e-001	6.99036e-001	
1.04537e-001	8.73888e-001	
1.04687e+000	3.40009e-001	
1.24465e-001	8.53088e-001	
4.49912e-001	6.19071e-001	
6.73300e-001	5.11778e-001	
8.73093e-001	4.18179e-001	
3.79964e-001	6.58299e-001	
7.12483e-001	4.97099e-001	
1.39724e-001	8.38509e-001	
9.88992e-001	3.67003e-001	
9.11119e-001	4.00851e-001	
6.32213e-001	5.31619e-001	
2.21425e-002	9.71401e-001	
1.54551e+000	7.40274e-002	
5.09493e-001	5.88889e-001	
1.28035e+000	2.28426e-001	
8.58803e-001	4.26477e-001	
1.65982e+000	1.26463e-002	
1.94865e-002	9.84443e-001	
4.32373e-001	6.29121e-001	
7.56304e-001	4.78267e-001	
1.12852e+000	2.96421e-001	
4.62896e-001	6.12948e-001	
1.15847e+000	2.87641e-001	
7.31748e-001	4.83557e-001	
