5.80383e-004	1.00522e+000	
7.90256e-001	3.16138e-001	
2.64903e-001	6.76350e-001	
1.70595e-001	7.85593e-001	
5.94226e-001	3.41859e-001	
2.80499e-002	1.00381e+000	
5.17797e-001	4.03585e-001	
1.76010e-001	7.56589e-001	
2.10343e-001	6.99205e-001	
9.36065e-001	5.58685e-003	
3.53499e-001	6.70891e-001	
2.76531e-001	6.75259e-001	
9.55701e-001	2.97584e-003	
2.57318e-001	6.78771e-001	
9.14153e-001	1.01788e-002	
6.17400e-001	3.39386e-001	
5.20277e-001	3.93017e-001	
9.66994e-001	1.85905e-003	
5.66542e-001	3.50922e-001	
5.07482e-001	4.46711e-001	
7.26995e-001	3.34334e-001	
7.98639e-001	3.09828e-001	
2.41552e-001	6.83170e-001	
2.18269e-001	6.92472e-001	
8.59022e-001	5.36230e-002	
2.50351e-001	6.80093e-001	
6.35354e-001	3.37178e-001	
5.12862e-001	4.13094e-001	
7.77321e-001	3.21362e-001	
5.09438e-001	4.26323e-001	
1.81825e-001	7.35040e-001	
9.43572e-001	4.28304e-003	
8.23092e-001	2.76246e-001	
8.13000e-001	2.91946e-001	
5.33741e-001	3.74148e-001	
9.82929e-001	8.52534e-004	
8.32817e-002	1.00157e+000	
8.18588e-001	2.83355e-001	
8.45555e-001	8.67302e-002	
7.47792e-001	3.29456e-001	
5.73285e-001	3.47851e-001	
1.09952e-001	9.89244e-001	
8.38216e-001	2.02282e-001	
8.93595e-001	1.79560e-002	
8.06360e-001	3.00513e-001	
2.96085e-001	6.72230e-001	
4.90725e-001	6.04775e-001	
1.97061e-001	7.12054e-001	
8.63120e-001	4.81293e-002	
8.76291e-001	2.95068e-002	
5.46873e-001	3.60666e-001	
4.84443e-001	6.14365e-001	
5.57611e-001	3.55548e-001	
1.56595e-001	9.35912e-001	
1.58566e-001	9.28892e-001	
2.01890e-001	7.03971e-001	
4.80124e-001	6.26810e-001	
5.02508e-001	5.23860e-001	
8.31063e-001	2.47488e-001	
8.27965e-001	2.59546e-001	
8.36664e-001	2.37224e-001	
5.80508e-001	3.45869e-001	
1.88267e-001	7.20948e-001	
9.26600e-001	6.62626e-003	
4.40050e-001	6.55929e-001	
1.22125e-001	9.83239e-001	
4.97013e-001	5.79373e-001	
5.36366e-001	3.67989e-001	
4.31008e-001	6.58500e-001	
1.66893e-001	8.71234e-001	
8.68525e-001	3.53117e-002	
4.73037e-001	6.33533e-001	
8.42415e-001	1.30062e-001	
8.53864e-001	5.72691e-002	
7.55208e-001	3.27345e-001	
5.04791e-001	4.58606e-001	
5.25404e-001	3.83543e-001	
1.50219e-001	9.48940e-001	
1.36577e-001	9.69257e-001	
8.52004e-001	7.38743e-002	
5.06159e-001	4.52887e-001	
9.67940e-002	9.94199e-001	
4.52880e-001	6.49993e-001	
1.64543e-001	8.96406e-001	
1.30584e-001	9.77597e-001	
7.07180e-001	3.35952e-001	
4.64230e-001	6.40848e-001	
5.29404e-001	3.78292e-001	
1.65637e-001	8.85511e-001	
4.09958e-001	6.65684e-001	
8.99792e-001	1.49494e-002	
1.69197e-001	8.01501e-001	
4.94453e-001	5.91821e-001	
1.71858e-001	7.70668e-001	
8.01121e-001	3.04175e-001	
8.83755e-001	2.39845e-002	
5.01275e-001	5.44691e-001	
1.44460e-001	9.59214e-001	
3.59320e-001	6.69150e-001	
2.22647e-001	6.87591e-001	
