1.59787e-001	9.27192e-001	
8.99171e-001	1.61532e-002	
8.96837e-001	1.72668e-002	
5.50317e-001	3.60821e-001	
5.10173e-001	4.53953e-001	
5.55511e-001	3.57446e-001	
2.03335e-003	1.01835e+000	
2.54993e-001	6.79432e-001	
5.53329e-001	3.59236e-001	
4.41764e-004	1.02057e+000	
1.68146e-001	8.42672e-001	
7.89795e-001	3.16824e-001	
1.62608e-001	9.24329e-001	
2.93667e-002	1.00657e+000	
2.08387e-001	6.99611e-001	
1.94914e-001	7.12736e-001	
8.85460e-001	2.21673e-002	
5.06023e-001	4.67363e-001	
5.25710e-001	3.85958e-001	
5.68928e-001	3.51727e-001	
8.82889e-001	2.38565e-002	
8.50195e-001	7.59445e-002	
9.10190e-001	1.13353e-002	
8.43948e-001	9.25934e-002	
8.45343e-001	8.77091e-002	
5.03012e-001	5.58427e-001	
7.90948e-001	3.15627e-001	
5.32300e-001	3.77450e-001	
7.94532e-002	9.99131e-001	
1.73003e-001	7.69505e-001	
8.52143e-001	6.29019e-002	
2.13056e-001	6.94751e-001	
1.79238e-001	7.47717e-001	
9.49556e-001	3.43234e-003	
4.76154e-001	6.28170e-001	
1.27533e-001	9.78839e-001	
1.66737e-001	8.66762e-001	
4.96143e-001	5.82952e-001	
5.13309e-001	4.18525e-001	
2.28690e-001	6.90528e-001	
8.15574e-001	2.85275e-001	
8.37518e-001	1.36221e-001	
1.55554e-001	9.35332e-001	
5.16453e-001	3.99399e-001	
5.57414e-001	3.54790e-001	
2.32832e-001	6.83034e-001	
1.30109e-002	1.00817e+000	
9.63022e-001	2.26058e-003	
1.82540e-001	7.32396e-001	
5.70688e-001	3.46736e-001	
7.37710e-001	3.30330e-001	
2.02788e-001	7.04264e-001	
6.62721e-001	3.36882e-001	
6.19835e-002	1.00393e+000	
4.99355e-001	5.73975e-001	
5.21555e-001	3.89116e-001	
7.54755e-001	3.26620e-001	
1.86415e-001	7.25948e-001	
8.88228e-001	2.10657e-002	
5.42145e-001	3.64622e-001	
8.31770e-001	2.44852e-001	
1.80715e-001	7.38277e-001	
8.23601e-001	2.65735e-001	
5.36424e-001	3.68595e-001	
1.51402e-001	9.47144e-001	
1.74277e-001	7.62799e-001	
8.38772e-001	1.20033e-001	
1.88089e-001	7.20562e-001	
9.24145e-001	7.77701e-003	
1.52531e-001	9.40585e-001	
2.68388e-001	6.77268e-001	
9.01811e-001	1.45726e-002	
8.22589e-001	2.72298e-001	
2.70307e-001	6.76129e-001	
5.29874e-001	3.78862e-001	
9.16703e-001	8.96959e-003	
8.70329e-002	9.96724e-001	
3.20649e-001	6.70444e-001	
8.68687e-001	4.04131e-002	
2.97457e-001	6.73682e-001	
9.32272e-001	6.42185e-003	
5.28703e-001	3.80078e-001	
5.43599e-001	3.64633e-001	
6.91888e-001	3.36242e-001	
2.03304e-001	7.06054e-001	
5.77430e-001	3.49551e-001	
8.31722e-001	2.47963e-001	
7.58535e-001	3.25715e-001	
2.04908e-001	7.03302e-001	
7.47730e-001	3.34514e-001	
5.23386e-001	3.90848e-001	
8.43322e-001	1.05233e-001	
9.04002e-001	1.36802e-002	
5.38986e-001	3.68242e-001	
1.90356e-001	7.20047e-001	
8.28894e-001	2.65503e-001	
4.43086e-004	1.02363e+000	
8.94980e-001	2.04670e-002	
5.11691e-001	4.55304e-001	
8.57404e-001	6.26676e-002	
