0.997318       0.201245
0.993594       0.209524
0.996619       0.21683
0.997318       0.198694
0.997318       0.200471
0.997318       0.196641
0.982648       0.213377
0.993594       0.201953
0.993594       0.20626
0.993594       0.203397
0.975426       0.217078
0.969067       0.224126
0.957708       0.241881
0.954251       0.245177
0.948264       0.255899
0.924318       0.290221
0.917769       0.299091
0.9194       0.308053
0.905126       0.342732
0.878973       0.361264
0.876695       0.372619
0.871168       0.384788
0.861547       0.398202
0.837175       0.429566
0.827949       0.444026
0.819524       0.451321
0.804715       0.469143
0.795279       0.502552
0.779444       0.508622
0.774726       0.53155
0.763108       0.542049
0.757426       0.559165
0.751744       0.574348
0.741215       0.582072
0.741215       0.586778
0.722008       0.625517
0.703667       0.643438
0.678323       0.642199
0.676661       0.650248
0.656855       0.668243
0.653025       0.686147
0.630156       0.703163
0.632874       0.722749
0.600167       0.73359
0.584903       0.7648
0.579144       0.776563
0.568726       0.805775
0.538649       0.811327
0.529374       0.840932
0.513143       0.838588
0.471915       0.865135
0.435887       0.895022
0.450314       0.880947
0.438241       0.904623
0.414457       0.908982
0.396745       0.91997
0.374844       0.938274
0.361412       0.945556
0.350697       0.954739
0.335365       0.964023
0.312962       0.97807
0.294299       0.996283
0.275068       1.01247
0.256371       1.01416
0.246833       1.02646
0.217974       1.04089
0.180648       1.05369
0.158179       1.06243
0.135693       1.07395
0.147475       1.06586
0.114301       1.07767
0.110459       1.08426
0.0898375       1.0859
0.0534461       1.08266
0.0532343       1.10106
0.00298528       1.10706
0.00294422       1.11499
0.000377871       1.18235
