2.56517       0.00279803
2.07266       0.00547615
2.26386       0.00598134
2.10861       0.00416447
1.56586       0.120922
1.56579       0.120917
1.63784       0.126481
1.48424       0.125819
1.48187       0.125618
1.63951       0.194695
1.47958       0.125424
1.2522       0.273127
1.25516       0.274511
1.29291       0.283526
1.25622       0.274004
1.19243       0.351784
1.1307       0.352448
0.997702       0.360725
1.11672       0.36595
1.01217       0.365955
0.99723       0.360554
0.947891       0.436593
0.965992       0.393155
0.902263       0.461252
0.924223       0.450729
0.851002       0.485419
0.818455       0.489765
0.785678       0.493881
0.765637       0.496458
0.708268       0.501184
0.707108       0.499714
0.623975       0.501443
0.645609       0.502615
0.606362       0.503124
0.581176       0.505136
0.557707       0.507925
0.536102       0.510261
0.521987       0.513091
0.506496       0.516756
0.489226       0.518156
0.470208       0.527051
0.456656       0.531639
0.43911       0.540939
0.426142       0.545334
0.422095       0.55442
0.402939       0.566771
0.393281       0.580764
0.383769       0.587784
0.376249       0.592426
0.364772       0.61142
0.359871       0.631869
0.35442       0.644209
0.346259       0.659678
0.344674       0.680136
0.338466       0.704272
0.335324       0.753717
0.332674       0.831347
0.324296       0.874887
0.316269       0.903942
0.309506       0.918165
0.300373       0.942455
0.284667       0.953112
0.273621       0.957673
0.262481       0.970318
0.244156       0.975802
0.229837       0.976016
0.208563       0.982083
0.201298       0.984393
0.187873       0.989278
0.175575       0.991705
0.161361       0.993156
0.147646       0.994416
0.135464       0.995541
0.116774       0.997664
0.105954       0.999205
0.0893479       0.999714
0.0828622       1.00065
0.0642736       1.0025
0.050826       1.00241
0.0113842       1.0024
0.0200663       1.0033
0.0200894       1.00446
0.00446074       1.00782
1.20573e-005       1.03131
