8.27873       0.000717948
7.99861       0.0567324
7.97779       0.136594
7.96872       0.243595
7.95316       0.262304
7.9103       0.378258
7.89779       0.471025
7.88379       0.569699
7.84188       0.611274
7.81541       0.728654
7.80291       0.941267
7.83296       0.714898
7.81951       0.698361
7.76056       0.973591
7.81699       0.698136
7.79149       1.09339
7.87487       0.896298
7.82123       0.958226
7.81038       0.97984
7.0717       2.41421
7.75385       1.06527
7.03711       2.41657
7.00401       2.47905
6.74601       2.9002
6.62901       3.19682
6.83313       3.33895
6.68039       3.26432
6.64419       3.20414
6.45639       3.74725
6.50179       3.39045
6.17912       3.69743
6.5431       3.32496
4.93317       4.95432
4.98865       4.99988
4.93327       5.01444
4.93791       4.95907
4.92945       4.95057
4.91565       5.05302
4.84909       5.10661
4.8403       5.15709
4.51137       5.36144
4.35497       5.55517
4.31276       5.61555
4.20941       5.65347
3.84692       5.92729
4.19729       5.63806
3.67786       6.07799
3.85103       6.22231
2.22458       6.91203
2.24592       6.93621
0.00270699       6.9487
0.00354106       6.98628
2.22696       6.91879
2.24595       6.93628
2.22691       6.91866
0.00352262       6.94992
0.0039887       6.96285
0.000821492       6.95345
0.0130627       6.99536
0.013518       6.97222
0.00539134       6.9694
0.00021612       6.96522
0.0054107       6.96577
0.00193481       6.97538
0.00429039       6.97505
0.00841165       6.97585
0.00136785       7.01779
0.00601979       6.96092
0.000598352       7.00311
0.00660556       6.9963
0.0025538       6.99315
0.00389739       7.00966
0.00061279       7.1721
