20.1596       0.000579158
11.3675       0.0800567
8.67886       0.089302
9.05505       0.249616
7.18221       0.47705
8.45455       0.533761
6.11766       0.61054
6.3291       0.556137
6.12553       0.704734
6.437       0.637838
8.1164       0.990542
6.2326       1.29732
6.11219       1.21069
3.70676       1.40649
3.51237       1.44191
3.1012       1.61848
3.51363       1.50594
4.05111       1.53715
4.24245       1.59436
3.89926       1.4671
3.94027       1.60004
3.34672       1.59712
3.33749       1.49069
3.13292       1.55364
3.34278       1.63847
3.28682       1.47607
2.24812       1.90385
2.72312       1.92321
2.79431       1.98517
2.35508       1.63508
3.0273       1.56027
2.66539       1.85691
2.17205       1.508
1.48151       1.87605
1.93127       2.21258
1.63972       2.03808
1.68365       2.06303
1.76665       2.15517
1.60908       2.02818
1.61268       2.06629
1.54628       1.95975
1.82786       2.25572
1.8315       2.45539
1.71536       2.13211
1.58248       1.9529
1.6043       2.03513
1.65       1.92133
1.38644       2.84801
1.46269       2.6067
1.35477       3.17971
1.50525       3.37819
1.47692       3.46639
1.57517       2.2119
1.27779       2.93106
1.45183       4.91458
1.28425       4.79343
1.5407       3.37777
1.35928       2.60889
1.34044       5.88343
1.2936       7.36392
1.08281       7.91202
0.983534       7.06433
1.27229       9.16404
0.89598       8.40547
1.22133       8.77171
0.00018632       14.2898
0.000111215       12.3871
0.00138657       14.5018
1.86942e-006       16.6386
