1.72804       0.825382       0.448759
1.72993       0.826284       0.449249
1.73944       0.830823       0.451717
1.72776       0.825247       0.448685
1.76595       0.811384       0.514417
1.72985       0.71418       0.612649
1.73582       0.572267       0.75163
1.72935       0.495098       0.801146
1.73136       0.451267       0.828115
1.75149       0.45724       0.836144
1.74405       0.455767       0.832201
1.75067       0.456494       0.836641
1.75602       0.45799       0.839301
1.73346       0.827971       0.450166
1.7343       0.828369       0.450383
1.73203       0.827284       0.449793
1.74519       0.792925       0.521065
1.75516       0.684782       0.665683
1.75096       0.545206       0.781906
1.74253       0.455891       0.831388
1.74532       0.455599       0.833445
1.75855       0.458578       0.840154
1.74966       0.457426       0.835507
1.73473       0.828576       0.450495
1.73595       0.82916       0.450813
1.70406       0.851824       0.463135
1.73817       0.453384       0.831032
1.68074       0.897648       0.488854
1.62566       0.984485       0.535704
1.55338       1.06096       0.576844
1.45195       1.16705       0.634494
1.48842       1.08776       0.645384
1.5066       0.86861       0.937389
1.50488       0.670288       1.12553
1.46064       0.629352       1.15754
1.58052       0.568844       1.03801
1.64214       0.519313       0.954753
1.66832       0.512712       0.940252
1.34744       1.27808       0.694854
1.2545       1.33396       0.727085
1.12882       1.41145       0.767492
1.22006       1.25875       0.941426
1.2078       0.975864       1.20565
1.1295       0.769718       1.41577
1.27128       0.716824       1.31848
1.37693       0.700892       1.28386
1.18194       1.38505       0.753243
1.07703       1.43904       0.782386
0.956199       1.49828       0.814623
0.931912       1.50588       0.818835
0.931912       1.22196       1.20207
0.931912       0.893183       1.46301
0.938007       0.817312       1.50297
1.08967       0.785589       1.44497
1.19035       0.762184       1.39616
0.952466       1.50063       0.8159
0.931912       1.33904       1.07011
0.931912       1.22072       1.20333
0.931912       1.33018       1.08111
0.931912       0.890905       1.46439
0.931912       0.858112       1.48385
0.931912       1.488       0.8509
0.931912       1.41149       0.972553
0.931912       1.2926       1.12576
0.931912       1.26946       1.1518
0.931912       1.22486       1.19911
0.931912       1.16701       1.25549
0.931912       1.08403       1.3278
0.931912       1.3271       1.08488
0.931912       1.1915       1.23227
0.931912       1.35143       1.05442
0.931912       1.14686       1.27392
0.931912       1.20519       1.21889
0.931912       1.08165       1.32974
0.931912       1.13334       1.28597
0.931912       1.08403       1.3278
0.931912       0.996636       1.39459
0.931912       1.08178       1.32963
0.931912       1.08403       1.3278
