2.35842       6.60016e-006
2.11316       0.0205519
1.61775       0.00658484
1.41538       0.0643079
1.57382       0.0563316
1.51764       0.0878711
1.17374       0.109815
1.15814       0.104806
1.10714       0.116681
1.09139       0.105232
1.13998       0.133881
0.591931       0.175564
0.64106       0.189136
0.593694       0.180671
0.673495       0.184139
0.539909       0.178753
0.622323       0.183531
0.537322       0.186945
0.5187       0.188504
0.461742       0.196215
0.47636       0.198741
0.448065       0.199518
0.449728       0.206254
0.436679       0.206469
0.420386       0.212702
0.409539       0.219398
0.404881       0.230942
0.394655       0.235259
0.3935       0.235812
0.385769       0.246191
0.378214       0.256525
0.372871       0.263981
0.367541       0.27805
0.355583       0.302915
0.358075       0.305037
0.351358       0.331315
0.35521       0.340562
0.351206       0.358334
0.34884       0.340646
0.345102       0.397462
0.344084       0.39629
0.344718       0.408659
0.343311       0.417474
0.341131       0.512816
0.343613       0.504272
0.341598       0.557817
0.342317       0.558073
0.33616       0.668349
0.33627       0.6819
0.335469       0.726793
0.324786       0.748723
0.31747       0.781466
0.314297       0.817493
0.301228       0.848914
0.288698       0.874055
0.26883       0.921946
0.255937       0.923045
0.239272       0.938819
0.240358       0.943082
0.223436       0.954914
0.205935       0.966298
0.199081       0.973644
0.171986       0.987236
0.134453       1.0016
0.118778       1.01308
0.0402308       1.01333
0.0994513       1.00231
0.0861364       1.02548
0.0645294       1.02722
0.0292039       1.03228
1.20524e-005       1.03089
0.00205026       1.03849
