1.01091       0.00659987
1.00032       0.00868528
1       0.0158904
1       0.0151208
1       0.0150045
1       0.0163869
1       0.0158904
1       0.016646
1       0.0161167
1       0.0170492
1       0.0162556
1       0.0169282
1       0.0153363
1       0.0158864
1       0.0160269
1       0.016646
1       0.0160059
1       0.0158864
1       0.0148454
1       0.0164293
1       0.0157915
1       0.0162556
1       0.0160059
1       0.0155279
1       0.0157915
1       0.0167386
0.965659       0.687534
0.960901       0.693479
0.922763       0.72504
0.898578       0.735839
0.854151       0.747565
0.824038       0.752152
0.775484       0.756663
0.764939       0.757083
0.731918       0.758432
0.704107       0.759852
0.679281       0.760407
0.630664       0.760569
0.575131       0.762298
0.559115       0.763114
0.53707       0.764737
0.510394       0.767272
0.48851       0.770319
0.480958       0.772123
0.461943       0.774946
0.446367       0.779018
0.420057       0.78686
0.410667       0.790487
0.390954       0.800125
0.376102       0.810001
0.371313       0.815732
0.359618       0.826722
0.354952       0.839029
0.341671       0.868153
0.334473       0.895344
0.330568       0.927999
0.320109       0.956931
0.308857       0.964419
0.294101       0.973956
0.276642       0.981604
0.2657       0.985188
0.24784       0.989682
0.231763       0.989864
0.213146       0.992296
0.204649       0.994233
0.189141       0.994638
0.17781       0.995586
0.157406       0.996831
0.147035       0.997206
0.128572       0.998071
0.116483       0.998499
0.106929       0.998672
0.0987762       0.998847
0.083092       0.999111
0.064031       0.999414
0.046043       0.999733
0.0341214       0.999754
0.024082       0.999847
0.0195767       0.999869
0.010122       0.999945
8.1986e-008       1
