1.54153       4.2045e-005
1.06567       0.00304802
0.989672       0.0193364
0.955158       0.0287907
0.897885       0.0357701
0.769545       0.0419494
0.646411       0.0435433
0.589137       0.0449589
0.52299       0.0482788
0.498706       0.0496578
0.48733       0.051507
0.446707       0.0569629
0.419692       0.0643869
0.403707       0.0708701
0.393053       0.0766393
0.386599       0.0812056
0.377815       0.0880953
0.372494       0.0943352
0.367987       0.0998575
0.365295       0.103293
0.360983       0.10936
0.359445       0.114168
0.356303       0.118735
0.353037       0.126117
0.352951       0.126859
0.350173       0.135709
0.346911       0.147576
0.346794       0.163706
0.342389       0.171216
0.341999       0.173118
0.34104       0.179921
0.339189       0.194252
0.340417       0.201286
0.339637       0.215758
0.337545       0.223346
0.337256       0.236474
0.33628       0.25297
0.336148       0.256162
0.336073       0.266579
0.3356       0.285637
0.335034       0.299245
0.334715       0.303497
0.334961       0.303646
0.332809       0.352662
0.334709       0.357585
0.331913       0.390119
0.33112       0.414517
0.331136       0.42729
0.330653       0.443492
0.328935       0.461219
0.328318       0.478156
0.326189       0.524854
0.325153       0.526212
0.32235       0.568748
0.320821       0.57601
0.31734       0.604359
0.316842       0.6181
0.313218       0.637493
0.308227       0.669996
0.306244       0.69387
0.298693       0.719485
0.290563       0.747815
0.2863       0.766518
0.281182       0.782521
0.271765       0.810039
0.266669       0.823533
0.252989       0.853161
0.243048       0.873606
0.237345       0.884428
0.228221       0.899681
0.218212       0.913151
0.206441       0.926494
0.194169       0.938641
0.18117       0.948693
0.16619       0.95718
0.158817       0.96324
0.14575       0.96951
0.130849       0.976163
0.122074       0.979127
0.107245       0.985232
0.094111       0.987298
0.0866356       0.989006
0.0745643       0.991441
0.0617464       0.993494
0.0499926       0.995164
0.0401705       0.996443
0.0278433       0.997548
0.0199003       0.998275
0.00801932       0.999638
2.80511e-006       1
