0.707483       0.707533       1.00473e-017
1       1.4721e-019       2.00763e-018
1       1.70719e-020       2.12405e-019
1       2.76715e-018       3.84328e-017
1       2.01605e-018       7.12345e-018
1       6.99888e-019       3.37134e-017
1       1.01574e-018       7.83334e-019
1       4.77284e-018       2.12405e-019
3.3919e-015       1       5.57132e-021
0.707477       0.707526       1.005e-017
0.891685       0.455043       0.00697707
0.955028       0.299944       0.00697664
0.970362       0.24352       1.98517e-018
0.980773       0.195153       2.12405e-019
0.988495       0.151254       8.19968e-019
0.989451       0.000632874       0.190968
0.977901       0.0651394       0.238099
0.9682       0.0274701       0.284814
0.937035       0.0757791       0.376924
0.725615       0.0429668       0.720953
4.16061e-020       6.367e-017       1.03981
0.409979       0.912233       1.40654e-021
0.834303       0.552819       0.00697534
0.892459       0.451305       9.65034e-019
0.95016       0.312314       1.81572e-018
0.947245       0.00121176       0.379791
0.846628       0.197714       0.521727
0.69085       0.00365539       0.751896
0.415701       0.0727314       0.92791
4.35736e-017       4.61067e-017       1.03604
2.28168e-015       1       4.34571e-021
0.309244       0.951781       2.7976e-021
0.551264       0.834501       8.04857e-023
0.814254       0.588169       3.77305e-017
0.864602       0.516034       0.157109
0.669084       0.285829       0.72164
0.552556       0.034059       0.844659
0.305422       0.0803909       0.957469
5.76528e-020       6.45623e-017       1.05438
1.27178e-014       1       1.24741e-020
0.239295       0.971655       2.64046e-022
0.427775       0.904411       3.15897e-021
0.599051       0.80076       5.74824e-023
0.610014       0.436264       0.712114
0.61322       0.00388774       0.817503
0.41433       0.00560928       0.911093
0.235218       0.028422       0.984441
4.41884e-017       4.67572e-017       1.05065
0.182301       0.983243       8.76172e-021
0.367234       0.932258       7.64732e-023
0.465695       0.818904       0.37165
0.36159       0.657161       0.702271
0.475185       0.330849       0.830056
0.369565       0.285839       0.921188
0.17555       0.141243       0.976251
0.159506       0.987197       4.26666e-021
0.26483       0.904613       0.371857
0.381925       0.765354       0.540619
0.211023       0.591918       0.785469
0.171391       0.369891       0.916975
0.0735122       0.153322       0.989843
1.39044e-017       6.1264e-017       1.02596
0.131355       0.991341       1.46707e-021
0.236012       0.696745       0.717038
0.112583       0.448887       0.897087
0.118316       0.992976       4.60415e-021
0.0169984       0.855551       0.588899
0.00268685       0.489764       0.87327
0.0607949       0.215825       0.977139
9.89197e-018       6.29227e-017       1.04023
0.0994425       0.995043       4.50302e-021
0.173824       0.794653       0.653963
5.19112e-017       3.80198e-017       1.05083
2.23625e-017       5.98733e-017       1.04378
0.0189077       0.857344       0.59016
6.65461e-015       0.989891       0.746895
