8.10231       0.000557778
8.02193       0.0369898
7.99974       0.0649415
7.99274       0.239171
7.91195       0.320711
7.88477       0.415467
7.84254       0.567087
7.84175       0.554928
7.78818       0.778161
7.79544       0.806177
7.74661       0.938827
7.69321       1.04098
7.72767       0.97332
7.7628       1.10021
7.74399       1.05484
7.70275       1.0917
7.74636       0.993313
7.76627       0.941209
7.72739       1.10163
7.13988       2.41293
6.95787       2.50982
6.99215       2.60348
6.9356       2.70775
6.89709       2.86602
6.78994       2.89303
6.64386       3.06956
6.59725       3.02696
6.47602       3.21966
6.42515       3.3611
6.39267       3.41567
6.32502       3.46983
6.26504       3.52805
6.25013       3.552
6.22693       3.63757
6.3809       4.03542
6.27863       3.53571
6.28793       3.85861
5.31719       5.23986
4.63572       5.46415
4.61471       5.44129
4.63468       5.47121
4.64795       5.48688
4.40491       5.53901
4.95419       5.1129
3.82711       5.99688
3.92259       6.11112
1.98139       6.95149
1.68891       7.07573
4.2457       5.81741
1.89093       6.96006
0.0223053       7.05778
0.0297521       7.05912
0.0256513       7.0456
1.6619       7.08015
0.0263904       7.04145
0.020961       7.06032
0.0247311       7.06382
0.0224793       7.06036
0.0236483       7.05525
0.0186229       7.04621
0.00715844       7.08231
0.020335       7.05515
0.0191869       7.04723
0.0396358       7.07011
0.00767699       7.05548
0.0136138       7.04658
0.0344508       7.04942
0.0262173       7.05649
0.0268531       7.07836
0.0292721       7.07629
0.0155464       7.07374
0.0237403       7.08959
0.0102488       7.07607
0.00866603       7.07357
0.00300354       7.10891
0.000235266       7.12323
