1.83106       0.871614       0.482765
1.84894       0.883387       0.481541
1.8453       0.881717       0.480783
1.86558       0.889944       0.487606
1.85681       0.885913       0.485074
1.82071       0.853212       0.508062
1.87195       0.783794       0.650227
1.8024       0.622517       0.766272
1.79513       0.517918       0.832341
1.78725       0.465445       0.856104
1.78777       0.466389       0.857845
1.78506       0.465063       0.855396
1.78256       0.465034       0.855343
1.84795       0.880785       0.485177
1.83155       0.872436       0.481158
1.82258       0.868689       0.478514
1.82212       0.813555       0.597337
1.82963       0.724965       0.688796
1.78788       0.568278       0.794618
1.78947       0.46646       0.857975
1.79438       0.46649       0.85803
1.79242       0.467603       0.860079
1.83186       0.871999       0.482973
1.82639       0.870506       0.479515
1.75202       0.476605       0.872644
1.79739       0.467032       0.859029
1.74672       0.924825       0.52036
1.66803       1.0127       0.556421
1.60235       1.09117       0.601206
1.54341       1.16828       0.635163
1.49714       1.09726       0.744837
1.57408       0.916913       0.850962
1.54682       0.749526       1.04806
1.4879       0.635969       1.16976
1.57789       0.575448       1.05502
1.66534       0.550777       1.01265
1.67441       0.518117       0.951927
1.53068       1.13396       0.620958
1.3652       1.29345       0.705027
1.30786       1.30878       0.711657
1.17522       1.4064       0.764739
1.23281       1.21574       0.961399
1.27559       0.897793       1.29803
1.13298       0.768858       1.41406
1.2762       0.725722       1.33485
1.40672       0.686731       1.25785
1.44724       0.658356       1.20959
1.21793       1.3809       0.750762
1.04591       1.46013       0.79384
0.968825       1.48953       0.810079
0.931912       1.49551       0.837615
0.939959       1.2091       1.20921
0.931912       0.818737       1.50593
0.962212       0.811021       1.49174
1.06821       0.785623       1.44415
1.1736       0.750968       1.37995
0.950208       1.49744       0.814381
0.931912       1.36665       1.03462
0.931912       1.02594       1.37317
0.931912       0.96113       1.41929
0.931912       0.818738       1.50593
0.950775       0.813974       1.49718
0.931912       1.34451       1.06323
0.931912       1.24873       1.17424
0.931912       1.1183       1.29907
0.931912       0.818742       1.50593
0.931912       0.818736       1.50593
0.931912       0.961135       1.41929
0.931912       0.81875       1.50593
0.931912       0.818737       1.50593
0.931912       0.818743       1.50593
0.931912       0.961137       1.41929
0.931912       0.818735       1.50593
0.931912       0.818751       1.50592
0.931912       0.818753       1.50592
0.931912       0.818746       1.50593
0.931912       0.818751       1.50592
0.931912       0.818743       1.50593
