0.958459       0.532479
0.976725       0.490739
0.989818       0.458836
0.993851       0.461416
0.962402       0.519988
0.964815       0.521679
0.988649       0.49702
0.971642       0.549458
0.998935       0.475076
0.983823       0.497231
0.988094       0.513942
0.993851       0.497043
0.999937       0.391271
0.978591       0.466944
0.985354       0.473397
0.997157       0.473666
0.997157       0.43996
0.97928       0.451736
0.97928       0.443189
0.992268       0.467963
0.987136       0.50208
0.975209       0.546467
0.946545       0.583336
0.903478       0.558746
0.8982       0.593897
0.882863       0.619181
0.871739       0.628331
0.848602       0.660052
0.863324       0.658597
0.79681       0.726699
0.820013       0.719953
0.719809       0.735028
0.676783       0.769728
0.715033       0.781337
0.740115       0.817543
0.630929       0.830192
0.434284       0.897186
0.593144       0.921081
0.556058       0.905287
0.468889       0.867697
0.542189       0.81721
0.503295       0.937265
0.325439       0.977397
0.436273       0.936508
0.394141       0.991818
0.330617       0.984203
0.360514       0.969262
0.339718       1.05141
0.372715       1.07902
0.286934       1.05598
0.298288       1.09933
0.308161       1.19165
0.263544       1.12872
0.145932       1.18467
0.21207       1.19259
0.125243       1.23988
0.185531       1.23576
0.142262       1.25532
0.134084       1.32516
0.102488       1.33339
0.0942106       1.35257
0.0586533       1.40372
0.0510854       1.47008
0.0423836       1.51626
0.0192317       1.53341
0.000905064       1.56937
2.33643e-006       1.91925
