1.34938       1.34938       0.00205768
1.00216       0.979917       0.0786104
1.00835       0.955731       0.155991
1.0028       0.797121       0.206496
1.0064       0.763708       0.325211
1.00573       0.758903       0.349348
1.00708       0.514469       0.504495
1.00554       0.484026       0.546988
1.01071       0.464766       0.661423
1.04982       0.214923       0.837208
1.01073       0.176198       0.977863
1.02804       0.0236315       1.0131
1.01189       2.45534e-006       2.08385
0.981352       1.00274       0.0747778
0.992586       0.986558       0.0509614
1.00689       0.781046       0.248864
1.00707       0.495613       0.51591
1.00563       0.500053       0.515089
1.01184       0.207153       0.810366
1.01206       0.187971       0.944996
0.000401305       2.57286e-005       4.87541
0.964804       1.01063       0.124945
0.976119       0.980419       0.0695123
1.00573       0.771725       0.282366
1.01019       0.453262       0.799053
1.05024       0.215009       0.837544
1.00296       0.197958       0.871201
0.813477       0.00876748       1.62441
1.96236e-008       9.27243e-008       4.48865
0.810163       1.0099       0.212532
0.788262       1.00567       0.268171
0.777527       1.0092       0.290317
0.952305       0.97468       0.219334
0.975969       0.517438       0.547097
0.814891       0.494369       0.725933
0.934247       0.191027       1.14163
0.456603       0.189421       1.60185
3.76091e-005       7.81401e-007       4.70508
0.762056       1.00896       0.364567
0.754221       1.00886       0.410833
0.840941       0.760411       0.623429
0.812357       0.547006       0.780351
0.516133       0.490522       1.05735
0.747149       0.177133       1.40356
0.0250954       0.212628       1.78156
0.749971       1.00925       0.426256
0.505347       1.00819       0.505963
0.51562       0.972874       0.542356
0.485492       0.790919       0.767426
0.512514       0.487082       1.04994
0.512877       1.018       0.507131
0.50297       1.0086       0.510834
0.482552       1.01096       0.571652
0.459903       0.993415       0.718993
0.462215       0.774317       0.960855
0.220157       0.478931       1.48911
0.216353       0.24189       1.70549
0.486458       1.01017       0.557238
0.466054       1.01095       0.658663
0.453195       1.00945       0.744931
0.185361       1.0027       0.939406
0.464488       1.00791       0.717584
0.220383       1.0118       0.812065
0.208198       1.00944       0.808492
0.224296       0.784356       1.06328
0.177412       0.220878       1.78159
0.186819       1.00529       0.93458
0.0259926       0.503687       1.49053
0.215502       1.01118       0.810434
0.0339498       0.514467       1.54806
0.0290907       1.00983       1.00734
3.37131e-005       1.00833       2.0734
