1       3.26171e-046
0.637749       0.0156208
0.526024       0.0164233
0.489285       0.0177719
0.459373       0.0223407
0.45239       0.026749
0.451011       0.0266675
0.447474       0.0392099
0.442504       0.0442337
0.435203       0.0546353
0.429968       0.0557977
0.432362       0.061332
0.421305       0.0766366
0.421221       0.0783098
0.420457       0.0833277
0.414235       0.0900005
0.412639       0.0981312
0.40803       0.106785
0.402941       0.112869
0.400105       0.118477
0.399763       0.124507
0.396745       0.127756
0.396581       0.134908
0.391903       0.153081
0.389344       0.157838
0.384938       0.168273
0.381982       0.182326
0.37938       0.192521
0.378971       0.203319
0.378717       0.216101
0.375885       0.218157
0.369613       0.233932
0.369764       0.246663
0.369225       0.254227
0.365369       0.256709
0.364746       0.271972
0.363245       0.290996
0.360226       0.29631
0.359714       0.301517
0.35819       0.305919
0.355252       0.33689
0.354648       0.356053
0.353806       0.369112
0.350304       0.389854
0.344952       0.393851
0.347244       0.402088
0.3416       0.441442
0.340726       0.446066
0.338913       0.469938
0.33083       0.490112
0.327589       0.522015
0.320903       0.552429
0.317936       0.57357
0.31383       0.594305
0.308325       0.617096
0.30414       0.636409
0.298817       0.660376
0.295443       0.675888
0.290368       0.695716
0.28522       0.71573
0.282006       0.72937
0.270767       0.762823
0.266198       0.778728
0.25453       0.808411
0.245753       0.830933
0.240404       0.843681
0.229512       0.861534
0.222429       0.875956
0.21239       0.891941
0.198615       0.90938
0.189946       0.91933
0.178794       0.931824
0.166385       0.944802
0.155946       0.951113
0.142623       0.960703
0.129802       0.968421
0.120296       0.972581
0.10549       0.979114
0.0955026       0.98236
0.0832552       0.986123
0.0750329       0.988237
0.0589286       0.991762
0.0402075       0.995022
0.0288739       0.996546
0.0195723       0.997737
0.00846538       0.999026
2.51557e-006       1
