0.306417       0.312617       1.28985e-011
1.00208       3.42625e-012       6.53634e-007
1.00214       3.42647e-012       6.53676e-007
1.00201       3.42602e-012       6.53589e-007
0.99279       1.35867e-006       0.000384997
0.980625       1.72549e-006       0.000971961
0.301585       1.26889e-015       0.314957
0.000179619       0.988816       9.94394e-005
0.404268       0.243976       0.000172322
0.520527       0.140812       0.0539914
0.47799       0.0936682       0.0593177
0.471704       0.0807755       0.0604618
0.442169       0.0651613       0.0680687
0.427482       0.0607418       0.0742155
0.400714       0.0505622       0.10429
0.425646       0.0423707       0.101263
3.90612e-037       3.19221e-033       1
0.000191929       0.988777       0.000103701
0.12741       0.429763       0.0460088
0.272253       0.188236       0.0613045
0.281757       0.172032       0.0640746
0.279492       0.131868       0.0837173
0.293855       0.105702       0.0936856
0.294952       0.0998056       0.100963
0.312576       0.0935289       0.106759
0.334022       0.0778568       0.0919302
0.21078       7.3193e-005       0.436198
3.90612e-037       2.80473e-032       1
0.127523       0.424351       0.0470362
0.156535       0.26629       0.0667881
0.187226       0.200499       0.0857394
0.217047       0.167911       0.0914753
0.232634       0.147556       0.0955196
0.261232       0.123757       0.0993516
0.267326       0.119073       0.0937453
0.252883       1.03227e-005       0.378931
0.176637       6.40002e-005       0.508312
5.91004e-039       4.96986e-033       1
0.0823384       0.411856       0.0506909
0.140993       0.274806       0.0710288
0.173549       0.22348       0.0819979
0.19389       0.194648       0.0842001
0.209771       6.11668e-005       0.42963
0.107716       0.00301443       0.549321
7.04378e-039       1.2358e-038       1
0.122518       0.305614       0.0680492
0.15561       0.24619       0.07681
0.175447       0.217076       0.0808007
0.188018       0.000782488       0.460253
3.42083e-037       2.72421e-036       1
0.0711272       0.441905       0.0488827
0.113807       0.328638       0.0646701
0.141362       0.273167       0.0711808
0.000689376       0.177769       0.443826
0.00844379       0.0859413       0.545105
4.74746e-005       0.990865       3.91975e-005
0.0625778       0.467147       0.0470033
0.0985573       0.376783       0.0628574
3.7373e-039       0.304949       0.305192
0.000971347       0.198685       0.427199
3.11992e-037       9.43045e-030       1
0.000112727       0.994379       5.8218e-005
6.06106e-005       0.247785       0.364403
0.00324541       0.122968       0.511653
3.90612e-037       1.80971e-035       1
0.0541643       0.501795       0.0412258
0.0020799       0.159254       0.46226
3.90612e-037       1.09992e-033       1
2.37159e-005       0.994737       1.62325e-005
0.0515458       0.51256       0.0399825
0.000649549       0.194506       0.422427
2.00918e-005       0.997575       8.19468e-006
2.01073e-005       0.997627       1.44792e-005
1.14526e-037       4.44079e-035       1
