26.0927       0.0396429
11.3634       0.0896957
7.5837       0.134809
6.46751       0.159135
5.70941       0.182348
4.72058       0.216242
4.36399       0.241379
4.15523       0.24654
3.96743       0.257477
3.76526       0.269862
3.58219       0.286375
3.45741       0.293036
3.36766       0.300532
3.25899       0.310157
3.14035       0.321136
3.04281       0.328949
2.92315       0.345036
2.90138       0.346457
2.84239       0.352583
2.7652       0.363425
2.72229       0.367955
2.67236       0.374325
2.62281       0.381345
2.60006       0.384624
2.60007       0.384626
2.60006       0.384625
2.60006       0.384623
2.60006       0.384624
2.60005       0.384623
2.60004       0.384621
2.60005       0.384622
2.60005       0.384622
2.60003       0.384619
2.60005       0.384623
2.60004       0.384621
2.60003       0.38462
2.60002       0.384618
2.60005       0.384622
2.60003       0.384619
2.60004       0.384621
2.60007       0.384625
2.60006       0.384624
2.60004       0.384621
2.60003       0.384619
2.60004       0.38462
2.60009       0.384628
2.60008       0.384627
2.60006       0.384625
2.60005       0.384622
2.60003       0.38462
2.60005       0.384622
2.60003       0.384619
2.60007       0.384625
2.60004       0.384622
2.60002       0.384618
2.60004       0.384621
2.60005       0.384623
2.60004       0.384621
2.60004       0.384621
2.60005       0.384622
2.60003       0.38462
2.60004       0.38462
2.60002       0.384618
2.60004       0.38462
2.60003       0.38462
2.60004       0.384621
2.60004       0.384621
2.60003       0.384619
2.60004       0.384621
2.60003       0.38462
2.60005       0.384622
2.60004       0.38462
