0.475394       0.447421       8.45218e-015
1.11607       4.3922e-031       2.43378e-030
1.10951       3.13916e-007       2.896e-006
1.11439       3.80438e-008       4.25342e-007
1.11341       3.15018e-007       2.90616e-006
1.09608       3.50196e-007       2.81003e-006
0.439563       5.0772e-006       0.488865
7.96234e-022       1       3.34103e-029
0.451124       0.467914       7.82248e-015
0.691885       0.256206       0.0113539
0.835775       0.138042       0.0194029
0.759682       0.0779811       0.116869
0.872978       0.111433       0.0157563
0.65764       0.105506       0.209884
0.90493       0.0209693       0.0596656
0.43909       5.07173e-006       0.488339
2.57176e-029       1.53877e-022       1
0.12033       0.74577       0.0686538
0.52162       0.281946       0.111028
0.527181       0.258358       0.11946
0.569023       0.208754       0.14941
0.582745       0.154376       0.168953
0.583399       0.154549       0.169142
0.306318       0.00685821       0.609809
0.288633       0.484091       0.126889
0.390011       0.390154       0.138375
0.395351       0.295015       0.19226
0.44722       0.258304       0.263061
0.492274       0.198819       0.202481
0.38827       0.000568232       0.535699
0.190557       0.0417837       0.682497
5.22771e-028       2.86433e-020       1
0.158959       0.663575       0.0893989
0.253916       0.508972       0.131355
0.319526       0.47136       0.138086
0.154329       0.0666589       0.692115
3.66915e-024       1       2.89095e-032
0.133636       0.690304       0.0912747
0.232346       0.557028       0.123485
0.288633       0.484091       0.126889
1.29108e-022       0.458502       0.458502
0.00659624       0.350769       0.558572
0.0390857       0.207347       0.667046
6.13419e-022       1       2.09233e-026
0.124153       0.717007       0.0939182
0.203962       0.586185       0.110928
0.000985252       0.397994       0.52114
0.0256263       0.248467       0.639943
0.0607846       0.0931627       0.852411
5.14204e-030       2.24221e-025       1
0.0991725       0.786294       0.0560972
0.157619       0.648508       0.104398
0.0668881       0.148086       0.702042
0.0875432       0.786534       0.0604776
0.165147       0.650585       0.0917004
0.00557627       0.355218       0.554112
0.0641568       0.161784       0.686494
0.0846878       0.815483       0.04588
5.73137e-023       0.458502       0.458502
0.0430954       0.206561       0.664583
