31.8176       0.00033119
28.3991       0.0110102
0.984017       0.150246
5.23376       0.333492
3.24691       0.389697
0.625725       0.285594
1.11194       0.297436
0.812945       0.313576
0.549137       0.340057
1.85678       0.368675
0.722512       0.297211
0.994156       0.278313
0.572684       0.285956
0.992276       0.288541
0.269129       0.295308
0.387596       0.326809
0.382093       0.263358
0.633933       0.292298
0.395509       0.242747
0.312542       0.212254
0.427451       0.243929
0.193761       0.191214
0.377783       0.179656
0.163734       0.134533
0.181544       0.137499
0.154339       0.150945
0.153132       0.209842
0.185128       0.242238
0.157315       0.153856
0.403994       0.219625
0.138404       0.169887
0.235944       0.251347
0.265778       0.335198
0.303549       0.296874
0.203885       0.197767
0.223726       0.367034
0.279086       0.275057
0.260086       0.369641
0.20506       0.30227
0.19311       0.190322
0.232827       0.214853
0.2207       0.189255
0.208191       0.16039
0.144304       0.141368
0.182123       0.143951
0.25464       0.308251
0.185489       0.158453
0.211158       0.321575
0.197081       0.238575
0.294666       0.439366
0.197236       0.281683
0.275338       0.649021
0.355892       0.827574
0.242945       0.845661
0.352585       0.575652
0.292685       1.28734
0.28841       0.472603
0.221557       0.339037
0.294673       0.551309
0.169751       0.717412
0.21129       0.298845
0.315547       2.18494
0.224972       2.72934
0.278879       3.35138
0.282164       3.80196
0.0375672       4.22936
0.0964884       4.19619
0.000563234       9.91265
