1.08753       2.0144e-005
1.0115       0.000837051
1.0101       0.0021422
1.00604       0.00111911
1.00739       0.00221323
1.00267       0.00117163
1.00324       0.0011723
1.01032       0.00214267
1.00784       0.00211094
1.00497       0.00121661
1.00297       0.000903229
1.00565       0.00121743
1.00455       0.00071027
1.00727       0.00089706
1.00817       0.00159136
0.99103       0.300328
0.995925       0.302352
0.992305       0.345385
0.986847       0.367102
0.976188       0.381643
0.967967       0.398881
0.953364       0.413824
0.949831       0.418409
0.927804       0.440986
0.915229       0.458741
0.891904       0.465928
0.875264       0.474181
0.84594       0.483941
0.82479       0.488433
0.783034       0.493969
0.75331       0.496767
0.70944       0.498881
0.696076       0.499402
0.67825       0.500282
0.646976       0.500835
0.624227       0.501363
0.602216       0.502514
0.580334       0.504445
0.554666       0.507109
0.534939       0.509234
0.519447       0.512478
0.500165       0.515245
0.487246       0.519571
0.468255       0.527205
0.45932       0.530723
0.447612       0.533132
0.431767       0.542585
0.419792       0.549862
0.409761       0.556614
0.402595       0.564107
0.39398       0.576606
0.378923       0.592367
0.375066       0.59962
0.3636       0.618717
0.360179       0.630003
0.351496       0.643576
0.34929       0.660364
0.344671       0.680659
0.338932       0.711822
0.338698       0.732633
0.336143       0.762454
0.334217       0.777009
0.330391       0.837152
0.325895       0.869015
0.319162       0.890472
0.306734       0.917861
0.297268       0.933256
0.28524       0.945747
0.272078       0.955823
0.258067       0.963625
0.239891       0.973299
0.227554       0.977644
0.210974       0.981943
0.197281       0.985284
0.187131       0.987191
0.174564       0.98945
0.162709       0.991674
0.14338       0.993669
0.135545       0.994225
0.1217       0.995608
0.103745       0.996656
0.094957       0.997341
0.0853502       0.997999
0.0746516       0.998504
0.0630883       0.998624
0.0409058       0.999256
0.0285334       0.999578
0.0170691       0.999748
0.000874477       1.00004
2.65478e-006       1.81494
