0.999698       0.000793085
0.990033       0.00815823
0.969905       0.0162734
0.946568       0.0292282
0.927646       0.0391919
0.91137       0.0480719
0.895867       0.0550984
0.875806       0.0677449
0.864548       0.0733906
0.848752       0.0828548
0.827688       0.0936897
0.814681       0.0996688
0.806044       0.113595
0.79177       0.119601
0.767781       0.127537
0.756531       0.135453
0.747668       0.140893
0.725151       0.153255
0.715874       0.157925
0.703405       0.166958
0.692333       0.172786
0.67332       0.182878
0.663785       0.189002
0.649175       0.197954
0.637961       0.206221
0.628671       0.211135
0.615822       0.219959
0.601539       0.227199
0.59072       0.234742
0.586386       0.237302
0.572995       0.250556
0.558693       0.257727
0.551853       0.261003
0.539218       0.269592
0.533059       0.278696
0.522449       0.282401
0.511375       0.289297
0.498006       0.299944
0.483792       0.307925
0.478828       0.314804
0.470049       0.319993
0.462848       0.325843
0.452719       0.334376
0.44254       0.339195
0.430826       0.348002
0.423101       0.353597
0.416112       0.360736
0.405557       0.367822
0.395403       0.375604
0.387717       0.383478
0.374069       0.390745
0.36817       0.397986
0.362368       0.401136
0.352655       0.410362
0.347649       0.41487
0.337714       0.422071
0.329253       0.431666
0.320884       0.435009
0.313807       0.443451
0.304044       0.451075
0.297788       0.458113
0.290232       0.46467
0.279521       0.473383
0.272832       0.481315
0.266478       0.48766
0.256233       0.494971
0.249193       0.502628
0.241187       0.510521
0.235483       0.520434
0.227726       0.525953
0.2198       0.533675
0.208558       0.546365
0.204475       0.55149
0.196363       0.561499
0.190882       0.567099
0.185263       0.57394
0.175929       0.587341
0.16847       0.595126
0.15843       0.610457
0.154284       0.61218
0.147014       0.624536
0.140098       0.629824
0.129419       0.645992
0.125874       0.653219
0.115597       0.667677
0.109953       0.673033
0.101775       0.6877
0.0947942       0.700632
0.0886497       0.70365
0.0755626       0.729691
0.0708794       0.739864
0.062848       0.750584
0.0524811       0.772835
0.0499401       0.785171
0.0419793       0.803536
0.0348115       0.816194
0.0265835       0.853855
0.0180348       0.875357
0.00904635       0.919706
5.78689e-005       1.02271
