2.78272       3.60128
1.9857       3.40113
3.2357       3.57008
3.42677       3.71364
2.27221       2.46399
2.45305       2.71066
2.97186       3.02951
2.62631       3.0687
1.8069       2.61445
3.13402       3.23928
2.63433       2.85668
1.63633       2.97753
1.86133       2.60556
2.58593       3.14125
2.865       3.12231
1.67043       3.03174
1.6427       2.92958
1.85028       2.647
2.78477       2.78912
2.60264       3.11511
2.43708       2.76716
2.12472       3.60369
3.6544       3.87066
2.04109       3.0664
1.96127       3.91553
3.12871       3.12958
2.00611       2.93812
2.08066       3.59475
2.19463       3.79165
1.12648       3.41111
1.10666       3.77586
1.6404       4.11307
0.98393       3.76925
1.87844       3.50307
2.02108       3.18597
1.49099       4.31395
1.6814       3.55789
0.905579       4.23714
0.72181       4.45752
0.809688       4.27373
0.675916       5.01909
0.79137       4.17704
1.14302       5.1754
0.633013       4.39283
0.545004       4.62993
0.869447       4.58915
1.08343       4.5827
0.689872       4.71759
1.34025       5.58511
0.919854       5.33224
0.940312       5.55404
0.264746       5.61662
1.07303       6.02964
0.761692       5.61145
0.281081       6.20578
0.718164       5.94911
0.264635       5.92778
0.82292       7.38308
0.263493       5.84846
0.226438       6.09498
0.626777       6.94429
0.167522       7.45474
0.569137       7.49097
0.330039       7.39281
0.366597       7.63317
0.187985       7.68909
0.27106       6.01642
0.0111636       8.18247
0.00521703       9.17514
8.98686e-005       9.32961
