0.999982       2.30117
0.999981       2.30163
0.999981       2.30142
0.999981       2.30157
0.999982       2.30139
0.999982       2.30108
0.999982       2.30152
0.999982       2.30113
0.999982       2.30099
0.999982       2.30111
0.999981       2.30127
1       2.30098
0.999982       2.30152
0.999982       2.30045
0.999982       2.30135
0.999982       2.3004
0.999981       2.30103
0.999981       2.30145
0.999986       2.3008
0.999986       2.30119
0.999982       2.30071
0.999979       2.30101
0.999982       2.30129
0.999982       2.3008
0.999981       2.30106
0.999991       2.30039
1       2.30142
1       2.30104
0.999973       2.30163
0.999995       2.30144
0.999982       2.3003
0.999998       2.30133
0.999982       2.30136
0.999999       2.30176
0.999981       2.30141
0.999991       2.30058
0.999981       2.30148
0.999982       2.30146
0.999983       2.30071
0.999981       2.30178
0.999981       2.30177
0.999981       2.30134
0.999982       2.30179
0.999981       2.30196
0.987728       2.31041
0.951226       2.34289
0.914659       2.35915
0.873583       2.39106
0.828902       2.40788
0.802638       2.42251
0.761693       2.44292
0.726021       2.45991
0.694892       2.47549
0.658331       2.49886
0.605293       2.51106
0.580602       2.52152
0.537826       2.53416
0.511056       2.54358
0.468671       2.55865
0.428362       2.56643
0.389639       2.57523
0.360222       2.5815
0.348878       2.5835
0.316671       2.58858
0.282093       2.59569
0.247205       2.60094
0.217253       2.60414
0.188207       2.60612
0.161223       2.60751
0.119492       2.61239
0.0829029       2.61292
0.0685618       2.61413
0.00445427       2.61447
0.00260847       2.61509
