67.1326       0.0175143
11.5433       0.0923315
8.4554       0.133245
6.55748       0.154333
5.56089       0.179868
5.03082       0.198784
4.65136       0.215002
4.60013       0.217396
4.60018       0.217398
4.60012       0.217396
4.60009       0.217394
4.60011       0.217395
4.6001       0.217394
4.60013       0.217396
4.6001       0.217395
4.6001       0.217395
4.6001       0.217395
4.6001       0.217395
4.60012       0.217395
4.60013       0.217397
4.60011       0.217395
4.60014       0.217397
4.60006       0.217394
4.60007       0.217394
4.6001       0.217395
4.60012       0.217395
4.6001       0.217395
4.60017       0.217399
4.6001       0.217394
4.60013       0.217396
4.60012       0.217396
4.60009       0.217395
4.60012       0.217396
4.60017       0.217397
4.60016       0.217399
4.60015       0.217397
4.6001       0.217395
4.6002       0.217399
4.60018       0.217399
4.60021       0.217399
4.60009       0.217394
4.60019       0.217399
4.6002       0.217399
4.60013       0.217396
4.60021       0.2174
4.60016       0.217398
4.60015       0.217397
4.60016       0.217398
4.60018       0.217398
4.60014       0.217396
4.60013       0.217396
4.60008       0.217394
4.60015       0.217397
4.60018       0.217398
4.60007       0.217393
4.60016       0.217398
4.6002       0.217399
4.60013       0.217396
4.60013       0.217397
4.60009       0.217395
4.6001       0.217395
4.60014       0.217398
4.60015       0.217398
4.6001       0.217395
4.60009       0.217395
4.60019       0.2174
4.60015       0.217398
4.60017       0.217398
4.60016       0.217398
