0.969096       0.43951
0.949784       0.309219
0.93021       0.367869
0.982384       0.427849
0.987385       0.386945
0.9602       0.335594
0.932254       0.301558
0.995479       0.321522
0.931972       0.301603
0.988931       0.315249
0.893893       0.32504
0.960612       0.330466
0.903896       0.314764
0.980196       0.327165
0.936766       0.345925
0.918499       0.375804
0.891958       0.383619
0.891958       0.390445
0.852769       0.434279
0.89169       0.459827
0.84395       0.445261
0.808371       0.509037
0.835131       0.567929
0.797409       0.5301
0.79191       0.571206
0.74503       0.621159
0.731679       0.615154
0.754502       0.635807
0.736199       0.638078
0.703672       0.684759
0.725356       0.636894
0.662243       0.680661
0.64362       0.728957
0.634308       0.762315
0.630583       0.7688
0.630583       0.763544
0.615312       0.822854
0.597781       0.826807
0.563691       0.834102
0.563369       0.867189
0.557457       0.840979
0.504927       0.902332
0.480223       0.903692
0.480223       0.918623
0.480223       0.933416
0.448375       0.9356
0.397406       1.00462
0.418231       1.00627
0.402988       1.03797
0.373112       1.0134
0.178795       1.05259
0.340056       1.0669
0.235488       1.04999
0.241888       1.08949
0.256402       1.06403
0.214956       1.08688
0.150916       1.09979
0.226671       1.09079
0.20006       1.10322
0.141705       1.10389
0.149344       1.11838
0.110842       1.11813
0.0885726       1.12672
0.0731408       1.14919
0.0499516       1.18251
0.0683734       1.15586
0.0259457       1.20886
0.000596456       1.26251
0.000210568       1.3344
