18.587       0.0539064
9.7276       0.103005
7.38207       0.13554
6.24229       0.160198
5.47455       0.182664
5.30002       0.18868
5.30002       0.18868
5.30002       0.18868
5.30002       0.18868
5.30002       0.18868
5.30002       0.18868
5.30002       0.18868
5.30002       0.18868
5.30001       0.18868
5.30002       0.18868
5.30002       0.18868
5.30001       0.18868
5.30002       0.18868
5.30002       0.18868
5.30002       0.18868
5.30002       0.18868
5.30002       0.18868
5.30002       0.18868
5.30002       0.18868
5.30001       0.18868
5.30002       0.18868
5.30002       0.18868
5.30002       0.18868
5.30002       0.18868
5.30002       0.18868
5.30002       0.18868
5.30001       0.18868
5.30002       0.18868
5.30002       0.18868
5.30002       0.18868
5.30002       0.18868
5.30002       0.18868
5.30002       0.18868
5.30002       0.18868
5.30002       0.18868
5.30002       0.18868
5.30002       0.18868
5.30002       0.18868
5.30002       0.18868
5.30002       0.18868
5.30002       0.18868
5.30002       0.18868
5.30002       0.18868
5.30002       0.18868
5.30002       0.18868
5.30002       0.18868
5.30002       0.18868
5.30002       0.18868
5.30002       0.18868
5.30002       0.18868
5.30002       0.18868
5.30002       0.18868
5.30002       0.18868
5.30002       0.18868
5.30002       0.18868
5.30002       0.18868
5.30002       0.18868
5.30002       0.18868
