0.999993       2.30112
0.999993       2.30099
0.999993       2.30073
0.999993       2.29986
0.999993       2.30037
0.999994       2.30136
0.999993       2.30098
0.999993       2.30079
0.999993       2.30123
0.999993       2.30101
0.999993       2.30098
0.999995       2.30105
0.999993       2.30097
0.999993       2.30048
0.999994       2.30102
0.999994       2.30083
0.999995       2.30038
0.999992       2.30103
0.999994       2.30062
0.999992       2.30102
0.999993       2.30091
0.999993       2.30072
0.999993       2.30087
0.999993       2.30077
0.999992       2.3001
0.999993       2.30063
0.999994       2.30044
0.999993       2.30058
0.999993       2.30072
0.999993       2.30097
0.999993       2.30098
0.999993       2.30097
0.999994       2.30027
0.999994       2.30068
0.999994       2.30066
1       2.30029
0.999996       2.30068
1       2.30034
0.999996       2.30103
0.99999       2.30099
0.999996       2.30061
0.999996       2.30097
1       2.30109
0.999995       2.30075
1       2.30093
0.999993       2.30112
0.994729       2.30536
0.960038       2.33114
0.914195       2.35753
0.882639       2.3761
0.823959       2.41039
0.807345       2.42297
0.765285       2.44092
0.722551       2.4665
0.69981       2.47385
0.64304       2.49607
0.585563       2.51998
0.554989       2.52986
0.51209       2.54378
0.490286       2.55195
0.442403       2.56599
0.413524       2.57316
0.379065       2.57954
0.352866       2.58775
0.312563       2.59459
0.2571       2.60116
0.184352       2.60704
0.153851       2.61228
0.0655686       2.61468
0.0564934       2.61577
0.0267085       2.62572
0.0220639       2.62853
9.60683e-006       2.81736
