0.75949       0.651112       8.76419e-009
1.00018       3.56751e-011       1.75932e-008
1.02134       1.00856e-009       7.85032e-008
1.02638       4.83319e-008       8.26424e-008
1.00703       9.94419e-010       7.74027e-008
1.0002       7.22298e-010       3.40652e-008
1.00305       5.13137e-010       6.33359e-008
1.00066       3.5692e-011       4.9456e-008
0.822876       9.21741e-010       0.914932
4.9679e-008       1       8.14463e-009
0.686021       0.727844       0.0159385
0.897901       0.455611       0.0452283
0.948504       0.316731       0.039653
0.971139       0.240639       0.0192713
0.984572       0.177125       0.014207
0.993103       0.118029       0.00393841
0.989478       0.0708693       0.235733
0.962735       2.12262e-010       0.295758
0.92902       0.029567       0.414519
0.785993       0.0299997       0.663432
2.88889e-006       2.20847e-007       1.10461
0.440983       0.903846       0.0148992
0.701792       0.71265       0.0159385
0.853004       0.523072       0.0270925
0.913286       0.444185       0.257938
0.934923       0.356556       0.0178632
0.949828       0.317173       0.0298896
0.870591       0.0540881       0.518242
0.744589       0.0870064       0.72386
0.395632       0.0810212       0.944319
2.89706e-006       2.21471e-007       1.10774
4.9679e-008       1       9.59119e-009
0.310888       0.952397       0.0643388
0.548997       0.835847       0.00591666
0.698658       0.705472       0.176246
0.777505       0.591178       0.288536
0.811781       0.473247       0.437452
0.828079       0.029234       0.599014
0.585024       0.0763531       0.902675
0.279746       0.012674       1.01957
8.26743e-007       9.33254e-008       1.09951
2.25714e-012       1       1.2238e-010
0.212585       0.97737       7.71379e-010
0.444893       0.895734       8.76199e-009
0.594209       0.804874       0.0160456
0.711956       0.448525       0.637827
0.639384       0.0494153       0.795547
0.400646       0.0307962       0.943119
0.211256       0.0197735       0.991055
2.88161e-006       2.2029e-007       1.10183
5.78853e-010       1       6.69807e-009
0.188146       0.982957       0.0213988
0.36305       0.937723       0.132471
0.520352       0.85528       0.0051938
0.472191       0.670546       0.694185
0.543408       0.477045       0.752535
0.385487       0.115132       0.935439
0.202554       0.0375424       1.00686
2.2255e-013       1       4.1734e-012
0.134674       0.990915       0.00305542
0.272662       0.962246       0.0139411
0.427726       0.709676       0.619964
0.202978       0.637354       0.85088
0.328094       0.337231       0.939543
0.13965       0.0258835       1.02062
0.117801       0.749981       0.751822
0.269265       0.0804202       0.990158
2.49861e-013       1       1.87322e-011
0.0354402       0.999896       0.101304
0.176823       0.865619       0.563468
0.06387       0.011838       1.02235
0.00832196       0.984599       0.256396
0.0639738       0.00365511       1.03132
2.89915e-006       2.21632e-007       1.10773
3.51547e-012       1       1.31993e-010
0.0481252       0.761769       0.755894
1.97404e-012       1       9.01571e-011
3.37403e-012       0.861984       0.854387
