1.3884       5.79133e-005
1.22953       0.00893871
1.20445       0.0209865
1.19702       0.0462717
1.1786       0.0562839
1.13989       0.0626055
1.17218       0.0669971
1.13847       0.0642519
1.14354       0.0694657
1.13953       0.0632039
1.13622       0.0568185
1.08718       0.160043
1.08728       0.163959
1.04887       0.206975
1.0716       0.228189
1.04178       0.23305
1.04484       0.206181
1.09722       0.226698
1.03101       0.203451
1.04598       0.189009
1.06163       0.180639
1.0286       0.219034
1.03705       0.234172
1.0867       0.163056
1.0378       0.220993
1.05671       0.23278
1.02997       0.187692
1.01167       0.196107
1.04557       0.219377
1.04329       0.154935
1.02649       0.235404
1.01353       0.198008
1.0375       0.229941
1.09055       0.396964
1.02882       0.222722
1.04388       0.191323
1.04112       0.163942
1.09796       0.165154
1.05394       0.2189
1.09485       0.448893
1.10461       0.381009
1.07999       0.385096
1.06769       0.388358
1.03464       0.253205
1.0698       0.39288
1.02404       0.172663
1.03464       0.232531
1.07732       0.393371
1.03867       0.254191
1.08878       0.388229
1.07843       0.396049
1.08196       0.39581
1.0519       0.263751
1.05957       4.40911
1.05946       4.40867
0.76963       5.45559
0.740285       5.45885
0.740207       5.45828
0.692914       5.61321
0.651343       5.77452
0.577222       5.91982
0.512226       6.09875
0.460361       6.26476
7.26533e-006       7.34103
7.26507e-006       7.34077
