315.227       0.0460231
18.045       0.173204
12.9849       0.226047
10.518       0.278481
8.80074       0.330504
7.34142       0.350025
7.13696       0.362642
6.84945       0.36332
6.67813       0.377991
6.31572       0.4181
5.1953       0.447087
5.13326       0.465478
4.20794       0.487249
4.16922       0.541008
4.81438       0.496231
4.28964       0.566196
4.51592       0.567971
3.67261       0.548607
4.22043       0.576141
4.03606       0.618236
3.78962       0.647461
3.57904       0.661911
3.62246       0.660494
3.51992       0.667912
3.47478       0.683854
3.38616       0.673044
3.29985       0.690696
3.20642       0.686699
3.38272       0.697763
3.115       0.868308
3.00546       0.728374
3.10095       0.747044
2.78934       0.851221
2.94721       0.886908
2.92128       0.875655
2.75378       0.8762
2.99562       0.749916
2.82777       0.909292
2.89942       0.829587
2.86373       0.889024
2.23728       0.951697
2.52807       0.832728
2.62596       1.36435
2.64228       1.16421
2.39265       1.12664
2.54381       0.973761
1.8346       1.09463
2.4326       1.13093
2.41857       1.15782
2.164       1.04939
2.2722       1.21327
2.27745       1.0588
2.12248       1.04391
2.04857       1.08905
1.96383       0.994825
1.97249       1.05051
1.89652       1.26142
2.06188       1.08226
1.66408       1.14211
2.18904       1.26246
2.05676       1.0996
2.08876       1.21557
2.0843       1.35848
2.12162       1.2128
2.05324       1.12769
1.98393       1.17605
1.86305       1.15868
1.92208       1.31299
1.95068       1.33252
2.06336       1.34483
1.9969       1.36155
1.97126       1.15779
1.74502       1.18981
1.88648       1.19959
1.97214       1.3055
