1.07057       4.21618e-007
1.02868       0.00625468
1.01765       0.0145479
0.985713       0.0305611
0.971071       0.0406725
0.967968       0.0494716
0.957901       0.0529045
0.937562       0.0658759
0.926807       0.0933098
0.925953       0.102943
0.914133       0.12074
0.91303       0.120938
0.909158       0.147461
0.896001       0.167271
0.889352       0.173076
0.877883       0.185812
0.869874       0.195988
0.868317       0.220758
0.862543       0.227731
0.84603       0.233714
0.837895       0.247209
0.757844       0.259569
0.76709       0.255352
0.749971       0.280462
0.712222       0.286694
0.687724       0.299579
0.692248       0.326307
0.666935       0.333242
0.662833       0.344943
0.647387       0.372796
0.644248       0.396147
0.628006       0.405877
0.629474       0.424677
0.606814       0.4536
0.597697       0.46444
0.597497       0.470163
0.583767       0.489117
0.554653       0.492643
0.531022       0.49914
0.512796       0.513813
0.492932       0.523167
0.467965       0.535118
0.458537       0.538864
0.450315       0.543929
0.443435       0.559838
0.438165       0.562142
0.425133       0.582426
0.419155       0.595453
0.410294       0.596315
0.395829       0.610021
0.385061       0.651818
0.379823       0.667877
0.370602       0.672682
0.366296       0.699238
0.357775       0.710728
0.332431       0.73159
0.320291       0.740879
0.294479       0.748791
0.277392       0.757277
0.272072       0.769746
0.250149       0.777987
0.236316       0.780731
0.221797       0.794315
0.189407       0.791087
0.195892       0.790753
0.175617       0.798944
0.165131       0.818189
0.163387       0.832514
0.151749       0.849857
0.136418       0.877434
0.129276       0.891373
0.125087       0.919116
0.112053       0.933981
0.1072       0.96269
0.0851263       0.97459
0.0728819       0.988118
0.0554028       0.993639
0.0429057       1.00178
0.0387893       1.01242
0.0181451       1.01962
0.0203878       1.01484
0.00925105       1.01558
1.01196e-005       1.04791
