0.999972       0.0150809
0.997699       0.0174041
0.994039       0.0275751
0.986001       0.0381819
0.976501       0.0577026
0.973427       0.0704676
0.967457       0.0753326
0.96235       0.0920359
0.959075       0.0962566
0.947512       0.107057
0.943092       0.124074
0.936432       0.133477
0.933637       0.145344
0.923158       0.159042
0.91867       0.167744
0.912921       0.178084
0.906664       0.188545
0.905862       0.197264
0.890769       0.218534
0.887714       0.22549
0.878481       0.243478
0.873371       0.252068
0.864417       0.260335
0.845911       0.293493
0.841988       0.298279
0.830544       0.318847
0.822932       0.329311
0.815331       0.339515
0.805465       0.356955
0.79781       0.372281
0.787508       0.383445
0.782233       0.395017
0.771841       0.413148
0.763393       0.423264
0.75944       0.429963
0.742138       0.455357
0.737229       0.46308
0.727898       0.475612
0.713848       0.489684
0.710954       0.505976
0.697718       0.519526
0.68944       0.533203
0.677026       0.546796
0.669077       0.558526
0.657558       0.575039
0.642075       0.593691
0.636288       0.601749
0.621985       0.618798
0.611786       0.63108
0.595929       0.64998
0.587122       0.662315
0.579535       0.671027
0.566671       0.682069
0.553845       0.700472
0.541883       0.711657
0.532733       0.719397
0.517946       0.735901
0.505252       0.749637
0.490783       0.762613
0.473734       0.779922
0.468058       0.79104
0.448285       0.801327
0.442291       0.808995
0.41907       0.825636
0.413154       0.838617
0.396294       0.845146
0.384499       0.855686
0.368842       0.86533
0.358145       0.879468
0.348559       0.889945
0.331484       0.899011
0.316658       0.902532
0.304508       0.914141
0.287939       0.921958
0.272625       0.934203
0.255259       0.941776
0.24906       0.949954
0.227401       0.954593
0.218159       0.959302
0.202605       0.965557
0.196666       0.971366
0.183453       0.972721
0.171879       0.976992
0.144478       0.98266
0.135032       0.989075
0.117234       0.990493
0.105504       0.994795
0.0953161       0.996926
0.0587964       1.0005
0.0540575       1.00087
0.0501442       1.00157
0.037802       1.00341
0.0143415       1.00442
0.00720783       1.00516
1.26555e-005       1.00749
