0.525494       0.525501       1.09939e-005
1.04698       0.102367       0.00818366
1.04683       0.0930898       0.0166571
1.0586       0.0738041       0.0200977
1.03643       0.0683915       0.0278392
1.04256       0.0608725       0.050255
1.04118       0.0389641       0.0535515
1.03146       0.0359456       0.0558176
1.06551       0.0344965       0.0768836
1.04643       0.0203051       0.0857283
1.03942       0.00937206       0.0858766
1.04069       0.00213153       0.0904438
0.528869       1.42495e-009       0.528872
0.0165544       1.2767       6.74947e-005
0.700227       0.220855       0.0383051
0.702071       0.151203       0.0522005
0.739983       0.100796       0.118532
0.729647       0.0831535       0.125348
0.72149       0.0822238       0.123947
0.714444       0.0450536       0.206995
0.698741       0.0229933       0.344573
0.415512       0.0348681       0.457977
0.0122302       9.05852e-009       0.943374
0.0164967       1.2724       1.37815e-006
0.355375       0.636933       0.00860213
0.406838       0.425662       0.0956922
0.424425       0.368285       0.137037
0.64398       0.32596       0.166863
0.690584       0.268839       0.0898236
0.681932       0.156449       0.236851
0.531253       0.182688       0.317265
0.493565       0.130757       0.430758
0.34722       0.0036439       0.700462
0.0164565       1.2693       4.41364e-006
0.275596       0.825212       0.0379855
0.359015       0.540545       0.105086
0.394369       0.37891       0.137627
0.450584       0.344925       0.235544
0.467033       0.230321       0.269703
0.418668       0.205549       0.298293
0.420135       0.184328       0.414484
0.365556       0.04343       0.504493
0.208464       0.0785917       0.729939
0.0121571       4.7877e-008       0.937735
0.13068       0.866245       0.108744
0.300493       0.612815       0.174811
0.355476       0.457022       0.11248
0.378709       0.344592       0.285996
0.355868       0.225628       0.352691
0.34899       0.0234141       0.562037
0.0966996       0.0888111       0.723025
0.012115       7.39617e-007       0.934408
0.0822716       0.848602       0.11045
0.241768       0.595095       0.196171
0.25032       0.554587       0.291189
0.331578       0.369773       0.422806
0.234297       0.302981       0.497825
0.19653       0.232875       0.699339
0.128617       0.799733       0.140795
0.18       0.594305       0.227833
0.0866979       0.32994       0.450901
0.129852       0.253447       0.687772
0.122307       0.0789202       0.73299
0.0121051       2.58482e-007       0.933696
0.0704502       0.675501       0.143771
0.0931763       0.582194       0.208974
0.0850859       0.426342       0.433907
0.0613895       0.292568       0.592615
0.0921828       0.0379469       0.739606
0.0120448       3.95541e-008       0.929059
0.0796618       0.622433       0.165367
0.0856062       0.56792       0.314763
0.083328       0.311493       0.480995
0.053394       0.145421       0.730123
0.0157926       1.21796       2.18859e-005
0.0409837       0.641086       0.208127
0.079367       0.427757       0.435072
0.0120921       1.56813e-005       0.932099
0.0441296       0.603833       0.280956
0.0238401       0.318712       0.652271
0.0120064       0.0373292       0.796817
0.0407705       0.359548       0.483898
0.013146       0.977897       0.137253
0.0120406       1.34235e-006       0.928526
0.012003       0.177839       0.770649
