17.5839       0.00133833
13.6312       0.000204629
11.9395       0.000803728
9.39726       0.0154461
9.43077       0.00186044
7.44929       0.246714
11.8096       0.000156984
6.58518       0.235242
7.78492       0.926433
7.72882       0.932062
6.96869       1.72211
7.3868       1.91242
7.48745       1.02052
5.97801       1.29419
5.73118       1.74101
4.68525       1.9198
4.53512       2.14748
5.52557       2.28313
3.79517       1.93473
3.85596       2.11708
3.41952       2.38449
3.15459       1.91062
5.44498       2.45963
3.93255       1.77833
1.68076       2.4888
3.97381       1.97356
2.513       2.92226
2.09185       2.92188
2.71695       2.32038
2.17968       1.91707
2.76581       2.31524
1.81788       2.78056
1.98856       3.20746
1.58146       2.20897
3.22695       3.30211
1.91218       2.19045
3.11159       3.49238
1.88372       2.06303
2.37556       3.40855
2.73447       3.43275
2.19748       3.25393
3.26493       3.45436
3.01813       3.42705
1.67062       4.77638
1.43037       3.08528
1.04744       4.47959
2.31074       6.26866
1.51171       3.19633
1.61238       4.82582
2.11304       6.72053
1.34083       3.73586
1.37105       3.77436
1.41009       4.65466
1.2471       2.527
1.18227       2.66525
1.27811       4.657
1.41334       4.67899
1.27347       3.50574
1.21565       6.027
1.52721       5.91236
0.321717       16.5907
0.423252       21.8267
0.0994047       26.7166
0.0324961       48.5538
0.00019153       49.317
