0.997945       0.0435325
0.990596       0.0599357
0.98143       0.0677102
0.980887       0.0729699
0.996585       0.0558483
0.986551       0.0730087
0.952796       0.112932
0.966481       0.118319
0.948202       0.144644
0.940945       0.15421
0.924162       0.170596
0.911498       0.193004
0.91703       0.196656
0.892982       0.211851
0.879925       0.239612
0.882617       0.229435
0.863322       0.263392
0.854065       0.27708
0.84523       0.299625
0.831946       0.308432
0.814642       0.33839
0.831554       0.328186
0.817877       0.380173
0.809856       0.395368
0.772661       0.419648
0.760806       0.454374
0.757024       0.478204
0.753014       0.482445
0.744077       0.533239
0.723392       0.517995
0.701611       0.55732
0.702425       0.552558
0.672965       0.581156
0.669576       0.615065
0.646627       0.61999
0.638846       0.627715
0.62174       0.636167
0.606956       0.673762
0.583921       0.683904
0.578167       0.692168
0.564572       0.701796
0.557048       0.721688
0.523673       0.746608
0.515484       0.75246
0.484439       0.781669
0.477252       0.787099
0.459989       0.806567
0.443891       0.816335
0.402679       0.853398
0.401196       0.853634
0.373448       0.87323
0.357082       0.886097
0.335956       0.900561
0.32302       0.908837
0.305697       0.917816
0.288757       0.92625
0.279701       0.93143
0.267656       0.932348
0.246681       0.943344
0.244119       0.944599
0.221486       0.961204
0.213354       0.965169
0.198438       0.972822
0.176712       0.975912
0.174411       0.977882
0.143288       0.980503
0.130416       0.987085
0.111156       0.990464
0.100384       0.995336
0.0864216       0.996099
0.0768408       0.996835
0.064635       0.998488
0.00707746       1.00183
0.0231661       1.00239
1.22303e-005       1.00573
1.07893e-006       1.00825
