107.818       0.0092893
10.6589       0.093891
7.31076       0.137214
6.36093       0.158195
5.7201       0.176053
5.71576       0.175923
5.71977       0.176047
5.7142       0.175876
5.71263       0.175827
5.71063       0.175764
5.7192       0.176027
5.70982       0.175741
5.71644       0.175943
5.71323       0.175838
5.71268       0.175829
5.71155       0.175794
5.71621       0.175935
5.71641       0.175943
5.70783       0.175672
5.71232       0.175817
5.71025       0.175751
5.70905       0.175708
5.71094       0.175766
5.71129       0.175786
5.71264       0.175818
5.71258       0.175813
5.7106       0.175755
5.71098       0.175767
5.71265       0.175822
5.71512       0.175895
5.70905       0.175706
5.71445       0.175873
5.71401       0.175857
5.71355       0.175846
5.71071       0.175757
5.70921       0.175711
5.71422       0.175865
5.71681       0.17595
5.71645       0.175938
5.71685       0.175949
5.71256       0.175817
5.71631       0.175932
5.7155       0.175911
5.7177       0.175973
5.71281       0.17583
5.71822       0.17599
5.71554       0.175907
5.71473       0.175887
5.71455       0.175878
5.71334       0.175841
5.71665       0.175943
5.71198       0.175798
5.71582       0.175917
5.71633       0.175935
5.71189       0.175798
5.71202       0.175801
5.71197       0.1758
5.71849       0.176
5.715       0.175892
5.71778       0.17598
5.71612       0.175928
5.71679       0.175954
5.71759       0.175973
