3.93899       4.65473       0.000178975
9.15587       0.000211666       4.89905e-005
9.13778       2.06123e-005       5.1721e-005
9.12659       0.000143818       0.000137284
9.11659       0.000242075       0.000370728
9.12128       0.000179279       0.000244356
9.10451       1.82144e-005       2.48261e-005
9.103       7.69753e-005       0.000125073
9.12012       5.07019e-005       8.99179e-005
5.2808       7.94481e-007       4.49171
0.00183869       8.94032       8.95292e-005
3.90534       4.57519       0.216376
6.066       2.44281       0.498255
6.47789       1.19678       0.477563
6.47284       1.17237       0.750261
6.47004       1.08856       0.85948
6.34374       0.780993       1.01311
6.3364       0.623407       1.47689
6.13758       0.196251       1.87936
3.16819       0.349811       4.3446
3.30392e-008       5.63279e-011       9.00586
3.02596       6.11374       0.253675
3.22655       3.77553       0.852309
3.91627       3.09715       1.11403
5.70674       2.88256       1.60884
5.99641       1.84503       1.98971
4.14816       1.87815       2.33796
4.88906       1.54908       2.71767
4.86705       1.35397       3.6629
3.79825       0.587465       3.8895
2.99872       0.378892       5.21835
3.30314e-008       5.63146e-011       9.00373
0.00211734       8.93326       0.000113422
1.65275       7.4083       0.827597
3.10188       4.58493       0.874511
3.3205       3.24258       1.4838
3.9114       3.05465       1.88038
3.39753       2.1042       2.40865
3.55161       1.68208       2.56492
3.52003       1.51726       3.62844
1.29153       0.598764       6.41586
1.09412e-008       3.38658e-012       9.00376
0.00211751       8.93398       0.000212055
1.55624       5.29877       1.49247
3.123       4.04515       1.47367
3.21273       2.28738       2.5698
3.04977       2.21701       2.99829
3.08031       1.80973       4.13625
2.98729       1.08548       6.09225
2.04041e-008       3.54677e-011       9.00335
0.573776       7.35737       1.04553
0.972987       5.26146       1.56185
2.89185       4.84328       1.79928
2.69654       2.94077       3.73523
1.94932       2.62988       4.22758
1.61608       2.05054       6.14871
0.00135598       8.9928       5.34302e-005
1.20743       7.1383       1.15046
1.06701       5.13374       1.87113
1.08489       4.74166       3.59276
0.583075       2.99863       3.97431
1.84284       2.06881       6.1328
0.795589       1.06102       6.32087
0.461711       6.09139       1.30852
1.07754       5.0906       2.1602
0.806015       3.82187       3.81967
0.735817       2.57393       4.62899
0.795598       1.06103       6.32094
0.000120773       9.00069       0.000177366
0.241024       5.85714       1.46244
0.253579       2.78589       4.39852
3.93501e-008       6.6746e-011       9.00498
0.464988       5.36546       1.6172
0.396205       2.07143       6.39049
1.38167e-007       9.00499       2.69538e-005
0.0727164       2.77993       5.07412
2.83012e-009       2.61882e-011       9.00324
0.00011687       9.00158       9.74222e-005
0.306104       3.82559       3.94454
1.00978e-008       4.5024       4.50233
