1.19705       1.19705       2.04687e-007
1.1977       1.1977       1.37762e-006
1.19805       1.16704       0.204308
1.20513       1.12803       0.309017
1.20881       0.976047       0.433316
1.21503       0.819115       0.480126
1.21419       0.604859       0.609492
1.24987       0.58973       0.685667
1.24092       0.484352       0.809332
1.21587       0.39077       0.953022
1.2493       0.306882       1.22338
1.24502       0.248144       1.40072
1.21985       0.132303       1.79739
1.19882       2.34952e-007       2.40187
1.19389       1.20067       0.0965189
1.20097       1.09872       0.343502
1.214       0.906661       0.461047
1.23682       0.715831       0.541022
1.24963       0.537486       0.736724
1.21721       0.43621       0.859347
1.24372       0.358979       1.07316
1.23712       0.239567       1.41487
1.23275       0.151681       1.73812
0.000100973       2.42867e-005       4.78286
1.17808       1.20515       0.194914
1.21346       1.0486       0.402303
1.23298       0.664954       0.593323
1.23163       0.549301       0.693103
1.25303       0.477788       0.836982
1.24805       0.383458       1.03652
1.21021       0.303195       1.16786
1.04062       0.121038       2.2488
1.15108       1.24343       0.33985
1.06672       1.21887       0.395564
1.17207       1.16089       0.484853
1.204       0.90193       0.479794
1.20705       0.644587       0.597674
1.22465       0.424033       0.914678
0.792883       0.414299       1.39905
0.62257       0.227736       2.05375
1.01367       1.24452       0.443306
0.899478       1.23554       0.470053
0.850373       1.24319       0.488115
0.83399       1.23972       0.491556
1.04947       1.0047       0.832943
0.773025       0.83926       1.03268
0.951674       0.564965       1.24388
0.653929       0.417357       1.49219
0.557726       0.296364       2.03459
0.763082       1.23293       0.514313
0.674951       1.25203       0.584239
0.590261       1.23434       0.648023
0.768956       0.665846       1.1879
0.790928       0.38572       1.88482
0.560087       0.313224       2.05137
0.680368       1.25659       0.584085
0.637162       1.26456       0.628936
0.567649       1.26347       0.707503
0.587895       1.22683       0.887573
0.678079       0.93633       1.09497
0.692167       0.802128       1.19591
0.397118       0.126378       2.90957
0.494491       1.23777       0.784399
0.477874       1.24111       0.817132
0.486598       1.17615       1.20304
0.372623       0.854572       1.65672
0.000100973       2.42867e-005       4.78286
0.442476       1.23858       0.87942
0.39292       1.22743       0.974439
0.387065       1.05534       1.41048
0.118376       0.613226       2.46906
0.416315       1.2546       0.955833
0.356364       1.23879       1.07249
0.284998       1.24527       1.28626
0.201665       0.625149       2.1832
0.000100973       2.42867e-005       4.78286
0.348653       1.23787       1.0937
0.265973       1.24656       1.34393
0.157471       1.27615       1.79653
1.31398e-006       0.00208119       4.772
3.13518e-005       0.00425406       4.76314
8.50067e-005       0.91469       2.997
