2.91988       9.33659e-009
1.19409       0.00144767
0.96641       0.0317875
0.961603       0.0350593
0.852269       0.0473873
0.812695       0.0544637
0.807386       0.0528534
0.691819       0.0570292
0.660418       0.0615862
0.647869       0.0604159
0.620069       0.0817113
0.624696       0.0823209
0.602575       0.0996873
0.561096       0.100392
0.570395       0.102404
0.513469       0.111925
0.566914       0.115229
0.523682       0.114151
0.505396       0.13862
0.50534       0.151291
0.504589       0.160236
0.504521       0.168793
0.489815       0.144598
0.484378       0.19298
0.464011       0.138918
0.468074       0.199183
0.465554       0.212168
0.461431       0.211712
0.459842       0.197278
0.464705       0.223626
0.440244       0.236545
0.461362       0.226831
0.453028       0.304967
0.447388       0.31632
0.439347       0.310636
0.448563       0.335168
0.443602       0.374463
0.433058       0.396786
0.423488       0.403724
0.43903       0.346564
0.404125       0.385265
0.431536       0.441641
0.432418       0.468274
0.428519       0.538193
0.418755       0.575693
0.43571       0.368849
0.426623       0.616962
0.426651       0.502539
0.418358       0.642887
0.428473       0.634431
0.437949       0.659139
0.419183       0.941795
0.422296       0.956724
0.391574       1.09529
0.393919       1.17092
0.381067       1.12471
0.350738       1.27068
0.282071       1.30052
0.050921       1.35986
0.158143       1.31801
0.141853       1.44487
0.229524       1.37711
0.238054       1.42828
0.022982       1.45305
0.00306086       1.46964
0.0030046       1.53693
0.0286111       1.48763
0.0233362       1.47544
0.04111       1.45042
0.0172121       1.52398
0.00032856       1.52314
2.96015e-005       1.53853
