2.3538       0.391442
2.30523       0.41429
2.27492       0.415308
2.18292       0.455106
2.01342       0.478454
1.95799       0.495075
1.94126       0.511558
1.77188       0.544231
1.69041       0.557575
1.63771       0.576422
1.5728       0.587542
1.52148       0.604008
1.47163       0.617837
1.44298       0.628177
1.41313       0.637608
1.35092       0.654793
1.31927       0.671265
1.3021       0.678349
1.27487       0.693404
1.24424       0.708641
1.21801       0.718944
1.18219       0.736367
1.17407       0.74111
1.14409       0.755745
1.11765       0.768924
1.11107       0.776682
1.08143       0.792721
1.04889       0.816537
1.0385       0.821571
1.03002       0.828897
1.0063       0.84849
0.985164       0.864798
0.977755       0.871331
0.957819       0.886121
0.940702       0.901595
0.919805       0.925255
0.90543       0.93061
0.888495       0.947657
0.874814       0.959437
0.858597       0.972711
0.839637       0.989424
0.826979       1.00121
0.813327       1.01558
0.797396       1.02892
0.783004       1.04265
0.768829       1.05603
0.751963       1.07173
0.736091       1.08801
0.719323       1.10301
0.706783       1.11431
0.694978       1.12593
0.67311       1.14679
0.662812       1.15638
0.644577       1.17313
0.634546       1.1883
0.620837       1.19602
0.615894       1.20007
0.615919       1.20012
0.615919       1.20008
0.615885       1.20005
0.61589       1.20006
0.615887       1.20005
0.615888       1.20005
0.615904       1.20007
0.615877       1.20003
0.61591       1.20008
0.615899       1.20006
0.615911       1.20008
0.615894       1.20006
0.615925       1.2001
0.615916       1.20008
0.615894       1.20005
0.615885       1.20002
0.615911       1.20007
0.615909       1.20009
0.61589       1.20004
0.615901       1.20008
0.615896       1.20006
0.615913       1.20009
0.615877       1.20002
0.615924       1.20012
0.615909       1.20008
0.615902       1.20006
0.61592       1.20009
0.615902       1.20008
