0.707613      
0.262435      
0.128397      
0.11415      
0.114703      
0.1153      
0.122128      
0.117556      
0.109636      
0.104457      
0.102613      
0.104863      
0.108625      
0.112048      
0.116117      
0.111559      
0.113355      
0.109259      
0.101166      
0.0928242      
0.0877997      
0.0791421      
0.0892487      
0.10157      
0.110631      
0.114348      
0.117829      
0.117179      
0.110191      
0.106342      
0.103197      
0.104596      
0.108204      
0.11332      
0.117005      
0.115164      
0.113236      
0.105646      
0.0998434      
0.0926155      
0.0863411      
0.0795376      
0.0897916      
0.105215      
0.114887      
0.120146      
0.121261      
0.118942      
0.111846      
0.107166      
