0.910875       0.123847
0.93561       0.112611
0.980547       0.0976054
0.881109       0.109459
0.99172       0.0954546
0.858067       0.108471
0.986382       0.0769897
0.950455       0.0787829
0.853028       0.110693
0.815932       0.134568
0.811918       0.154793
0.835477       0.154341
0.793256       0.179294
0.714469       0.195931
0.730284       0.19978
0.714469       0.215877
0.710483       0.228154
0.679148       0.229444
0.669272       0.230816
0.652535       0.244247
0.637494       0.247763
0.626979       0.252836
0.606031       0.262049
0.584001       0.275625
0.584001       0.27451
0.557295       0.297215
0.545529       0.300065
0.530508       0.313987
0.518782       0.309124
0.48373       0.326862
0.490275       0.335567
0.468917       0.355298
0.452291       0.352895
0.442296       0.363977
0.426055       0.373478
0.421274       0.373352
0.414155       0.385779
0.399434       0.401717
0.376987       0.402194
0.374526       0.416589
0.360311       0.420261
0.357317       0.428131
0.352815       0.431818
0.341005       0.443814
0.332961       0.445334
0.313095       0.461067
0.308549       0.469446
0.293837       0.479287
0.290678       0.478685
0.276885       0.494293
0.269402       0.498516
0.262428       0.502696
0.255823       0.509911
0.2453       0.521107
0.241559       0.529482
0.231895       0.541211
0.223048       0.548193
0.212926       0.551686
0.208421       0.555868
0.200875       0.565977
0.195211       0.576505
0.184526       0.588451
0.180512       0.599274
0.166027       0.603333
0.16542       0.60961
0.14827       0.625363
0.142418       0.642727
0.134875       0.653163
0.124521       0.663357
0.11492       0.687091
0.112959       0.69586
0.101779       0.706854
0.0967244       0.725691
0.089328       0.735984
0.0802304       0.752796
0.0758886       0.767697
0.0650485       0.776592
0.0594246       0.806048
0.0528546       0.822353
0.0447903       0.839097
0.0358712       0.861576
0.0259785       0.881314
0.0189067       0.905551
0.00877808       0.955275
8.7114e-005       1.34261
