99.1524       0.0104067
10.4559       0.0964248
7.42369       0.134793
6.2579       0.160154
5.50027       0.181827
5.50028       0.181827
5.50027       0.181827
5.50023       0.181826
5.50025       0.181826
5.50026       0.181827
5.50027       0.181827
5.5002       0.181825
5.50025       0.181826
5.50023       0.181826
5.50022       0.181826
5.50023       0.181826
5.50026       0.181827
5.50026       0.181827
5.50028       0.181828
5.50025       0.181827
5.50021       0.181825
5.50028       0.181827
5.50028       0.181827
5.50023       0.181826
5.50025       0.181827
5.50019       0.181825
5.50025       0.181826
5.50029       0.181828
5.50029       0.181828
5.50028       0.181827
5.50031       0.181829
5.50027       0.181827
5.50036       0.18183
5.50029       0.181828
5.50033       0.181829
5.5003       0.181828
5.5003       0.181828
5.50026       0.181827
5.50029       0.181828
5.5003       0.181828
5.5003       0.181828
5.50027       0.181827
5.50032       0.181829
5.50026       0.181827
5.50025       0.181827
5.50025       0.181826
5.50028       0.181827
5.5002       0.181825
5.50022       0.181826
5.50021       0.181825
5.50028       0.181827
5.50017       0.181824
5.50017       0.181824
5.50021       0.181825
5.50024       0.181826
5.50017       0.181824
5.50016       0.181823
5.50026       0.181827
5.50027       0.181827
5.50024       0.181826
5.50022       0.181825
5.50027       0.181827
5.50037       0.18183
5.50039       0.181831
5.50036       0.18183
5.50038       0.181831
5.50027       0.181827
