29.719       0.00114529
19.574       0.000930613
22.514       0.203623
20.9325       0.298861
18.5559       0.34018
13.6889       0.685308
2.69633       1.44401
5.2718       1.30219
8.94289       1.50378
1.58522       1.45474
1.38081       1.48444
6.01622       1.51868
1.77805       1.42865
2.88858       1.21579
3.59726       1.28821
1.67018       1.42889
1.05833       1.41291
2.21045       1.43437
3.22322       1.66776
1.2167       1.3882
2.93322       1.38453
3.79691       1.60702
2.68468       1.64855
2.45827       1.70895
2.65841       1.70693
2.98327       1.7249
2.35878       1.71664
1.14059       1.79276
2.53258       1.76096
2.44706       1.7136
2.55579       1.7651
1.8742       1.73032
1.25686       1.93472
2.06976       1.74183
1.6351       1.74906
1.43067       2.13221
1.35369       1.58484
1.94894       2.2173
1.61977       1.68429
1.41286       2.35359
1.42205       2.11116
1.6735       1.95118
1.47138       1.88202
0.786199       2.41946
1.20464       1.69997
0.604468       2.10446
1.19139       2.95964
0.916653       1.29357
0.677713       3.08974
1.0761       1.51858
0.934571       1.31886
0.701676       3.08536
0.688246       3.40287
0.288563       2.50563
0.819865       4.0946
0.649745       2.44266
0.519312       4.17549
0.498991       2.70981
0.62726       3.06221
0.530276       5.1777
0.569884       7.87692
0.453078       5.42727
0.441384       8.28957
0.370603       10.8862
0.162637       4.69
0.0456605       15.0833
0.000300109       21.1944
