99.8788       0.0100613
10.6296       0.0943482
7.59964       0.13188
6.25225       0.160401
5.4171       0.185342
4.97365       0.201441
4.52858       0.220986
4.19794       0.238348
3.95244       0.253157
3.7687       0.265507
3.606       0.27775
3.41676       0.292742
3.28811       0.304235
3.19203       0.313362
3.08113       0.324678
2.99064       0.334377
2.9       0.344828
2.9       0.344828
2.9       0.344828
2.9       0.344828
2.9       0.344828
2.9       0.344828
2.9       0.344828
2.9       0.344828
2.9       0.344828
2.9       0.344828
2.9       0.344828
2.9       0.344828
2.9       0.344828
2.9       0.344828
2.9       0.344828
2.9       0.344828
2.9       0.344828
2.9       0.344828
2.9       0.344828
2.9       0.344828
2.9       0.344828
2.9       0.344828
2.9       0.344828
2.9       0.344828
2.9       0.344828
2.9       0.344828
2.9       0.344828
2.9       0.344828
2.9       0.344828
2.9       0.344828
2.9       0.344828
2.9       0.344828
2.9       0.344828
2.9       0.344828
2.9       0.344828
2.9       0.344828
2.9       0.344828
2.9       0.344828
2.9       0.344828
2.9       0.344828
2.9       0.344828
2.9       0.344828
2.9       0.344828
2.9       0.344828
2.9       0.344828
2.9       0.344828
2.9       0.344828
2.9       0.344828
2.9       0.344828
2.9       0.344828
2.9       0.344828
2.9       0.344828
2.9       0.344828
