0.681206       0.740294       4.51841e-020
1.00242       3.70214e-008       2.42503e-020
1.0062       3.54094e-007       2.62726e-018
1.00001       8.13045e-007       1.79308e-019
1.00201       6.78141e-007       1.66275e-018
1.00003       5.33013e-006       3.54781e-019
1.00033       3.2986e-006       7.68259e-019
1.00014       2.03136e-006       7.42161e-019
1.00008       1.82875e-006       7.3795e-019
0.000677146       1       1.31583e-012
0.700658       0.721928       3.80773e-019
0.919034       0.40324       8.55239e-019
0.954467       0.298333       3.48942e-014
0.981472       0.226737       1.88786e-018
0.985814       0.167859       4.34136e-020
0.989042       0.147639       9.96051e-013
0.98596       0.139832       0.196562
0.985857       0.100513       0.199036
0.953547       0.0402181       0.334868
0.879309       0.0680764       0.722407
5.7388e-018       1.98666e-016       3.24581
0.000641052       1       7.21337e-013
0.412588       0.912975       1.81127e-012
0.864019       0.515672       2.08679e-018
0.912342       0.428295       0.0658426
0.947107       0.337158       0.0513847
0.952249       0.31268       0.0333824
0.898768       0.118984       0.449297
0.846663       0.116488       0.526847
0.709975       0.124032       0.698499
0.477719       0.0685798       1.11468
0.000376366       1       6.5963e-012
0.295303       0.955409       8.84664e-018
0.546855       0.837228       1.71549e-013
0.698865       0.704619       0.219274
0.797164       0.571298       0.299204
0.834391       0.45566       0.451148
0.7696       0.376197       0.528888
0.688485       0.222951       0.701365
0.573098       0.114401       0.863621
0.196662       0.116116       1.01245
1.87961e-018       1.9874e-016       3.24581
0.000298743       1       5.25284e-012
0.237533       0.971381       3.60677e-013
0.414137       0.910216       7.85546e-013
0.573086       0.78119       0.313282
0.6268       0.628716       0.511524
0.60145       0.484645       0.644738
0.589793       0.379617       0.728662
0.370845       0.176886       0.930458
5.44066e-018       1.98674e-016       3.24581
0.000254152       1       7.71035e-012
0.194341       0.980935       1.29069e-017
0.308594       0.941848       0.156257
0.477372       0.802285       0.379584
0.511561       0.609305       0.634501
0.210306       0.503662       0.862487
0.191437       0.125212       1.01408
0.000209562       1       7.71035e-012
0.151091       0.98852       5.32559e-018
0.299047       0.926278       0.341521
0.277262       0.744351       0.60761
0.395172       0.587488       0.730555
0.248589       0.299024       0.9379
0.184275       0.128467       1.01901
6.29983e-022       1.98749e-016       3.24581
0.000185366       1       3.72772e-017
0.126115       0.992016       3.27762e-018
0.201238       0.960614       0.215944
0.302405       0.681571       0.667622
0.155061       0.380558       0.930606
0.121073       0.193155       0.998832
5.13157e-018       1.98682e-016       3.24581
0.000157978       1       2.23067e-016
0.101016       0.994885       2.94242e-018
0.204248       0.814092       0.551933
0.0589032       0.598126       0.870008
0.0208559       0.239436       0.974874
1.48531e-017       1.98193e-016       3.24581
0.000139501       1       3.22054e-016
0.0977294       0.995213       2.5092e-017
0.0645709       0.742939       0.667706
0.00399383       0.250433       0.974254
0.000129001       1       7.71035e-012
0.0469687       0.95109       0.489916
0.0845762       0.451894       0.900544
2.96224e-017       1.96529e-016       3.24581
0.000110528       1       4.77615e-016
0.000100748       1       2.92399e-016
1.37678e-018       1.98744e-016       3.24581
9.60415e-005       1       5.55396e-016
