0.565566       0.513396       2.88081e-007
1.04738       0.103066       0.00133253
1.05179       0.0935564       0.0167318
1.05379       0.072188       0.0212098
1.0397       0.068529       0.0286061
1.03231       0.0675714       0.0380008
1.04434       0.0588901       0.0508364
1.05166       0.042442       0.0527409
1.06292       0.0407989       0.0540947
1.04573       0.0339533       0.0747398
1.04362       0.0229913       0.0852799
1.05512       0.0149739       0.0866355
1.04763       0.00437679       0.0885728
0.532417       6.79987e-008       0.524212
0.0119974       0.925419       2.10957e-008
0.512699       0.513237       0.00546871
0.695647       0.305971       1.00541e-006
0.701198       0.217395       0.0704807
0.714508       0.156617       0.0460161
0.721744       0.139783       0.0942897
0.732724       0.0778803       0.113042
0.709164       0.0859452       0.171744
0.706067       0.059629       0.203787
0.698895       0.0596621       0.24866
0.413398       0.0105232       0.49372
0.011936       4.5254e-006       0.920532
0.0120259       0.927611       3.20283e-008
0.344155       0.661975       3.71453e-007
0.379164       0.421688       0.0973443
0.458793       0.355201       0.126325
0.610257       0.342042       0.154262
0.687198       0.178336       0.105116
0.612561       0.20823       0.261498
0.619912       0.176812       0.294574
0.590872       0.0752665       0.420831
0.470791       0.0648005       0.43752
0.324619       0.050544       0.661241
0.134147       0.847277       0.010734
0.354291       0.52906       0.128824
0.377775       0.379878       0.131224
0.445817       0.347914       0.231148
0.404098       0.26215       0.276115
0.404098       0.203172       0.293033
0.410116       0.179952       0.406763
0.343177       0.0610798       0.508303
0.219753       0.0701194       0.731033
0.0118131       0.0033436       0.855961
0.0118998       0.917875       2.12221e-007
0.231974       0.604977       0.166825
0.347855       0.454476       0.186259
0.372826       0.363409       0.289311
0.352268       0.276585       0.313878
0.340345       0.226769       0.439489
0.335879       0.181456       0.66566
0.146083       0.0373058       0.731882
0.0118633       1.08709e-006       0.91504
0.012002       0.925766       2.88661e-008
0.1359       0.833268       0.111061
0.327094       0.538952       0.219186
0.335212       0.31463       0.416961
0.275257       0.291175       0.47673
0.174798       0.105429       0.711838
0.118695       0.0941691       0.722115
0.0118781       1.08845e-006       0.916178
0.0119373       0.920757       5.92638e-007
0.1019       0.779559       0.135736
0.0798279       0.584434       0.233323
0.109027       0.522663       0.410067
0.200013       0.345735       0.455011
0.157031       0.273055       0.680215
0.109894       0.106247       0.71736
0.0118539       3.1835e-007       0.914333
0.0744673       0.734214       0.146095
0.1296       0.56844       0.233088
0.149784       0.431497       0.429953
0.140776       0.286457       0.555117
0.0869469       0.0839297       0.723777
0.0754333       0.647491       0.153769
0.119326       0.565434       0.303297
0.119026       0.308212       0.460898
0.0659525       0.146616       0.725496
0.0118815       1.08876e-006       0.91644
0.0119229       0.919652       4.26746e-007
0.0641688       0.61106       0.166727
0.0498974       0.366869       0.435628
0.0789665       0.22947       0.72384
0.0118403       1.83837e-007       0.91329
0.0537999       0.580828       0.223977
0.0568236       0.288735       0.559532
0.0347819       0.352496       0.448751
0.01189       1.2024e-007       0.917128
0.011978       0.923888       7.60595e-007
0.0118557       0.0943836       0.765773
0.0117992       0.288546       0.705656
