0.56539       0.56513       2.81902e-015
0.695605       0.520329       0.0326039
0.700573       0.478962       0.0843704
0.6938       0.358788       0.111582
0.697324       0.350004       0.153195
0.692483       0.346988       0.163124
0.652401       0.262089       0.250964
0.686351       0.2163       0.266241
0.663253       0.182953       0.276741
0.631896       0.165154       0.373542
0.663482       0.0945012       0.421621
0.675855       0.0491155       0.430735
0.671807       0.0223068       0.440411
0.453259       1.25975e-005       0.542656
0.409248       0.570494       0.00398958
0.460407       0.54315       0.0209015
0.696075       0.433018       0.0872013
0.691623       0.346557       0.162921
0.693388       0.333162       0.239147
0.678759       0.23097       0.257743
0.651905       0.182903       0.266425
0.661224       0.169954       0.314761
0.467211       0.0308672       0.447587
0.38694       0.0107529       0.486006
0.39946       0.55848       0.0610244
0.392046       0.531335       0.0795302
0.404296       0.438372       0.098423
0.535384       0.36146       0.131492
0.661547       0.293502       0.249046
0.638443       0.173512       0.317194
0.635784       0.146474       0.413792
0.388084       0.0645597       0.445026
0.389551       4.02834e-006       0.552553
0.385977       0.380934       0.112012
0.391718       0.508309       0.0886261
0.391265       0.390329       0.109464
0.386107       0.367613       0.148852
0.457293       0.360962       0.172408
0.400752       0.246526       0.274959
0.385036       0.195036       0.297829
0.385725       0.178035       0.412445
0.385881       0.00654194       0.494175
0.385129       0.127807       0.450102
0.384339       0.361649       0.217416
0.38564       0.351252       0.249748
0.384861       0.328435       0.265129
0.383077       0.207839       0.283203
0.376209       0.0310039       0.453742
0.378025       0.165327       0.424608
0.380427       0.176773       0.366002
0.385049       0.165807       0.418657
0.38577       0.36334       0.214557
0.378995       0.323457       0.261111
0.376409       0.022907       0.458729
0.378687       0.15904       0.432512
0.378863       0.00128749       0.511884
0.381823       0.0393143       0.457502
0.378224       0.200642       0.283068
0.38264       0.181439       0.354152
0.37838       0.00526296       0.488334
0.37991       0.163925       0.428707
0.375404       0.00128081       0.507138
0.374854       0.145748       0.434875
0.384007       0.167132       0.43136
0.378099       0.178369       0.371825
0.375392       0.00521879       0.484235
0.375874       0.164081       0.42266
0.379668       0.338125       0.253277
0.378534       0.0406295       0.453047
0.378011       0.0233382       0.460621
0.374671       0.132706       0.438995
0.377624       0.0983968       0.446092
0.375933       0.097996       0.444275
0.377311       0.0233843       0.459296
0.37987       0.0159172       0.469642
0.383727       0.216256       0.279806
0.381261       0.180663       0.354855
0.38565       0.176189       0.403452
