2.07249       0.00666953
1.96012       0.0375088
1.95091       0.0763846
1.90957       0.0834049
1.8376       0.113215
1.82033       0.132338
1.78334       0.151276
1.7552       0.177133
1.73965       0.195388
1.70674       0.209922
1.64124       0.246075
1.62852       0.260151
1.60011       0.282068
1.56891       0.293544
1.53318       0.317493
1.50541       0.330625
1.46527       0.349997
1.41969       0.360877
1.41784       0.375029
1.3794       0.392408
1.34704       0.40883
1.3312       0.416322
1.30908       0.434796
1.28368       0.457086
1.25981       0.472021
1.23739       0.486811
1.21796       0.497937
1.19803       0.512258
1.1723       0.532255
1.15298       0.55119
1.13379       0.567542
1.11438       0.583555
1.09733       0.599219
1.07819       0.617974
1.05969       0.634256
1.04845       0.650304
1.02469       0.673251
1.02091       0.676287
0.995672       0.703551
0.980862       0.717342
0.964873       0.737962
0.947233       0.755619
0.92991       0.773375
0.914121       0.789865
0.896817       0.807439
0.878835       0.826302
0.863774       0.841327
