0.186833       0.412974       5.19146e-006
1.04251       5.22566e-008       3.58835e-006
1.02088       7.69769e-007       0.000105475
1.01322       1.22599e-006       0.000168999
1.01499       1.88567e-006       0.000260806
1.01499       1.87162e-006       0.000259556
0.994415       3.82904e-006       0.000456844
0.948808       2.19746e-005       0.00102614
0.210463       5.41698e-010       0.486307
0.000651416       1.03986       2.0122e-011
0.187285       0.224999       0.0203803
0.274426       0.130104       0.0252382
0.319497       0.0986018       0.0348469
0.353894       0.0790053       0.0393491
0.359397       0.0725284       0.0419074
0.403451       0.0656969       0.024468
0.417535       0.0593843       0.0251947
0.433079       0.0516504       0.0271225
0.514506       0.035745       0.0227929
5.26775e-005       0.000105465       0.986492
0.143638       0.284397       0.026836
0.197721       0.202613       0.0294426
0.235998       0.160175       0.0364049
0.274182       0.13488       0.0401031
0.286767       0.115332       0.0409781
0.311159       0.104149       0.0368909
0.321983       0.0918921       0.034646
0.345945       0.0859226       0.032072
0.359013       0.074232       0.0344326
0.215588       8.9852e-010       0.498143
3.815e-005       0.000106649       0.997561
0.000392135       1.07471       1.38107e-011
0.116768       0.35557       0.0218443
0.165913       0.245901       0.0280583
0.222479       0.167157       0.034774
0.254476       0.150469       0.0403098
0.274073       0.119749       0.0381604
0.293713       0.107774       0.0406338
0.148396       9.2681e-007       0.541938
0.000291913       1.07582       2.58713e-013
0.0973533       0.396522       0.0159494
0.140317       0.285444       0.0248811
0.179362       0.231085       0.0317948
0.206182       0.195022       0.0330632
0.223184       0.179486       0.0342773
0.238788       0.159042       0.0413783
0.193717       8.89119e-010       0.492931
0.108404       8.97841e-007       0.548873
5.26961e-005       0.000105503       0.98684
0.000219388       1.1067       1.42216e-011
0.0743841       0.441104       0.0120097
0.127315       0.308767       0.0246802
0.159413       0.258161       0.030208
0.180723       0.223803       0.032371
0.000206171       1.09525       4.87664e-007
0.108222       0.33912       0.0207139
0.147394       0.272596       0.0279045
0.17092       0.254438       0.0297132
1.40527e-007       0.18519       0.488307
9.77708e-005       0.0955648       0.563608
0.000206915       9.18516e-005       0.98962
0.0668052       0.491301       0.0175047
0.103657       0.34921       0.020232
0.126471       0.306719       0.0245165
1.15882e-011       0.209347       0.460387
0.000174479       1.11825       7.16431e-008
0.0917307       0.383798       0.020759
1.42738e-008       0.290951       0.451093
5.81253e-009       0.119208       0.505696
9.18014e-005       5.37391e-005       1.00171
0.000147968       1.15443       1.26694e-009
0.05322       0.53855       0.0137492
0.0874963       0.409895       0.0165339
3.49112e-010       0.127207       0.497445
3.95605e-005       0.00028974       0.991876
0.0385697       0.593995       0.0112506
1.79267e-008       0.210476       0.47449
9.17815e-005       5.37275e-005       1.0015
7.60387e-005       1.16438       5.63727e-011
9.17584e-005       5.3714e-005       1.00125
0.000130801       1.20949       1.32736e-009
9.18518e-005       5.37687e-005       1.00226
1.79759e-008       0.211054       0.475792
