1.66571       0.684705       0.308776
1.66804       0.685649       0.30924
1.66678       0.685122       0.309022
1.66064       0.682631       0.307813
1.69847       0.657151       0.393365
1.67248       0.582556       0.487616
1.66855       0.484182       0.583095
1.68069       0.401514       0.642712
1.6782       0.311037       0.689814
1.6776       0.310927       0.689569
1.6774       0.310893       0.689486
1.67578       0.688824       0.310692
1.66685       0.685153       0.309035
1.67242       0.687465       0.31002
1.66068       0.674135       0.326042
1.67234       0.618812       0.430975
1.66762       0.53565       0.533177
1.67538       0.426974       0.623223
1.65601       0.313252       0.686229
1.67848       0.311093       0.689931
1.67293       0.310061       0.687649
1.67877       0.311145       0.690049
1.64601       0.716863       0.32325
1.63076       0.776981       0.354452
1.57004       0.847825       0.382755
1.62672       0.75173       0.38874
1.66021       0.636686       0.443512
1.64654       0.477073       0.636741
1.61957       0.347954       0.77168
1.57437       0.391003       0.858059
1.64859       0.329524       0.730817
1.67775       0.310957       0.689632
1.49503       0.98213       0.444072
1.41878       1.04461       0.47195
1.36339       1.10354       0.498057
1.26525       1.20208       0.542089
1.38279       1.02848       0.606135
1.38219       0.839517       0.839438
1.41241       0.51179       1.05754
1.27138       0.542353       1.19643
1.36026       0.511755       1.13493
1.44923       0.466665       1.02486
1.47544       0.443053       0.961611
1.2485       1.21089       0.546278
1.17626       1.26239       0.56972
1.09143       1.37729       0.621414
1.01201       1.37433       0.662831
1.09357       1.1233       0.908575
1.09985       0.943953       1.10457
0.997399       0.633217       1.37429
1.01652       0.61971       1.37436
1.13906       0.592101       1.30036
1.20417       0.559711       1.24072
0.992968       1.40671       0.634604
0.910194       1.43493       0.647344
0.795574       1.48471       0.670875
0.825061       1.3743       0.844641
0.876963       1.13631       1.11974
0.846524       0.79296       1.39206
0.800873       0.668227       1.48185
0.890356       0.648742       1.43869
0.971494       0.630891       1.39911
0.771726       1.49209       0.673233
0.743588       1.47556       0.736447
0.743588       1.45716       0.772202
0.743588       0.810421       1.43626
0.743588       0.689867       1.4979
0.780016       0.671373       1.48891
0.743588       1.48487       0.717489
