1.03319       5.12413e-006
1.02109       0.00732518
1.01386       0.0204375
0.988788       0.0274411
0.964845       0.0348332
0.954315       0.0478542
0.935548       0.0586386
0.921166       0.0677707
0.90135       0.0756466
0.89527       0.0870791
0.882311       0.0974781
0.875015       0.0997928
0.865018       0.110016
0.855752       0.120148
0.842138       0.133282
0.834977       0.141536
0.824373       0.153797
0.822996       0.165281
0.810936       0.173094
0.803039       0.181865
0.799308       0.200313
0.791236       0.213448
0.783468       0.224187
0.773738       0.225854
0.767261       0.238886
0.759848       0.253476
0.75553       0.260589
0.74398       0.277069
0.737351       0.289714
0.735671       0.30404
0.721087       0.314119
0.714294       0.320782
0.703152       0.336077
0.69518       0.346113
0.687595       0.356735
0.675944       0.369266
0.668049       0.376288
0.658557       0.392249
0.646409       0.39883
0.633498       0.409272
0.626936       0.416419
0.61146       0.431211
0.601083       0.442128
0.589045       0.447184
0.57735       0.459563
0.562441       0.464066
0.546663       0.476703
0.531339       0.486207
0.520234       0.492388
0.503088       0.501411
0.499972       0.504873
0.476409       0.517566
0.474504       0.522627
0.459401       0.528348
0.446997       0.542163
0.434249       0.545298
0.427076       0.551941
0.407581       0.565768
0.403108       0.567553
0.391978       0.58118
0.378018       0.591088
0.365754       0.60081
0.363108       0.605253
0.355584       0.611492
0.341555       0.625603
0.333352       0.633673
0.321168       0.648226
0.312695       0.662367
0.308002       0.673871
0.295688       0.689069
0.291328       0.70673
0.281527       0.715015
0.271773       0.727376
0.2624       0.741369
0.255514       0.762988
0.244205       0.76766
0.231496       0.787462
0.223349       0.804212
0.219031       0.812138
0.209213       0.827406
0.19793       0.849796
0.191201       0.865369
0.181905       0.86954
0.16887       0.892799
0.159527       0.900549
0.141676       0.90474
0.127592       0.92587
0.12393       0.92698
0.106345       0.935819
0.0982657       0.945496
0.0894547       0.948717
0.081689       0.959789
0.0681266       0.97364
0.049386       0.982915
0.04079       0.987737
0.0296683       1.0046
0.0167635       1.01035
0.00544025       1.02126
7.96517e-008       1.13217
