1.1015       1.31328e-005
1.04799       0.000855169
1.03385       0.0302601
1.01718       0.0388154
1.00854       0.0206724
0.992954       0.0634043
1.00776       0.0441325
0.995607       0.0469977
0.959052       0.120132
0.923724       0.138308
0.916658       0.142315
0.945215       0.166266
0.942592       0.172644
0.918217       0.169431
0.915858       0.179803
0.839735       0.240799
0.825414       0.238951
0.791714       0.252838
0.776737       0.267884
0.768699       0.265112
0.76976       0.282472
0.762065       0.30756
0.758511       0.271538
0.70653       0.354991
0.67769       0.345202
0.663587       0.367582
0.650897       0.371646
0.641919       0.378262
0.646928       0.394633
0.637856       0.399456
0.635107       0.403311
0.563484       0.455367
0.564953       0.456996
0.560544       0.461775
0.541265       0.475988
0.530259       0.483939
0.526689       0.489652
0.515055       0.505428
0.511856       0.503202
0.453411       0.564802
0.453451       0.564852
0.450625       0.565782
0.434834       0.572771
0.43162       0.587362
0.420222       0.591898
0.404539       0.601918
0.398084       0.61608
0.396322       0.622469
0.331825       0.679598
0.333731       0.679228
0.32924       0.68284
0.317277       0.693092
0.303965       0.709374
0.291846       0.713771
0.284386       0.730008
0.284664       0.730724
0.223883       0.794371
0.221855       0.794838
0.225837       0.805442
0.203138       0.807328
0.19439       0.820086
0.18615       0.835538
0.174671       0.848032
0.127431       0.928785
0.160116       0.960612
0.110832       0.965295
0.0966299       0.985741
0.0787838       1.00769
0.0622794       1.03703
0.060917       1.01435
0.0506472       1.16656
0.0151946       1.16679
0.0304461       1.48395
3.51547e-017       1.99256
