102.996       0.0121998
10.5161       0.0953773
7.59004       0.132795
6.36446       0.158003
5.49172       0.183615
4.96388       0.202718
4.59219       0.220469
4.29866       0.23584
4.04601       0.249933
3.84784       0.264864
3.64867       0.275592
3.52396       0.288115
3.40405       0.299301
3.25959       0.31091
3.15704       0.320978
3.05388       0.330474
2.99014       0.339377
2.89469       0.349336
2.79609       0.360702
2.77458       0.369743
2.71684       0.378707
2.62334       0.386007
2.60876       0.390696
2.53844       0.401475
2.47537       0.410449
2.44005       0.413445
2.39734       0.424741
2.36976       0.428328
2.32335       0.436378
2.30007       0.442564
2.22508       0.453536
2.22309       0.455934
2.19399       0.461733
2.17113       0.468183
2.13336       0.477619
2.09257       0.484903
2.08664       0.49252
2.05193       0.495828
2.00691       0.509811
1.97503       0.518671
1.95603       0.520437
1.93644       0.521135
1.90879       0.534653
1.89138       0.54151
1.85762       0.546508
1.83899       0.546858
1.82961       0.55262
1.80983       0.558589
1.80451       0.556947
1.81118       0.559005
1.81221       0.559325
1.80699       0.557712
1.80534       0.557204
1.80486       0.557054
1.80679       0.55765
1.80794       0.558006
1.80608       0.557433
1.80753       0.557878
1.80607       0.557428
1.80912       0.55837
1.80625       0.557483
1.80611       0.557441
1.80716       0.557764
1.80556       0.55727
1.80638       0.557524
1.80936       0.558443
1.80706       0.557733
1.8066       0.557592
1.80622       0.557473
1.80781       0.557965
1.80679       0.557649
1.80672       0.55763
1.80591       0.557379
1.80771       0.557933
1.80716       0.557763
1.80994       0.558622
1.80392       0.556764
1.80784       0.557975
1.80343       0.556612
1.80804       0.558035
1.81045       0.558778
