0.96206       0.0573025
0.999819       0.0915326
0.976849       0.0567027
0.911968       0.0873038
0.931849       0.0631514
0.929257       0.067801
0.94468       0.0697446
0.863757       0.109088
0.851321       0.118446
0.821541       0.12404
0.814943       0.132793
0.767411       0.145205
0.773653       0.147339
0.719411       0.170913
0.705032       0.171387
0.701161       0.18759
0.676328       0.196678
0.666205       0.203477
0.658061       0.211538
0.662692       0.216135
0.607389       0.230214
0.605803       0.233358
0.578367       0.251098
0.573739       0.271996
0.560467       0.276989
0.560467       0.279104
0.536009       0.285842
0.536009       0.289006
0.528115       0.298987
0.515714       0.310851
0.505596       0.316635
0.488091       0.319958
0.486889       0.3309
0.475571       0.336353
0.457977       0.343462
0.450265       0.355229
0.430029       0.362289
0.428279       0.373857
0.42167       0.397857
0.403447       0.398219
0.399591       0.401937
0.375277       0.410191
0.372884       0.411357
0.362596       0.42315
0.352889       0.430405
0.345982       0.439601
0.337075       0.445133
0.320538       0.454339
0.319331       0.460672
0.302815       0.475918
0.293572       0.483159
0.280957       0.484131
0.274349       0.498765
0.254784       0.512702
0.251267       0.515411
0.243759       0.531661
0.229845       0.542348
0.225694       0.543027
0.221663       0.554032
0.21026       0.565597
0.200122       0.577842
0.200122       0.580252
0.190384       0.600837
0.177718       0.60376
0.176286       0.619708
0.165053       0.616493
0.157556       0.633126
0.152998       0.653639
0.143955       0.656057
0.135863       0.682515
0.134717       0.692983
0.117778       0.714479
0.11124       0.721736
0.100594       0.743427
0.0882961       0.775594
0.0867665       0.782937
0.0796259       0.788723
0.0612422       0.802766
0.039074       0.852096
0.0375965       0.881621
0.021657       0.932518
0.0131872       0.95536
0.00711406       0.99859
3.57192e-006       1.46665
