0.999881       1.45301
0.999831       1.45345
0.999936       1.45344
0.999907       1.45323
0.999888       1.45324
0.999989       1.45329
0.999871       1.45295
0.999996       1.45309
0.999989       1.45296
0.999853       1.45328
0.999993       1.45291
0.999994       1.45289
0.999989       1.45325
0.999975       1.4528
0.999765       1.4531
0.999992       1.45302
0.999874       1.45321
0.999933       1.45303
0.999975       1.45262
0.99994       1.45313
0.999975       1.45294
0.999966       1.45274
0.999953       1.45313
0.999974       1.45257
0.99996       1.45299
0.999975       1.45299
0.999977       1.45284
0.999972       1.45297
0.999972       1.45295
0.999972       1.45275
0.999995       1.45288
0.999993       1.45281
0.999971       1.45276
0.999978       1.45294
0.999935       1.45289
0.999977       1.45294
0.999949       1.45282
0.999991       1.45292
0.99991       1.45308
0.999941       1.45296
0.999984       1.45299
0.987029       1.46584
0.963132       1.48992
0.938896       1.51969
0.910147       1.54238
0.883962       1.56367
0.857925       1.58983
0.8329       1.61083
0.808125       1.62914
0.783201       1.65107
0.754084       1.67258
0.729826       1.69216
0.697245       1.71289
0.667034       1.73178
0.63967       1.75571
0.625112       1.76348
0.589767       1.7881
0.54926       1.80173
0.528943       1.81976
0.520128       1.8247
0.48723       1.83523
0.45147       1.84913
0.433423       1.86999
0.396044       1.87079
0.381967       1.8779
0.358521       1.8854
0.332448       1.89348
0.310802       1.89959
0.283345       1.9088
0.249153       1.91588
0.218769       1.92077
0.213672       1.92353
0.190792       1.92746
0.158001       1.93297
0.144723       1.93377
0.11989       1.93779
0.0985799       1.94
0.0371638       1.94214
0.0264785       1.9454
0.00918019       1.9464
0.000212036       1.96859
