30.0074       0.000220943
20.4808       0.0814082
17.3101       0.559402
11.4893       0.560633
12.4382       0.757356
7.87329       0.960671
9.334       1.092
5.11752       0.931862
2.03728       0.714047
3.13475       0.984385
3.18023       0.750469
3.69182       1.18996
1.89458       0.908036
4.47529       1.33997
2.92192       0.672238
2.78566       0.786421
3.55078       0.779897
3.92564       1.19755
2.90654       1.54044
3.16166       1.23216
1.88285       1.1932
1.31622       1.14721
3.26815       1.49737
3.0191       1.5665
2.43708       1.18141
1.63029       0.695084
3.02048       1.76947
1.03912       0.866951
0.89342       1.87828
2.88786       1.89296
0.766466       0.565952
2.70022       1.67898
1.32809       1.5847
0.889375       2.3681
1.63629       1.01744
2.09241       2.30364
1.3993       1.57028
1.49501       2.51951
1.07054       0.917985
1.22139       1.87673
1.08471       0.814111
0.930879       1.95443
0.931872       0.699403
1.27033       1.08931
1.47352       2.28419
1.74216       1.49391
1.15376       1.12742
0.791755       0.800773
1.49436       3.56313
1.38578       2.15091
0.836878       1.96996
1.1945       0.977936
1.27498       1.83767
1.31909       2.03781
1.12832       2.85208
1.05633       1.60383
1.27024       8.59439
1.23722       5.16942
1.08096       12.0381
0.718415       12.9403
1.22677       11.831
0.000611986       21.4259
0.702813       25.2305
0.364943       22.8917
3.13553e-005       19.8114
