1.01309       0.988048       0.0255115
1.00788       0.982988       0.0300875
0.983534       0.958417       0.162264
0.990906       0.809629       0.231687
1.00808       0.769227       0.33042
1.02542       0.765392       0.427609
1.00668       0.512832       0.508921
1.00538       0.48635       0.551852
1.02082       0.462642       0.731928
1.0118       0.208915       0.816326
1.0189       0.210354       0.815706
1.01767       0.178262       0.986789
1.07637       0.026002       1.05352
1.00642       6.42611e-005       2.02409
0.997908       0.986062       0.0713712
0.995729       0.981895       0.071311
0.986275       0.95684       0.174648
1.00923       0.785756       0.248315
1.00745       0.767235       0.331479
1.00435       0.507926       0.505419
1.00433       0.502829       0.509679
1.01589       0.473982       0.636514
1.0176       0.210082       0.81374
1.0137       0.20929       0.814255
0.998214       0.189083       0.900634
1.03372       0.0214741       1.05929
1.01117e-010       1.00341e-009       4.05085
0.962075       1.00594       0.166831
0.977355       0.963602       0.153566
1.00674       0.776051       0.286006
1.00538       0.759892       0.364552
1.03065       0.458217       0.803591
0.997762       0.204847       0.842013
0.49682       0.0387165       1.63527
1.8527e-008       9.47307e-006       4.03159
0.891505       1.1298       0.240387
0.80982       1.02386       0.271942
0.821661       1.01378       0.229425
1.00504       0.744953       0.448614
0.980381       0.511589       0.601602
0.989166       0.478865       0.617567
0.961496       0.234061       0.949564
0.775628       0.212428       1.12902
0.489547       0.172251       1.63168
1.5566e-009       0.000482135       4.00914
0.775       1.01009       0.392961
0.770267       1.00713       0.449741
0.847888       0.759529       0.652548
0.779864       0.54536       0.863499
0.814479       0.235744       1.07265
0.48435       0.219652       1.35026
0.209528       0.221058       1.6108
0.770516       0.994692       0.493435
0.525232       1.02833       0.5123
0.503567       1.02275       0.523456
0.53333       1.02513       0.520808
0.50956       0.848913       0.764986
0.533367       0.565421       1.10625
0.210878       0.213636       1.60994
2.16046e-008       6.13552e-005       4.02451
0.504769       1.02519       0.524705
0.490847       1.03484       0.592775
0.476439       1.00156       0.636958
0.549042       0.78164       0.992995
0.221252       0.528193       1.3333
0.209815       0.218509       1.60736
0.503335       1.03633       0.548154
0.473923       1.0289       0.666571
0.45564       1.02903       0.800335
0.220287       1.00305       0.855951
1.61456e-013       0.000823599       4.00916
0.473741       1.03725       0.699194
0.215114       1.06049       0.84696
0.208332       0.777233       1.2117
3.90345e-012       0.000167411       4.03454
0.211427       1.0333       0.858794
0.211764       1.00726       0.862926
0.0240747       0.556984       1.5876
1.62616e-013       0.00130598       3.99285
0.210273       1.01858       0.858078
0.200685       1.0676       0.91969
0.0275462       1.04672       1.03665
0.0284819       1.08243       1.06354
1.16583e-008       0.000196374       4.0363
2.7608e-005       1.05602       2.15197
