1.23681       2.31518e-006
1.00376       0.00974305
0.996457       0.0180259
0.987071       0.0272134
0.985941       0.0394688
0.973256       0.0476447
0.967923       0.0611543
0.961133       0.0678158
0.952446       0.0802621
0.945375       0.0840846
0.937357       0.0993883
0.926811       0.112332
0.919058       0.121841
0.908203       0.129946
0.9011       0.146243
0.895013       0.15058
0.877046       0.166408
0.869047       0.177353
0.857019       0.188867
0.853164       0.199146
0.83708       0.207014
0.825941       0.218476
0.808314       0.232856
0.798542       0.241325
0.791254       0.247101
0.775694       0.260575
0.762977       0.270867
0.74873       0.279476
0.733862       0.291755
0.726421       0.296743
0.708234       0.310524
0.699901       0.316577
0.682805       0.325548
0.671867       0.336172
0.65742       0.341661
0.645696       0.354047
0.630927       0.36371
0.62656       0.367892
0.609345       0.379835
0.592946       0.392778
0.588475       0.395591
0.569878       0.406556
0.563918       0.415698
0.551721       0.424454
0.538551       0.433912
0.52959       0.437817
0.517151       0.453146
0.505314       0.465308
0.500003       0.469623
0.490527       0.483137
0.480282       0.489153
0.473915       0.500144
0.461495       0.51161
0.451361       0.51559
0.449513       0.526727
0.435274       0.542913
0.425951       0.553775
0.415562       0.562005
0.405981       0.575864
0.39534       0.582369
0.390367       0.590775
0.379643       0.607239
0.369517       0.623033
0.363179       0.625174
0.353733       0.640643
0.343393       0.656257
0.333829       0.677156
0.3234       0.69046
0.317334       0.694907
0.30804       0.712819
0.297537       0.725483
0.287494       0.735555
0.284958       0.751549
0.269838       0.766826
0.260722       0.778219
0.248391       0.788063
0.238371       0.802084
0.227739       0.812127
0.222502       0.818324
0.210975       0.832008
0.197317       0.848017
0.185284       0.856957
0.175289       0.870427
0.167162       0.87633
0.159189       0.881712
0.147066       0.894332
0.13501       0.905701
0.126462       0.909747
0.112927       0.921121
0.0996866       0.936582
0.0903392       0.940422
0.0746105       0.951403
0.0625665       0.960249
0.0587023       0.963455
0.0457107       0.972849
0.0400488       0.977708
0.0211777       0.99085
0.0171468       0.993705
0.00333646       1.00668
6.23874e-005       1.22998
