1.72852       0.854563       0.486132
1.72852       0.854563       0.486132
1.72852       0.854564       0.486133
1.72853       0.854568       0.486135
1.72879       0.832667       0.523039
1.72926       0.753688       0.632416
1.74107       0.636767       0.75861
1.73004       0.529204       0.829663
1.72993       0.486484       0.85529
1.73092       0.486764       0.85578
1.73097       0.486778       0.855804
1.73098       0.486782       0.855813
1.72852       0.854563       0.486132
1.72852       0.854562       0.486132
1.72958       0.809705       0.559331
1.72899       0.695369       0.695406
1.73054       0.570705       0.802087
1.73097       0.486776       0.855807
1.73097       0.486778       0.855806
1.73076       0.486717       0.855701
1.73081       0.486731       0.855725
1.73098       0.486781       0.855813
1.72851       0.854574       0.486139
1.73346       0.7587       0.630143
1.74474       0.635539       0.762372
1.73096       0.486777       0.855802
1.71827       0.875436       0.497997
1.64779       0.972877       0.553468
1.58462       1.0472       0.596184
1.51997       1.12985       0.642731
1.49401       1.08367       0.752519
1.55502       0.902177       0.925233
1.51812       0.757092       1.11908
1.51458       0.647802       1.13889
1.60083       0.605942       1.0653
1.66424       0.552312       0.971024
1.7054       0.513533       0.902842
1.50445       1.14567       0.652263
1.408       1.22198       0.695044
1.3151       1.3108       0.745566
1.17151       1.40971       0.803713
1.27245       1.19362       0.998589
1.21888       1.00021       1.25619
1.20053       0.797101       1.40139
1.31129       0.753349       1.32446
1.40813       0.702144       1.23443
1.48897       0.665517       1.17002
1.2356       1.35977       0.774432
1.1299       1.42926       0.814325
0.984203       1.50136       0.853952
0.982727       1.43476       0.962611
0.982727       1.21888       1.22454
0.982727       0.877728       1.4882
1.00526       0.848268       1.49128
1.14265       0.811153       1.42605
1.24991       0.781032       1.3731
0.982727       1.41564       0.990518
0.982727       0.983949       1.42021
0.982727       0.90167       1.47382
0.993488       0.851379       1.49667
