0.707107       0.707107       1.91766e-015
1       8.81865e-018       2.18511e-015
1       2.329e-018       2.78771e-017
1       5.25107e-018       2.3103e-015
1       3.45236e-018       8.53283e-016
1       7.17282e-018       1.2554e-015
1       4.03629e-017       2.83e-015
1       1.05509e-017       2.39027e-015
1       4.63287e-018       1.01301e-015
0.735682       2.61214e-018       0.735682
6.12323e-017       1       1.36283e-016
0.707107       0.707107       1.99407e-015
0.892285       0.456792       0.0438919
0.954051       0.303855       0.00133938
0.973325       0.234659       0.0219092
0.981558       0.191168       6.2888e-012
0.989025       0.0948009       0.137618
0.981134       1.44377e-017       0.211444
0.968236       4.43386e-018       0.262422
0.916035       0.0874894       0.455119
1.36571e-006       1.10045e-007       1.02464
0.449106       0.895715       0.0892714
0.833375       0.554413       1.17064e-014
0.912756       0.406508       0.105642
0.921848       0.368749       0.185619
0.939163       2.93791e-018       0.375313
0.90273       0.25824       0.378783
0.817937       0.0661715       0.579012
0.70154       0.160693       0.719709
0.386004       0.0222003       0.955814
3.06725e-007       1.48295e-007       1.02419
6.12323e-017       1       1.80697e-016
0.315811       0.949303       0.0508433
0.546147       0.831124       0.206952
0.773088       0.583885       0.316315
0.817138       0.49672       0.421681
0.790323       0.350982       0.560609
0.700971       0.200523       0.7143
0.564069       0.158954       0.844142
0.28442       0.000679263       0.968561
6.12323e-017       1       1.73343e-017
0.23706       0.972197       0.0508547
0.447009       0.894532       1.5685e-012
0.532469       0.773402       0.378797
0.671683       0.663492       0.477385
0.667316       0.477893       0.622416
0.551387       0.406151       0.785753
0.401036       0.258689       0.895206
0.209934       0.0467027       0.988872
5.15861e-007       2.39193e-008       1.01426
6.12323e-017       1       1.06425e-016
0.173411       0.984969       0.00382544
0.371107       0.929064       0.00571441
0.487778       0.819769       0.472288
0.529731       0.633374       0.615824
0.375591       0.479417       0.841093
0.359036       0.168922       0.944448
0.184361       0.107571       0.990433
4.90206e-007       2.02755e-008       1.01553
0.163255       0.986677       9.58281e-018
0.235653       0.907831       0.365755
0.209921       0.821646       0.558429
0.378113       0.546264       0.82619
0.208833       0.369525       0.939022
0.159327       0.0217062       0.999135
5.43337e-007       6.19996e-008       1.01422
6.12323e-017       1       2.87992e-016
0.137831       0.99048       0.00370675
0.134176       0.88765       0.447595
0.117718       0.711462       0.721135
0.20131       0.434885       0.907114
0.0881966       0.00081587       1.00184
7.08061e-007       5.37265e-008       1.01243
6.12323e-017       1       3.26336e-016
0.119933       0.992791       0.00296678
0.20626       0.516988       0.86039
0.111781       0.00535283       1.00196
8.73947e-007       3.30938e-008       1.01275
5.8905e-017       0.961992       0.302674
0.107489       0.00975335       1.00413
0.0760569       0.925591       0.391431
0.0988976       0.426072       0.945433
6.97185e-008       5.53279e-009       1.01901
6.12323e-017       1       6.75663e-021
0.0283267       0.776281       0.674811
4.56682e-007       5.95698e-008       1.01933
5.89074e-017       0.96203       0.302686
