17.143       1.17925e-005
7.60869       0.0578211
7.78715       0.122524
7.78026       0.129951
7.06761       0.307994
6.92938       0.531848
6.81794       0.594697
6.29437       0.600056
5.95366       0.704611
5.9416       0.70771
5.16845       0.738264
4.9742       0.813918
4.3133       0.824265
4.17158       0.866197
3.89884       0.876493
3.51759       0.876481
2.54305       0.892359
2.60176       0.899586
2.62864       0.90888
2.06277       0.916591
2.22128       0.916022
2.18702       0.919057
2.09457       0.941358
1.91925       0.964058
1.82756       0.942964
1.73744       0.97971
1.79725       1.00994
1.62914       1.05272
1.6157       1.09292
1.5053       1.07977
1.50028       1.15413
1.46385       1.16218
1.45239       1.19743
1.30653       1.21899
1.29531       1.23599
1.28037       1.25345
1.24592       1.27986
1.18728       1.31258
1.16124       1.27992
1.08631       1.36792
1.06812       1.40337
1.05727       1.45935
1.04076       1.54837
0.994601       1.6253
0.989372       1.66608
0.970554       1.77746
0.95348       1.91651
0.925277       1.86297
0.91739       1.95489
0.893629       1.94392
0.868723       2.18457
0.871084       2.46049
0.858457       2.42482
0.852757       2.7296
0.855235       3.07614
0.825175       3.8847
0.832658       3.52389
0.782306       4.82135
0.802461       5.27941
0.779303       4.83237
0.672574       5.94879
0.581365       6.00692
0.514145       6.07066
0.467173       6.27942
0.459081       7.11775
0.0189048       7.02974
0.0189978       7.06433
0.00893433       6.99573
0.00033455       7.49748
