3.43913       3.43913       1.05797e-005
1.08841       1.08655       0.0497214
1.05921       1.04728       0.175161
1.08859       1.0302       0.296435
1.11771       0.942871       0.400912
1.15569       0.7426       0.473882
1.18168       0.692817       0.56436
1.17599       0.545986       0.638018
1.15903       0.479768       0.74352
1.21156       0.41432       0.896658
1.16289       0.325927       1.02772
1.18405       0.252777       1.27613
1.184       0.138406       1.7736
0.780956       0.000299169       3.98255
1.06176       1.06025       0.0640543
1.07202       1.06121       0.154296
1.07188       0.987514       0.309392
1.14778       0.826164       0.448485
1.17044       0.721835       0.506021
1.19707       0.629556       0.600232
1.20122       0.506689       0.726358
1.96731e-005       0.000396678       4.8576
1.08051       1.07152       0.144261
1.10515       0.986142       0.352246
1.14256       0.43896       0.812989
1.20967       0.384598       0.959318
1.17263       0.277298       1.1802
0.887389       0.188528       1.90244
1.70326e-005       2.04301e-005       4.99529
1.04044       1.05844       0.308586
1.0101       1.09379       0.323292
0.927391       1.09346       0.375044
0.69011       1.05472       0.435738
1.13649       0.68743       0.505478
1.15412       0.523227       0.765911
0.777488       0.441453       1.05779
0.678739       0.294823       1.49498
0.504769       0.156847       2.0809
6.35673e-005       0.000411088       4.84601
0.867628       1.07887       0.391336
0.809355       1.06871       0.405074
0.724967       1.0575       0.416883
0.66156       1.03816       0.505832
0.822022       0.817629       0.73636
0.715757       0.674479       0.862123
0.552895       0.413235       1.34277
0.646866       1.05499       0.4474
0.564355       1.0487       0.497147
0.540373       1.02693       0.540031
0.564356       0.822082       0.887281
0.491111       0.564512       1.05287
0.460601       0.441454       1.32507
0.436305       0.157587       2.19517
1.75605e-005       0.000313547       4.93858
0.603858       1.05086       0.499061
0.499292       1.05523       0.571169
0.470781       1.02215       0.634428
0.467169       0.778692       1.0551
0.323922       0.279686       2.19557
1.70744e-005       3.26953e-006       5.00765
0.450364       1.06005       0.654193
0.432384       1.14033       0.76091
0.415       0.992078       0.965438
0.420794       0.608752       1.30009
0.397488       1.07555       0.742523
0.33198       1.03698       0.818476
0.313341       0.888751       1.29451
0.137329       0.463675       2.12447
4.37696e-005       1.58122e-007       4.85101
0.367338       1.12263       0.86636
0.310263       1.06363       0.910983
0.250432       1.09472       1.13016
0.137181       0.586235       1.98958
0.000413984       1.63851e-007       5.02475
0.301673       1.03966       0.931574
0.222744       1.10765       1.24079
0.180813       0.933075       1.55266
0.163951       0.996843       1.81955
7.18099e-005       0.001202       4.88182
0.117966       1.00283       1.85937
1.62978e-005       0.733156       3.7617
