95.1942       0.0107118
10.3947       0.0975948
7.32359       0.137585
6.28479       0.159568
5.53184       0.182469
5.03202       0.201507
4.62628       0.222042
4.26693       0.237139
4.0354       0.251109
3.82769       0.263492
3.81361       0.2641
3.81114       0.263929
3.80781       0.263698
3.80991       0.263835
3.80776       0.263695
3.80879       0.263757
3.80683       0.263621
3.80585       0.263562
3.80895       0.263775
3.80995       0.263839
3.81243       0.264018
3.8146       0.264169
3.80867       0.263756
3.81039       0.263877
3.81069       0.263892
3.8075       0.263593
3.80848       0.263742
3.80967       0.263828
3.80654       0.263605
3.80746       0.263659
3.81051       0.263879
3.80929       0.263796
3.81124       0.263931
3.80578       0.26355
3.80643       0.263599
3.80781       0.263691
3.80661       0.263611
3.80964       0.263741
3.80924       0.263793
3.80654       0.263602
3.80665       0.263572
3.80581       0.26356
3.80621       0.263579
3.80599       0.263489
3.80557       0.26346
3.80413       0.263416
3.80692       0.263628
3.80645       0.26353
3.80743       0.263643
3.80944       0.263765
3.80756       0.263596
3.80709       0.263606
3.80513       0.263513
3.8035       0.2634
3.80711       0.263642
3.8097       0.263822
3.80912       0.263775
3.8081       0.263718
3.80852       0.263746
3.81024       0.263865
3.81       0.263835
3.811       0.263909
3.80736       0.263653
3.81116       0.263915
