0.999964       0.00464856
0.997565       0.0104305
0.990662       0.0206721
0.985612       0.0295536
0.976816       0.0416868
0.972835       0.0494651
0.967403       0.0611504
0.959149       0.0754768
0.950572       0.0846547
0.944739       0.0967897
0.93917       0.106352
0.931749       0.117364
0.924374       0.128923
0.91625       0.141033
0.90749       0.152267
0.902133       0.16237
0.894798       0.172431
0.887032       0.185514
0.880738       0.196151
0.870572       0.210032
0.863335       0.22137
0.857476       0.227391
0.848554       0.245126
0.840543       0.2575
0.835732       0.265346
0.82361       0.279375
0.816069       0.290987
0.805966       0.303946
0.800311       0.31353
0.790189       0.328192
0.780711       0.343399
0.772077       0.354425
0.762436       0.366869
0.753966       0.37845
0.74679       0.38926
0.736836       0.404771
0.729048       0.415895
0.717568       0.429106
0.707632       0.443421
0.696392       0.455176
0.687388       0.466992
0.677266       0.480606
0.667304       0.492256
0.656947       0.506767
0.645862       0.520264
0.634286       0.533182
0.623992       0.545972
0.614497       0.558685
0.604068       0.57085
0.596605       0.580689
0.580002       0.598137
0.571123       0.609548
0.561497       0.620695
0.546267       0.636155
0.539001       0.644142
0.526649       0.659246
0.513811       0.672092
0.503652       0.683442
0.490492       0.696941
0.477975       0.709996
0.46624       0.720939
0.455493       0.734414
0.442997       0.745123
0.431607       0.755534
0.417573       0.768399
0.406399       0.77859
0.394097       0.789175
0.381363       0.801091
0.369865       0.812798
0.355343       0.824638
0.344307       0.833651
0.332191       0.844369
0.317369       0.854684
0.305957       0.861609
0.291576       0.872032
0.279058       0.881324
0.26778       0.891654
0.255755       0.899594
0.241858       0.907822
0.228998       0.916985
0.216184       0.923368
0.206218       0.930921
0.192558       0.939222
0.180639       0.944928
0.165182       0.950841
0.152929       0.958069
0.14223       0.963154
0.133028       0.968637
0.120832       0.974937
0.109544       0.978553
0.0965745       0.980322
0.0827307       0.985545
0.0706041       0.991267
0.0605895       0.992452
0.0475111       0.995567
0.0406764       0.998073
0.0310182       0.998396
0.000408853       1.00168
3.97696e-005       1.00305
