0.306762       1.78579
0.306714       1.78551
0.306685       1.78534
0.306685       1.78534
0.306749       1.78571
0.306708       1.78548
0.306661       1.7852
0.306707       1.78547
0.306751       1.78572
0.306673       1.78527
0.306726       1.78558
0.306675       1.78529
0.306714       1.78551
0.306669       1.78525
0.306725       1.78558
0.306701       1.78543
0.306676       1.78529
0.306732       1.78561
0.306689       1.78536
0.306708       1.78548
0.306733       1.78562
0.306708       1.78547
0.306672       1.78526
0.306755       1.78575
0.306657       1.78518
0.30674       1.78566
0.306738       1.78565
0.306669       1.78525
0.306699       1.78542
0.306663       1.78521
0.306758       1.78577
0.306675       1.78528
0.306633       1.78504
0.306683       1.78533
0.306778       1.78588
0.306658       1.78518
0.306763       1.78579
0.306643       1.7851
0.306675       1.78528
0.306714       1.78551
0.306658       1.78518
0.306755       1.78575
0.306754       1.78574
0.306699       1.78542
0.299395       1.80675
0.292831       1.82169
0.284541       1.8407
0.276691       1.86333
0.266575       1.88973
0.261064       1.9072
0.250214       1.94091
0.243054       1.95934
0.232849       1.99732
0.225635       2.0169
0.21145       2.05041
0.204412       2.08604
0.197884       2.09869
0.188177       2.13545
0.179731       2.1728
0.167856       2.2196
0.157629       2.25449
0.145768       2.30299
0.136295       2.3862
0.120912       2.42205
0.111292       2.48836
0.104855       2.5452
0.0876092       2.65219
0.0737647       2.75233
0.0574673       2.84004
0.0403693       3.06075
0.0166174       3.34865
1.04454e-006       3.90632
