1.14471       2.90379e-005
1.06842       0.0105235
1.07401       0.0208419
1.03309       0.0281032
1.02583       0.0427514
1.01244       0.0470884
0.971208       0.0595219
0.970867       0.0635339
0.951644       0.0836236
0.937858       0.0836841
0.95714       0.0843101
0.957794       0.0828682
0.845205       0.169983
0.846401       0.175669
0.844029       0.187523
0.825145       0.189185
0.81308       0.203114
0.805562       0.214227
0.797441       0.219675
0.784766       0.233167
0.781845       0.248215
0.772908       0.251236
0.774483       0.251837
0.773772       0.251517
0.772454       0.251088
0.773046       0.251281
0.670931       0.338068
0.669372       0.348161
0.678689       0.352309
0.664169       0.358445
0.643858       0.368986
0.629141       0.376583
0.622198       0.383834
0.609074       0.399727
0.60516       0.403819
0.595208       0.422401
0.607051       0.401862
0.606111       0.404828
0.524913       0.531045
0.518982       0.526194
0.51075       0.536142
0.511409       0.543179
0.512162       0.537624
0.485691       0.576362
0.459633       0.587081
0.443582       0.605154
0.454997       0.636119
0.454563       0.635512
0.334281       0.704914
0.347207       0.720096
0.338189       0.713154
0.334303       0.704959
0.34199       0.72117
0.333361       0.736121
0.322656       0.748874
0.307306       0.75765
0.287628       0.778427
0.282462       0.783335
0.269325       0.802617
0.172399       0.875844
0.169912       0.874612
0.164932       0.865135
0.171114       0.869316
0.170796       0.8734
0.148056       0.893323
0.139514       0.898544
0.121032       0.906132
0.109321       0.929544
0.0924865       0.948909
0.0948594       0.953971
3.24472e-006       1.07031
5.21332e-006       1.10028
1.01382e-005       1.07281
3.60555e-005       1.09071
1.48638e-005       1.09543
