1.71871       0.820929       0.446333
1.71798       0.820568       0.446168
1.71774       0.820457       0.446105
1.71945       0.821278       0.446548
1.71843       0.820785       0.446282
1.72101       0.793631       0.497258
1.74074       0.71814       0.618089
1.72846       0.605637       0.718562
1.73022       0.499355       0.797533
1.72835       0.44892       0.825686
1.73505       0.450627       0.828832
1.73528       0.450754       0.82905
1.73858       0.451538       0.830519
1.71883       0.820988       0.446374
1.71847       0.820818       0.446266
1.71697       0.763117       0.537641
1.7287       0.66613       0.665052
1.73674       0.549506       0.768365
1.7353       0.450717       0.828998
1.73753       0.451277       0.830013
1.73896       0.451642       0.8307
1.71857       0.820858       0.446313
1.73943       0.722681       0.612452
1.72677       0.604875       0.719629
1.71795       0.461327       0.846072
1.73554       0.450768       0.829084
1.65921       0.910487       0.495053
1.60161       0.986464       0.536313
1.53303       1.07041       0.581967
1.45898       1.15933       0.630304
1.47969       1.09468       0.683009
1.47869       0.939592       0.939549
1.50126       0.609381       1.12069
1.45829       0.630429       1.15955
1.56191       0.577158       1.06076
1.62459       0.532261       0.978906
1.66646       0.496218       0.912711
1.44118       1.16946       0.635828
1.3628       1.23775       0.672934
1.26528       1.31598       0.715487
1.1536       1.40592       0.764362
1.21191       1.22158       0.960286
1.26882       0.862963       1.24121
1.11412       0.770159       1.41636
1.26963       0.718436       1.32145
1.37935       0.671757       1.23559
1.21276       1.3462       0.731892
1.08273       1.43599       0.780711
0.969333       1.48864       0.809331
0.931912       1.4863       0.85385
0.962471       1.20536       1.19615
0.931912       0.880109       1.47091
0.955812       0.812873       1.49506
1.07118       0.783866       1.44141
1.20249       0.739385       1.35998
0.945663       1.49946       0.815215
0.931912       1.30077       1.11631
0.931912       1.12276       1.29521
0.931912       0.895374       1.46167
0.931912       0.855967       1.48509
0.946209       0.815233       1.49928
0.931912       1.39014       1.00283
0.931912       0.830267       1.49961
0.931912       0.912582       1.45098
0.931912       0.895671       1.46148
0.931912       0.962972       1.41804
0.931912       1.11782       1.29947
0.931912       0.834177       1.49743
