2.06739       4.90971e-007
1.60235       0.0143244
1.48124       0.0471423
1.51055       0.0490945
1.45717       0.0750115
1.46656       0.0737889
1.38513       0.0734343
1.40611       0.0573818
1.22425       0.15369
1.28073       0.17365
1.19823       0.190394
1.16368       0.182767
1.12811       0.19717
1.13302       0.196947
1.09196       0.195299
0.886337       0.285142
0.946334       0.278829
0.948158       0.280818
0.850701       0.290283
0.838616       0.297527
0.815723       0.324366
0.824263       0.317535
0.749865       0.375767
0.753503       0.379377
0.733333       0.380837
0.728883       0.390316
0.660321       0.400145
0.669335       0.405607
0.658619       0.420538
0.671559       0.421865
0.595681       0.486066
0.583294       0.489816
0.575448       0.496119
0.568286       0.510348
0.564012       0.513784
0.517364       0.518083
0.553929       0.513356
0.457648       0.576941
0.435502       0.579778
0.441772       0.593925
0.438865       0.586466
0.428523       0.597319
0.424709       0.612179
0.399376       0.612671
0.413403       0.639439
0.337567       0.713395
0.337301       0.687444
0.325337       0.698426
0.326071       0.731068
0.319363       0.731592
0.301116       0.762564
0.295804       0.766714
0.222852       0.815312
0.223472       0.813533
0.226178       0.823384
0.224407       0.821001
0.214132       0.828722
0.189072       0.847523
0.198126       0.850917
0.190833       0.913052
0.093799       0.955066
0.126226       0.971988
0.0888909       0.944339
0.0824647       0.949222
0.105223       0.953328
0.0798409       0.978718
0.0671781       1.00122
0.0659519       1.01751
1.88417e-006       1.06719
3.1511e-005       1.07566
2.14015e-006       1.07571
1.39662e-007       1.04774
1.95797e-006       1.04884
