0.999857       3.43538
0.999061       3.43492
0.999269       3.43534
0.999823       3.43546
0.998977       3.43496
0.999394       3.4353
0.999269       3.4347
0.999071       3.4352
0.999368       3.43408
0.999454       3.43405
0.999617       3.43403
0.99929       3.43536
0.999435       3.4344
0.999377       3.43444
0.999355       3.43431
0.99919       3.43441
0.999481       3.43463
0.999271       3.43444
0.999362       3.43437
0.999076       3.43444
0.999192       3.43468
0.999233       3.43458
0.999603       3.43475
0.999213       3.43455
0.999167       3.43462
0.998881       3.43486
0.998994       3.43485
0.999267       3.43494
0.999857       3.43439
0.999932       3.435
0.999844       3.43421
0.999874       3.43411
0.999897       3.43505
0.999997       3.43496
0.999813       3.43474
0.999726       3.43439
0.999412       3.4341
0.999787       3.43384
0.999522       3.43443
0.999607       3.43433
0.999983       3.43372
0.999341       3.43454
0.99979       3.43529
0.99994       3.43424
0.99992       3.43415
0.999206       3.43471
0.999405       3.43421
0.99979       3.43435
0.999582       3.4345
0.999875       3.43438
0.999992       3.43494
0.987167       3.45774
0.93924       3.51085
0.897575       3.56344
0.855166       3.60715
0.802361       3.68218
0.771502       3.72611
0.729483       3.78974
0.675408       3.85999
0.639586       3.88421
0.591358       3.96578
0.543061       4.01688
0.504137       4.07666
0.467975       4.15424
0.421513       4.2554
0.373496       4.28537
0.321222       4.39679
0.2837       4.47805
0.211677       4.62748
0.175303       4.72842
0.146794       4.7502
0.0704273       4.88374
0.0453419       5.12284
5.1945e-008       6.29282
