0.767225       0.761034       4.35378e-006
0.780093       0.58974       0.0466226
0.761039       0.486268       0.0956523
0.767245       0.399728       0.119412
0.7569       0.385456       0.138696
0.761068       0.380113       0.215352
0.760705       0.313835       0.28441
0.755676       0.230813       0.289949
0.756203       0.201483       0.312111
0.753948       0.185767       0.41871
0.755026       0.113732       0.472036
0.761167       0.0799895       0.476997
0.750957       0.0285727       0.4902
0.71416       1.60346e-005       0.616285
0.51778       0.63989       0.0204742
0.612705       0.612887       0.00324495
0.76847       0.398205       0.128642
0.75947       0.367469       0.259448
0.757613       0.251991       0.286549
0.7548       0.213799       0.297579
0.757643       0.189742       0.377481
0.761017       0.0921916       0.476931
0.530378       0.0446449       0.56132
0.54256       0.0159443       0.61144
0.477771       0.658163       0.0852841
0.475839       0.535773       0.113164
0.575995       0.427248       0.158887
0.765187       0.381887       0.217446
0.755188       0.333836       0.278592
0.747803       0.229637       0.296574
0.745228       0.212715       0.321881
0.724952       0.169078       0.484846
0.558372       0.078651       0.563238
0.494981       0.0613404       0.576514
0.534065       0.0416983       0.61808
0.469225       0.659902       0.0538896
0.468477       0.451375       0.15415
0.479908       0.448673       0.203633
0.488724       0.427296       0.187573
0.533863       0.293272       0.336669
0.51927       0.251828       0.360332
0.515555       0.215056       0.42798
0.496443       0.0869974       0.576536
0.507551       0.0196464       0.587162
0.473044       0.588285       0.10933
0.470059       0.582309       0.108917
0.47378       0.663786       0.0215173
0.465361       0.429991       0.208164
0.481449       0.29283       0.34177
0.489962       0.321572       0.347797
0.474351       0.22316       0.444108
0.482415       0.169367       0.559457
0.474832       0.651277       0.0813686
0.474182       0.420268       0.313798
0.473625       0.663122       0.059695
0.469456       0.657496       0.0030641
0.472769       0.286311       0.334162
0.483156       0.226648       0.38136
0.474309       0.645313       0.0882243
0.469938       0.44657       0.1635
0.469825       0.257324       0.340879
0.470331       0.662501       0.0236722
0.473581       0.448756       0.185728
0.470343       0.427251       0.297254
0.46932       0.507466       0.112331
0.468908       0.601046       0.107075
0.468074       0.653725       0.0603983
0.46775       0.64484       0.0792363
0.472719       0.44027       0.265014
0.467719       0.635701       0.0869869
0.467375       0.429931       0.285419
0.467353       0.524773       0.110088
0.470024       0.652558       0.0465857
0.468913       0.601052       0.107076
0.465224       0.603514       0.105224
0.468408       0.497212       0.115942
0.467496       0.635665       0.086982
0.466509       0.458354       0.132864
0.47451       0.657092       0.04834
0.473548       0.667405       0.0500458
