0.996801       0.00414253
0.98132       0.0116117
0.971752       0.0166659
0.946421       0.0308778
0.927111       0.0401168
0.916171       0.0440556
0.893485       0.0567839
0.886325       0.0600737
0.858219       0.0736337
0.83526       0.0862991
0.825987       0.0934215
0.808677       0.101357
0.796399       0.108357
0.783107       0.116161
0.771612       0.126262
0.749541       0.135865
0.736705       0.143026
0.723562       0.151405
0.711819       0.157016
0.700264       0.16541
0.677897       0.178192
0.670909       0.183291
0.659643       0.190584
0.654011       0.196021
0.649596       0.201517
0.628755       0.211432
0.617319       0.217931
0.622801       0.219507
0.59279       0.241852
0.587418       0.244327
0.57402       0.254657
0.580907       0.260154
0.558221       0.295281
0.548059       0.292239
0.550475       0.285409
0.526129       0.321856
0.514164       0.332839
0.507974       0.330354
0.510628       0.349384
0.507787       0.32918
0.47392       0.385795
0.500417       0.389906
0.495183       0.415026
0.476339       0.406813
0.487663       0.424951
0.47774       0.472648
0.492132       0.353991
0.425237       0.50643
0.513445       0.431599
0.47052       0.404436
0.452277       0.538666
0.439177       0.63726
0.437228       0.783666
0.507673       0.411969
0.439177       0.525381
0.410945       0.752618
0.421557       0.818135
0.347369       0.817601
0.346827       0.947842
0.348343       0.702777
0.374362       0.96998
0.374362       1.0025
0.32395       1.02853
0.346827       1.09904
0.319368       1.27347
0.31022       0.956596
0.336354       1.31141
0.189743       1.23222
0.273399       1.57432
0.159336       1.4845
0.159336       1.91419
0.195728       1.77255
0.102397       1.96284
0.120751       1.99741
0.049705       2.28721
0.0781749       2.11242
0.025882       2.39381
0.0106789       2.65601
0.00863175       2.71027
