6.89452       9.08306e-006
6.68705       0.0658292
6.55785       0.123883
6.42574       0.198389
6.37645       0.25328
6.31598       0.313306
6.25587       0.403791
6.22501       0.473326
6.2102       0.521465
6.17491       0.604583
6.16122       0.64867
6.13164       0.764275
6.12869       0.774801
6.09535       0.883048
6.07636       0.989208
6.03347       1.06619
5.99613       1.14481
5.94651       1.23053
5.87823       1.30026
5.8207       1.36589
5.73637       1.44381
5.52119       1.49151
5.36335       1.53377
5.23798       1.57324
5.08745       1.62069
4.97448       1.67829
4.89078       1.73466
4.81875       1.80277
4.76739       1.86919
4.72094       1.95119
4.68517       2.03156
4.65998       2.10974
4.62939       2.20042
4.61132       2.26574
4.57002       2.39707
4.55103       2.45423
4.52834       2.58357
4.47385       2.65115
4.4153       2.74575
4.32409       2.84504
4.2744       2.90612
4.16662       2.94865
4.06707       2.99152
3.92092       3.03966
3.84113       3.06163
3.71981       3.09876
3.60864       3.1353
3.50866       3.18353
3.41713       3.22671
3.34692       3.27907
3.29188       3.3395
3.227       3.42818
3.17742       3.51887
3.14152       3.59139
3.10959       3.70267
3.07188       3.83106
3.04391       3.94146
3.01022       4.03724
2.94396       4.18183
2.89239       4.27633
2.81551       4.36235
2.74764       4.41712
2.66269       4.47093
2.56303       4.5153
2.49615       4.53831
2.38275       4.58941
2.25511       4.60803
2.17443       4.63237
2.11131       4.65502
2.0252       4.68452
1.95091       4.72797
1.83192       4.79301
1.79661       4.82371
1.719       4.9067
1.66464       4.9954
1.6233       5.07893
1.5754       5.21597
1.52941       5.37386
1.48679       5.5366
1.43699       5.65235
1.36788       5.78784
1.29753       5.87483
1.2261       5.94793
1.10958       6.00879
1.05388       6.0404
0.954483       6.06953
0.901949       6.0867
0.828183       6.11172
0.76321       6.13045
0.666773       6.15418
0.612981       6.17313
0.54274       6.19821
0.466046       6.2258
0.377673       6.27076
0.330741       6.29976
0.254323       6.36141
0.189743       6.43615
0.128185       6.53322
0.0508396       6.72811
1.45998e-011       6.90662
