0.999628       3.43458
0.999662       3.43514
0.999608       3.43435
0.999895       3.43395
0.999359       3.43429
0.999628       3.4343
0.999203       3.43441
0.999745       3.43416
0.999588       3.43475
0.999725       3.43435
0.99955       3.43399
0.999416       3.43405
0.999805       3.4349
0.999582       3.435
0.999728       3.43459
0.999876       3.43487
0.999622       3.43555
0.999616       3.43485
0.999939       3.43481
0.999516       3.43451
0.999635       3.43555
0.999556       3.43474
0.999763       3.43525
0.998907       3.43548
0.999289       3.43554
0.999208       3.43539
0.999984       3.43394
0.999992       3.43544
0.999987       3.43463
0.999984       3.43384
0.999985       3.43435
0.999984       3.43376
0.999985       3.4344
0.999983       3.43388
0.99998       3.43456
0.999011       3.43567
0.999984       3.43461
0.999993       3.4349
0.999993       3.43578
0.999535       3.43455
0.999438       3.43501
0.999434       3.43514
0.998905       3.43589
0.986016       3.45629
0.942424       3.51153
0.895367       3.56591
0.848725       3.61443
0.809843       3.66665
0.767004       3.71814
0.726367       3.77229
0.682947       3.82967
0.647088       3.90407
0.588239       3.94811
0.551416       4.02244
0.503142       4.06871
0.453527       4.16053
0.406323       4.22928
0.360549       4.27551
0.318792       4.37841
0.282137       4.43865
0.227566       4.55221
0.165442       4.66022
0.126988       4.75451
0.0761387       4.89171
0.0457298       4.96092
9.81113e-007       6.09952
