1       4.81242e-007
1       0.000333398
1       0.000348338
1       0.00033665
1       0.000349782
1       0.000332205
1       0.000342234
1       0.000370159
1       0.000126547
1       0.000378465
1       0.000329371
1       0.000323211
1       0.000332205
1       0.00015796
1       0.000342667
1       0.000372927
1       3.08674e-005
1       0.000469926
0.987915       0.389527
0.966823       0.400893
0.954465       0.413194
0.938754       0.429567
0.927757       0.44342
0.914953       0.454376
0.892044       0.466318
0.864298       0.475938
0.843084       0.482455
0.820867       0.487829
0.788801       0.492537
0.754269       0.495676
0.730552       0.497159
0.698707       0.498514
0.665028       0.499525
0.651081       0.500299
0.623773       0.500781
0.599504       0.5019
0.579878       0.503114
0.558055       0.505654
0.539397       0.508783
0.521196       0.510815
0.500165       0.515433
0.489239       0.517444
0.471257       0.521581
0.459374       0.529279
0.444758       0.535133
0.432135       0.540353
0.419865       0.546005
0.409969       0.553476
0.398686       0.567461
0.387208       0.575406
0.380332       0.585696
0.372497       0.594733
0.364373       0.608538
0.356131       0.624691
0.350862       0.642536
0.345056       0.659827
0.34098       0.680903
0.3373       0.708603
0.335837       0.726674
0.334108       0.764885
0.332225       0.801019
0.330949       0.819772
0.324932       0.868254
0.316305       0.897174
0.308521       0.913178
0.297793       0.930289
0.28449       0.944108
0.268429       0.956418
0.258754       0.962821
0.243009       0.970119
0.231869       0.974486
0.217346       0.979426
0.203002       0.983357
0.189011       0.986411
0.173647       0.989226
0.16154       0.991134
0.149078       0.992744
0.135642       0.994215
0.124143       0.995141
0.109486       0.996516
0.0982656       0.997034
0.0867722       0.997562
0.0752336       0.998108
0.0636526       0.998526
0.0499534       0.998952
0.04095       0.999206
0.0288461       0.999451
0.0192622       0.99965
0.00527149       0.999928
5.13672e-006       1.00002
