1.71856       0.820858       0.446281
1.71832       0.820744       0.446219
1.71828       0.820725       0.446208
1.71836       0.820766       0.44623
1.71829       0.82073       0.446212
1.71885       0.793748       0.493323
1.72192       0.711539       0.608811
1.73228       0.621023       0.708362
1.71825       0.488308       0.79686
1.71583       0.445744       0.819876
1.71565       0.445712       0.819817
1.71521       0.445587       0.819586
1.71551       0.44566       0.819722
1.71567       0.445707       0.819808
1.71842       0.820794       0.446247
1.71826       0.820718       0.446205
1.71933       0.764026       0.538779
1.72132       0.655373       0.668467
1.71891       0.529123       0.770819
1.71538       0.44564       0.819685
1.71523       0.445598       0.819606
1.71663       0.445904       0.820171
1.71508       0.445557       0.819532
1.7068       0.844254       0.459093
1.71812       0.721475       0.593301
1.72165       0.589032       0.727829
1.71306       0.450301       0.827676
1.66259       0.909177       0.494408
1.60493       0.992       0.539431
1.54697       1.05741       0.575116
1.45925       1.15358       0.627976
1.49195       1.12599       0.612172
1.54209       0.843596       0.899721
1.49677       0.694945       1.12788
1.46756       0.616416       1.13362
1.55839       0.563454       1.0352
1.60056       0.534003       0.982136
1.66472       0.492783       0.906262
1.44559       1.16626       0.634317
1.36363       1.24928       0.679201
1.27333       1.34852       0.733278
1.10632       1.42892       0.776866
1.17541       1.22269       1.00044
1.25632       1.00014       1.11849
1.16013       0.772616       1.36838
1.25693       0.715324       1.31541
1.3699       0.670412       1.23099
1.42567       0.646506       1.18802
1.19303       1.37075       0.746624
1.07737       1.43387       0.779559
0.970762       1.48956       0.809834
0.931912       1.46272       0.893656
0.949552       1.20518       1.20565
0.931912       0.866446       1.479
0.95851       0.812463       1.4944
1.08908       0.778352       1.43165
1.20379       0.745273       1.37079
0.956064       1.49462       0.812596
0.931912       1.42696       0.949703
0.931912       1.45398       0.907807
0.931912       1.25817       1.16412
0.931912       0.955421       1.42314
0.949407       0.814355       1.49788
0.931912       1.43766       0.933428
0.931912       1.4934       0.841371
0.931912       1.23669       1.18691
0.931912       1.35091       1.05508
0.931912       1.19892       1.22505
0.931912       1.01286       1.38285
0.931912       0.940426       1.43309
0.931912       1.48988       0.847588
0.931912       1.2061       1.21799
0.931912       1.4363       0.935522
0.931912       1.37454       1.02411
0.931912       1.14621       1.27451
0.931912       1.12633       1.29211
0.931912       1.47635       0.870954
0.931912       1.29826       1.11924
0.931912       0.962227       1.41855
0.931912       1.38888       1.00457
0.931912       1.4498       0.914458
0.931912       1.48407       0.857734
0.931912       1.12516       1.29312
0.931912       1.4817       0.861808
0.931912       1.44114       0.928042
0.931912       1.42108       0.958489
0.931912       1.11729       1.29993
