0.230609       0.22983       2.23794e-009
0.976191       1.33329e-008       9.71522e-005
0.980337       3.16833e-009       5.1747e-005
0.968224       2.04233e-008       0.000133738
0.967977       2.50494e-008       0.000143515
0.96049       6.83382e-008       0.000238173
0.949527       1.70293e-007       0.000387569
0.949444       5.48486e-007       0.000581294
0.918786       1.63933e-006       0.00103437
0.235471       4.03039e-057       0.225249
0.000179087       0.973515       7.21503e-005
0.307698       0.168741       1.81725e-006
0.159384       0.118105       0.042809
0.226817       0.0842711       0.0436688
0.254881       0.0614411       0.0456591
0.257536       0.0474225       0.0488958
0.278914       0.0382655       0.051875
0.289211       0.0355199       0.0513582
0.320017       0.0273631       0.0512559
1.10362e-087       1.63535e-074       1
0.000121042       0.941593       0.00010876
0.0822463       0.286136       0.0279547
0.154578       0.136562       0.0391458
0.174593       0.087536       0.0499735
0.191328       0.0757496       0.0528662
0.209884       0.0653947       0.0511251
0.21596       0.0621114       0.052988
0.226304       0.0563599       0.0518358
0.15866       6.96247e-006       0.309968
1.43439e-086       2.29761e-074       1
0.00012105       0.941653       0.000108767
0.0891544       0.245639       0.0302946
0.110302       0.163087       0.0410523
0.129666       0.130387       0.0477768
0.150165       0.109073       0.0482098
0.161866       0.0974028       0.0503784
0.175896       0.0870167       0.0528179
0.185735       0.0800183       0.0520686
0.184963       1.28717e-006       0.283997
0.131533       5.54373e-005       0.359233
0.0645018       0.258503       0.0316121
0.0934934       0.186653       0.0409736
0.117467       0.156025       0.0415249
0.145115       0.11295       0.0492045
0.155644       0.103666       0.0485949
0.155784       9.62039e-006       0.317549
0.0824557       0.000607667       0.430724
0.0555549       0.289626       0.0325878
0.0827566       0.210158       0.0373661
0.104524       0.168327       0.0429824
0.117951       0.147227       0.0475879
0.130047       0.13077       0.047917
0.138558       1.30709e-005       0.35158
1.4317e-088       5.24254e-081       1
0.0522801       0.300059       0.0277463
0.0750704       0.230582       0.0346418
0.110537       0.162848       0.0407526
4.25845e-005       0.14386       0.327293
0.00187391       0.0661074       0.447517
0.04712       0.328515       0.0246162
0.0697696       0.243413       0.0338491
0.0865026       0.2017       0.0387914
1.23071e-005       0.158998       0.308925
0.000587175       0.0823059       0.420369
0.0428864       0.339728       0.0246544
0.061067       0.274426       0.0297693
3.27259e-006       0.187617       0.275348
0.000220244       0.102752       0.405289
2.55885e-100       1.56509e-082       1
0.0400845       0.36075       0.0218731
5.1645e-048       0.229223       0.229279
9.4736e-005       0.120743       0.365424
0.0368086       0.372601       0.0205808
9.29091e-006       0.159914       0.312861
0.000101432       0.948189       8.22597e-005
5.1645e-048       0.229223       0.229279
