0.98792       0.0403234
0.936114       0.0519523
0.88721       0.0733616
0.97838       0.0386964
0.949583       0.0556021
0.881361       0.0754035
0.870766       0.0817805
0.845814       0.0999802
0.828459       0.107797
0.799672       0.119241
0.783633       0.1254
0.779661       0.138773
0.76263       0.146948
0.748053       0.155762
0.730137       0.16256
0.715364       0.169791
0.696204       0.178124
0.687053       0.187601
0.671805       0.191378
0.66123       0.200799
0.654365       0.209506
0.643244       0.218796
0.62814       0.222529
0.618838       0.232548
0.601915       0.239915
0.594033       0.242355
0.585992       0.250898
0.5695       0.265912
0.565943       0.266415
0.554143       0.274684
0.537085       0.284501
0.52001       0.296049
0.51322       0.303911
0.512168       0.303788
0.49771       0.318176
0.487628       0.332153
0.476788       0.338542
0.464437       0.350991
0.460636       0.363818
0.442826       0.370262
0.422953       0.400399
0.420333       0.407534
0.408374       0.41984
0.369136       0.424755
0.392397       0.443788
0.381362       0.456005
0.372354       0.478799
0.367025       0.499382
0.3319       0.457471
0.336451       0.524788
0.315857       0.527859
0.294503       0.529366
0.311074       0.552938
0.293037       0.557519
0.257146       0.565207
0.272005       0.573418
0.249102       0.593311
0.197172       0.598961
0.207688       0.59872
0.209989       0.606476
0.204758       0.632217
0.211681       0.618696
0.186047       0.651137
0.191262       0.649477
0.169478       0.724594
0.174413       0.710355
0.150178       0.787348
0.139688       0.81179
0.116152       0.815116
0.111511       0.824688
0.103879       0.876623
0.100982       0.853877
0.0614179       0.98247
0.0775627       1.08453
0.0275504       1.10349
0.0352793       1.03234
0.017015       1.24025
0.0100493       1.36067
0.000523129       2.13869
