220.289       0.0287812
11.1369       0.108886
8.22479       0.127309
6.66343       0.172419
5.75761       0.192018
5.16962       0.21561
4.63452       0.221437
4.44185       0.24665
4.15926       0.261166
3.80823       0.269129
3.67004       0.2783
3.51863       0.293173
3.32857       0.307332
3.23725       0.31496
3.17496       0.325063
3.06612       0.333194
2.95783       0.343939
2.8872       0.354948
2.82898       0.363054
2.75078       0.366804
2.69749       0.383678
2.63014       0.389665
2.58798       0.400834
2.53126       0.406621
2.49053       0.419559
2.4356       0.423419
2.38663       0.424447
2.35274       0.431449
2.31129       0.437455
2.27678       0.446073
2.24799       0.450789
2.21295       0.45718
2.21483       0.457608
2.2269       0.460087
2.22167       0.459024
2.22033       0.458732
2.20861       0.456195
2.21348       0.457238
2.21763       0.45728
2.21804       0.457151
2.21905       0.458048
2.21575       0.457664
2.21841       0.456726
2.22141       0.458795
2.21271       0.456117
2.21593       0.457324
2.21811       0.456323
2.21195       0.455211
2.21436       0.457473
2.21781       0.457317
2.21046       0.455825
2.21699       0.45683
2.21175       0.456029
2.2122       0.456248
2.21278       0.455928
2.20862       0.454819
2.21789       0.455853
2.21818       0.458213
2.20554       0.455364
2.20467       0.454937
2.21921       0.456546
2.21012       0.455491
2.20853       0.456289
2.21175       0.455778
2.21754       0.456867
2.20707       0.45582
2.21555       0.455912
2.21793       0.457183
2.21775       0.456503
2.21421       0.456416
