1.84513       2.10602
1.44081       2.2131
1.84191       2.14032
1.73727       2.06435
2.18637       2.22261
1.68004       2.16411
1.42944       2.22077
1.77694       2.03649
1.43396       1.97433
1.33804       2.14683
1.0125       2.00406
1.46875       2.25602
1.01161       2.25987
1.43646       2.24807
1.51506       2.35197
1.21838       2.3334
1.50655       2.1551
1.04243       2.18907
1.20476       2.45474
0.688735       2.36268
0.805966       2.25306
1.07757       2.37094
0.920476       2.47714
1.06644       2.42315
0.935684       2.445
0.676831       2.52948
0.783553       2.48734
0.981005       2.60138
0.901184       2.38972
0.743017       2.48903
0.739483       2.76532
0.758705       2.57723
0.710493       2.6569
0.738268       2.76077
0.714654       2.6382
0.683201       2.85785
0.686773       2.87882
0.715739       2.92276
0.68451       3.01889
0.612587       2.80049
0.736796       3.16289
0.512067       3.22027
0.615986       3.06395
0.605854       3.10497
0.499602       3.21039
0.612852       3.22904
0.54934       3.31863
0.51941       3.28317
0.47354       3.33639
0.428024       3.24734
0.351132       3.19809
0.357616       3.30804
0.369673       3.4877
0.300988       3.34004
0.361197       3.33455
0.191699       3.55982
0.321717       3.46077
0.265398       3.60028
0.257493       3.40346
0.252647       3.77615
0.145552       3.6695
0.218273       3.82753
0.156796       4.42824
0.165153       4.6828
0.146094       4.63551
0.0707726       4.86774
0.0486525       4.95162
0.0210963       5.34125
3.9838e-005       6.00196
