1.08086       8.54373e-005
1.00517       0.000638354
0.99518       0.0397788
0.988647       0.0524296
0.982297       0.0632149
0.971586       0.0734313
0.965588       0.0840493
0.944337       0.0928518
0.922302       0.101929
0.892379       0.111061
0.868372       0.119951
0.846975       0.128417
0.831293       0.136684
0.81865       0.144806
0.815201       0.148892
0.803275       0.167034
0.797427       0.17511
0.793784       0.184759
0.786246       0.199288
0.786148       0.205321
0.780198       0.221046
0.778452       0.229823
0.776766       0.237672
0.771494       0.259318
0.76534       0.271787
0.756407       0.283788
0.752166       0.296961
0.737227       0.306176
0.721084       0.317563
0.709008       0.323913
0.691503       0.328119
0.673958       0.334228
0.654888       0.340023
0.629359       0.34751
0.621467       0.353744
0.609773       0.363458
0.595187       0.368083
0.586157       0.377925
0.578146       0.392127
0.575178       0.40584
0.568771       0.413644
0.56429       0.423644
0.556446       0.445176
0.54994       0.472449
0.542557       0.491983
0.538328       0.504434
0.52943       0.5125
0.518763       0.526786
0.502508       0.536774
0.487677       0.542768
0.477514       0.546929
0.459922       0.554435
0.444805       0.556674
0.43041       0.560896
0.417349       0.564914
0.400931       0.571859
0.392844       0.576353
0.376459       0.588069
0.372344       0.592007
0.360161       0.607802
0.352889       0.62098
0.346275       0.634229
0.34144       0.649296
0.335472       0.670577
0.329856       0.689449
0.324939       0.701582
0.314316       0.728653
0.303421       0.74091
0.294745       0.748633
0.282125       0.761198
0.271505       0.764165
0.258268       0.769854
0.246287       0.773613
0.230102       0.778017
0.221439       0.7796
0.207729       0.785386
0.199308       0.7872
0.187663       0.792064
0.172408       0.797594
0.161684       0.808175
0.15092       0.812953
0.145387       0.81859
0.136865       0.830009
0.127551       0.845423
0.11896       0.868446
0.111096       0.897693
0.103072       0.924051
0.0910976       0.94622
0.0813531       0.959173
0.0696663       0.974837
0.0531416       0.989006
0.0524959       0.990017
0.0406722       0.994865
0.0232858       0.9974
0.0202236       0.997513
0.00922189       0.999478
1.01085e-005       1.00631
