0.999702       0.0109806
0.994052       0.0136168
0.971248       0.0302386
0.970301       0.0384531
0.954565       0.0483165
0.942797       0.0592209
0.934727       0.066317
0.919038       0.0755723
0.907531       0.0911129
0.883152       0.0985855
0.869536       0.116596
0.856712       0.126886
0.838217       0.13889
0.829428       0.147898
0.81412       0.159498
0.806066       0.16526
0.792774       0.175978
0.780968       0.184424
0.770963       0.193131
0.762311       0.206052
0.752765       0.20826
0.737425       0.22383
0.733355       0.226447
0.719267       0.243696
0.707186       0.250642
0.695283       0.261235
0.684655       0.270004
0.674028       0.27978
0.668632       0.292554
0.657539       0.298815
0.645211       0.304459
0.634662       0.314869
0.618525       0.329016
0.617295       0.335027
0.60826       0.342106
0.594129       0.355571
0.585683       0.362717
0.575014       0.37435
0.558038       0.383984
0.549144       0.404012
0.533463       0.409133
0.525593       0.419088
0.515824       0.432336
0.508844       0.438717
0.496888       0.448386
0.485712       0.45748
0.477676       0.468669
0.467606       0.470721
0.4537       0.487237
0.444889       0.497067
0.433793       0.501931
0.420326       0.512954
0.413157       0.517374
0.400573       0.533926
0.386685       0.545326
0.377983       0.553657
0.368777       0.56587
0.357123       0.578379
0.35321       0.578812
0.33714       0.594037
0.328436       0.60308
0.322405       0.611802
0.305       0.629098
0.296665       0.637859
0.290294       0.646672
0.284277       0.650388
0.268242       0.661546
0.264892       0.668692
0.251155       0.685167
0.245055       0.685812
0.236826       0.704763
0.22566       0.709087
0.213884       0.727232
0.20708       0.731843
0.200337       0.745219
0.191945       0.748681
0.180102       0.760917
0.171703       0.773422
0.162896       0.789184
0.136339       0.813014
0.136339       0.821318
0.127176       0.839795
0.113897       0.865568
0.107779       0.875327
0.097507       0.879769
0.0833661       0.89343
0.0792196       0.907491
0.0669362       0.908535
0.0584877       0.934707
0.047984       0.961316
0.0297103       0.975194
0.0149318       1.01392
0.0089142       1.02598
2.48432e-007       1.80811
