1.1091       1.34617       1.34824e-005
1.81163       0.60447       0.0322703
1.80943       0.546132       0.0995816
1.81174       0.424435       0.122888
1.81593       0.406369       0.166977
1.81087       0.402402       0.222083
1.81303       0.34628       0.299578
1.80933       0.260003       0.30513
1.81118       0.210953       0.338665
1.82021       0.199421       0.448656
1.80712       0.14485       0.499541
1.8194       0.0737975       0.507609
1.80651       0.0424709       0.509598
1.1161       7.11173e-007       1.34201
0.843336       2.04553       0.0122824
1.31759       1.32       0.0893387
1.77122       0.867205       0.0102481
1.77916       0.524024       0.1399
1.80648       0.421662       0.222612
1.81857       0.389239       0.278105
1.80985       0.284292       0.302863
1.7945       0.23382       0.356253
1.79947       0.215602       0.401187
1.79599       0.0822821       0.535928
1.76305       0.0202396       0.867154
1.17948       0.0872843       1.17438
0.843336       0.000768108       2.02094
0.843336       2.04226       0.084042
0.884371       1.73619       0.0408617
1.14036       1.16825       0.221517
1.20553       0.918749       0.326059
1.70687       0.816622       0.336935
1.74213       0.510588       0.569891
1.67407       0.503132       0.641662
1.34072       0.45088       0.789098
1.59362       0.404225       1.00924
1.1161       0.131264       1.12487
0.843575       0.167987       1.72174
0.843336       0.00077375       2.02077
0.843336       2.04529       0.0199585
0.843336       2.04527       0.0205956
0.886743       1.31912       0.298237
0.976265       1.00497       0.317574
1.10026       0.878282       0.594638
1.01939       0.593039       0.699976
0.999988       0.512155       0.743392
1.05113       0.449985       1.0012
0.908471       0.133031       1.36347
0.843336       0.0172281       1.86934
0.843336       0.00980476       1.90571
0.843336       2.03499       0.146826
0.843336       1.3946       0.465546
0.887726       1.1172       0.472633
0.945697       0.750042       0.724003
0.889308       0.672607       0.854394
0.885003       0.572985       1.14948
0.846904       0.442711       1.6925
0.843336       4.19454e-005       2.04448
0.843336       2.04506       0.0268114
0.843336       2.04499       0.0289701
0.843336       0.95091       1.0258
0.843336       0.699565       1.18593
0.843336       0.0282782       1.83521
0.843336       0.286559       1.70683
0.843336       2.04515       0.0242572
0.843336       1.49107       0.370555
0.843336       0.625192       1.62403
0.843336       5.27841e-005       2.04411
0.843336       2.04422       0.049045
0.843336       2.04573       0.0054672
0.843336       1.89063       0.321253
0.843336       0.699565       1.18593
0.843336       0.000542049       2.02795
0.843336       2.04509       0.0260507
0.843336       2.04433       0.0465137
0.843336       2.04549       0.0133169
0.843336       2.04271       0.0773911
0.843336       0.286559       1.70683
0.843336       2.04525       0.0210209
0.843336       2.04548       0.0138887
0.843336       2.0447       0.0371132
0.843336       1.87757       0.32473
0.843336       2.04507       0.0266145
0.843336       2.04271       0.0773911
0.843336       2.045       0.0285558
0.843336       2.04156       0.0931327
