1.52512       0.462002       0.146856
1.51895       0.460128       0.14628
1.52078       0.461153       0.146593
1.53338       0.455081       0.174544
1.53462       0.412294       0.260695
1.56877       0.376899       0.326501
1.53459       0.308694       0.37769
1.51875       0.255173       0.411857
1.53089       0.195372       0.445675
1.52       0.146361       0.460452
1.52197       0.146551       0.461051
1.5217       0.146525       0.460967
1.51939       0.146303       0.460269
1.52457       0.461832       0.146812
1.5234       0.475853       0.151477
1.50209       0.502866       0.159864
1.54231       0.43923       0.217754
1.54561       0.3976       0.28859
1.53937       0.350633       0.342091
1.52179       0.28786       0.38875
1.53899       0.219729       0.437067
1.51417       0.153746       0.483687
1.52005       0.146366       0.460468
1.38058       0.773949       0.246082
1.33762       0.829069       0.263566
1.29489       0.901035       0.286537
1.31674       0.859398       0.274125
1.39774       0.714339       0.332796
1.44533       0.532944       0.431779
1.44754       0.475293       0.487309
1.41017       0.395765       0.645162
1.31032       0.274476       0.862656
1.30303       0.28282       0.889155
1.34335       0.26935       0.846813
1.37046       0.250361       0.786547
1.14074       1.07472       0.341792
1.0787       1.1324       0.360159
1.00511       1.19103       0.378887
1.09632       1.09256       0.4197
1.2131       0.899624       0.608322
1.24741       0.709652       0.709947
1.21265       0.513624       0.921759
1.10589       0.350034       1.10119
0.995919       0.376191       1.18338
1.08335       0.360744       1.13477
1.13436       0.344767       1.08343
0.892255       1.26012       0.401022
0.819272       1.30169       0.414415
0.73309       1.34943       0.429005
0.904671       1.20744       0.547713
1.01392       0.981033       0.767537
1.01622       0.767058       0.962317
0.924777       0.544985       1.19641
0.744774       0.428431       1.34774
0.817916       0.417297       1.31219
0.891501       0.401021       1.25913
0.691099       1.3706       0.436504
0.617566       1.39755       0.445477
0.549437       1.42019       0.453004
0.66689       1.23362       0.749807
0.750348       0.989674       0.990841
0.740961       0.730042       1.20684
0.554491       0.464801       1.41506
0.614319       0.444528       1.39778
0.683083       0.435815       1.37027
0.52591       1.42839       0.454585
0.480985       1.44153       0.460125
0.549511       1.20106       0.895539
0.480985       0.905805       1.21212
0.480985       0.542579       1.41256
0.480985       0.458515       1.44204
0.531168       0.453831       1.42772
0.480985       1.07371       1.06624
0.480985       0.520532       1.42083
0.480985       0.520532       1.42083
0.480985       1.2426       0.86352
0.480985       0.74138       1.31912
