1       4.10769e-013
1       3.68541e-013
0.990847       0.0406008
0.986627       0.0507444
0.981063       0.0627586
0.974578       0.0727594
0.966432       0.0841716
0.957598       0.0946152
0.946162       0.106276
0.933192       0.116436
0.915856       0.126633
0.897407       0.135824
0.873346       0.144599
0.846621       0.151523
0.816132       0.157086
0.773965       0.161911
0.73565       0.164405
0.697141       0.165733
0.658038       0.166851
0.61747       0.167952
0.587376       0.169429
0.561671       0.171062
0.540635       0.173039
0.520026       0.175789
0.502857       0.178924
0.485964       0.182291
0.472137       0.185979
0.459152       0.190161
0.446806       0.194931
0.437643       0.19981
0.428616       0.204271
0.419252       0.209681
0.411284       0.215013
0.403592       0.221034
0.397733       0.227052
0.392726       0.231737
0.385695       0.240171
0.380105       0.247517
0.375635       0.254599
0.370805       0.262062
0.367077       0.270645
0.362918       0.278277
0.359099       0.287804
0.356184       0.296206
0.353168       0.30623
0.350443       0.316311
0.347783       0.327316
0.346303       0.338252
0.343791       0.351173
0.342207       0.362243
0.340287       0.376235
0.339124       0.387978
0.337845       0.40535
0.336784       0.418399
0.336055       0.433639
0.335201       0.453502
0.334742       0.468258
0.334015       0.492538
0.333471       0.511691
0.333044       0.529425
0.332531       0.550731
0.331882       0.574852
0.330726       0.603964
0.329552       0.628421
0.327866       0.654806
0.325781       0.682234
0.323064       0.708583
0.319726       0.735987
0.314976       0.761421
0.309505       0.786048
0.303759       0.809587
0.296643       0.831786
0.288472       0.853278
0.279252       0.87272
0.269636       0.890607
0.257932       0.906763
0.245678       0.921525
0.235495       0.933149
0.223261       0.942905
0.211578       0.951744
0.197739       0.960401
0.184572       0.967741
0.172541       0.972719
0.159121       0.978348
0.147491       0.981654
0.1338       0.985246
0.122352       0.987884
0.110791       0.990107
0.0980589       0.992142
0.0866997       0.993674
0.0741109       0.995089
0.0641358       0.996054
0.0528329       0.996974
0.0378113       0.998002
0.0303895       0.998444
0.0194343       0.999039
0.00989023       0.999522
3.83317e-005       1
