1.03152       3.29966e-005
0.994268       0.00395059
0.975192       0.0165968
0.959221       0.0274941
0.942963       0.0368685
0.930401       0.0465928
0.917451       0.0553137
0.901532       0.0677244
0.890262       0.0771819
0.879932       0.0830229
0.870774       0.0952391
0.858158       0.10574
0.848384       0.116983
0.840612       0.127062
0.83221       0.135119
0.822843       0.144634
0.813967       0.155492
0.806154       0.166315
0.801347       0.176852
0.792107       0.18668
0.783843       0.196882
0.778698       0.208864
0.771692       0.219144
0.764472       0.231793
0.757841       0.241962
0.749576       0.253752
0.745058       0.263437
0.736553       0.274084
0.729439       0.287964
0.725366       0.294998
0.716545       0.310915
0.707834       0.323375
0.701542       0.334822
0.694152       0.340525
0.684168       0.356837
0.672393       0.369689
0.663211       0.380722
0.6558       0.390505
0.644884       0.398607
0.635131       0.411312
0.621373       0.422327
0.611335       0.428772
0.598441       0.436653
0.58696       0.449488
0.571609       0.459772
0.558213       0.468412
0.548442       0.474368
0.531953       0.482207
0.520805       0.48971
0.508431       0.498623
0.496687       0.505749
0.479566       0.514795
0.470954       0.5222
0.456858       0.528728
0.445943       0.537643
0.435115       0.543785
0.423375       0.55175
0.413868       0.562466
0.400029       0.570471
0.39025       0.576831
0.380677       0.583459
0.369707       0.593443
0.360572       0.605064
0.350853       0.614749
0.341572       0.624071
0.333797       0.637233
0.323797       0.643392
0.315611       0.660252
0.305794       0.667412
0.2966       0.681567
0.288793       0.696833
0.279537       0.708334
0.272174       0.726189
0.262871       0.738035
0.253272       0.74912
0.244368       0.768073
0.236576       0.777462
0.228633       0.78966
0.214774       0.811104
0.207199       0.821892
0.198218       0.841119
0.185891       0.854782
0.171466       0.869955
0.163923       0.878322
0.159446       0.883629
0.138309       0.902175
0.134843       0.907374
0.125877       0.914454
0.113588       0.926285
0.103888       0.933061
0.0933565       0.94336
0.0815582       0.954608
0.0694148       0.959744
0.0617038       0.964542
0.0515182       0.976339
0.0381634       0.981198
0.0308536       0.988258
0.0202167       0.9932
0.00913392       0.999519
6.82845e-005       1.01528
