0.707162       0.707052       3.0788e-010
1       0.000458332       1.08229e-018
1       0.000421272       1.08229e-018
1       0.000318671       6.52664e-019
1       0.000240291       5.26736e-019
1       0.000208778       4.91139e-019
1       0.000185691       3.41505e-019
1       0.000162287       3.7351e-019
1       0.000135227       1.97508e-019
1       0.000127774       1.68821e-019
1       0.000117732       1.31392e-019
1       0.000108167       2.15069e-020
1       9.93412e-005       2.909e-019
0.000602581       1       9.29886e-012
0.894524       0.44702       5.39074e-019
0.949119       0.314948       1.00161e-019
0.970782       0.239962       3.07927e-010
0.97919       0.183844       0.136544
0.9885       0.155237       0.0290069
0.991064       0.133384       2.0884e-019
0.99132       0.121034       0.138673
0.992719       0.108963       0.138673
0.926671       0.0173034       0.440378
0.706638       0.0644861       0.725861
1.31692e-010       1.15361e-009       2.56659
0.448826       0.89363       2.96241e-019
0.831383       0.552643       0.174834
0.894555       0.446958       2.13062e-019
0.928572       0.371152       2.01314e-019
0.924531       0.280649       0.357897
0.908855       0.19195       0.441362
0.817982       0.171698       0.552953
0.705056       0.121617       0.703605
0.286277       0.0843403       0.96933
8.72704e-011       1.15782e-009       2.56659
0.000387821       1       3.88537e-012
0.299834       0.954315       1.70378e-019
0.554803       0.83202       6.69138e-019
0.804787       0.557227       0.309609
0.744871       0.464582       0.506039
0.756698       0.334399       0.565573
0.68309       0.262609       0.684538
0.465783       0.216989       0.90562
0.000317147       1       1.39483e-011
0.240203       0.971064       1.09021e-020
0.438458       0.898758       2.01585e-019
0.478615       0.794544       0.395724
0.639015       0.632977       0.491558
0.647008       0.496457       0.586164
0.574754       0.381035       0.75485
0.212709       0.000199921       0.983409
0.000251923       1       1.31236e-012
0.194242       0.980954       3.70617e-011
0.348104       0.937476       6.97427e-012
0.497254       0.617518       0.639106
0.493593       0.467783       0.783906
0.287229       0.0755037       0.964603
0.153943       0.133766       0.980043
2.10239e-011       1.01083e-009       2.56659
0.000216509       1       7.41234e-011
0.150474       0.986927       0.157025
0.314514       0.94791       0.155441
0.380649       0.748724       0.547539
0.157943       0.586332       0.813266
0.285197       0.358295       0.915841
1.21274e-012       4.37571e-010       2.56659
0.000178473       1       7.68615e-010
0.119889       0.993085       2.59047e-020
0.197601       0.880657       0.438794
0.265643       0.665384       0.701444
0.215544       0.439317       0.896075
0.0771103       0.181636       0.980437
0.000140292       1       6.77748e-010
4.38657e-005       0.989328       0.235836
0.193354       0.824148       0.542871
0.121938       0.561954       0.828128
0.0210478       0.202576       0.980061
5.09474e-013       3.29797e-010       2.56659
0.148053       0.704931       0.699286
0.0497203       0.296502       0.961888
0.000128732       1       1.25934e-011
0.0601212       0.916605       0.446325
0.0750614       0.39037       0.941564
2.95013e-012       2.45659e-010       2.56659
0.000117123       1       4.04916e-019
0.00383715       0.711325       0.707538
1.7641e-011       2.45913e-010       2.56659
0.000104796       1       9.99552e-012
9.89916e-005       1       3.69884e-012
