1.15747       0.0947012       0.00777498
1.15664       0.0946333       0.00776941
1.16451       0.0918646       0.0264541
1.18666       0.0906364       0.0357053
1.16821       0.0826242       0.0486856
1.16979       0.0708955       0.0647751
1.18432       0.0631837       0.0738938
1.17598       0.0505061       0.0822733
1.19465       0.0392149       0.0898906
1.17088       0.0206068       0.0938858
1.19687       0.0112438       0.0976085
1.27677       0.00898224       0.104428
1.21646       0.008953       0.0994602
0.822086       0.813183       0.0667651
1.04301       0.519245       0.0426672
1.10859       0.343272       0.0281989
1.12915       0.276889       0.0227311
1.14164       0.206263       0.016942
1.1406       0.118977       0.179484
1.1356       0.0911451       0.218373
1.12341       0.0941046       0.278642
1.10168       0.0301468       0.367087
1.05352       0.0962298       0.49856
0.818738       0.0678473       0.820915
0.456166       1.06166       0.0872052
0.506985       1.03903       0.0853181
0.821362       0.813324       0.0933214
0.966504       0.641855       0.052692
1.01223       0.507966       0.292716
1.06179       0.407816       0.249807
1.03343       0.334824       0.413448
1.02299       0.230783       0.503048
0.953712       0.211429       0.626041
0.818582       0.100154       0.817444
0.502339       0.0854063       1.04029
0.473532       0.0863807       1.05223
0.294276       1.11537       0.0916325
0.347689       1.10258       0.090528
0.636158       0.965258       0.0792539
0.809993       0.798941       0.28241
0.90392       0.670414       0.30893
0.91047       0.507868       0.507644
0.904437       0.323157       0.655851
0.807994       0.277836       0.794441
0.635355       0.234925       0.95109
0.365284       0.0901404       1.09468
0.298816       0.0914979       1.11457
0.206202       1.13541       0.0932088
0.277617       1.11835       0.128289
0.508593       1.02379       0.187547
0.667628       0.855934       0.411262
0.724035       0.726035       0.54571
0.721329       0.556524       0.720881
0.661203       0.421644       0.867352
0.519481       0.244348       1.00719
0.27472       0.0919503       1.12008
0.208667       0.0932148       1.13547
0.138071       1.14521       0.0940142
0.22335       1.13166       0.0929015
0.412335       1.03141       0.345225
0.544138       0.894451       0.526198
0.541507       0.722042       0.738372
0.492558       0.509597       0.923893
0.415049       0.309715       1.03598
0.217408       0.0929614       1.13227
0.149497       0.0938368       1.14305
0.107818       1.14903       0.0943269
0.186773       1.12771       0.179432
0.308184       1.03819       0.416578
0.439644       0.860704       0.654885
0.377978       0.676578       0.874982
0.333035       0.404109       1.03985
0.160567       0.185607       1.13741
0.109684       0.0941985       1.14746
0.0946381       1.14895       0.0943474
0.110717       1.13093       0.224314
0.258617       1.01974       0.489966
0.299344       0.777296       0.806826
0.285355       0.507746       0.999676
0.118943       0.215028       1.13071
0.0946164       0.100012       1.14821
0.0946164       1.14635       0.119463
0.0946164       1.11889       0.276552
0.233803       0.952955       0.613678
0.193209       0.626713       0.953633
0.0946605       0.27886       1.11887
0.0946164       1.13725       0.187235
0.0946164       1.0939       0.363017
0.0946164       0.817471       0.812484
0.0946316       0.342303       1.10075
0.0946164       1.13095       0.222139
0.0946237       1.03188       0.513641
0.0946237       0.499869       1.03862
0.0946164       1.03331       0.510541
0.0946164       0.894376       0.726966
0.0946164       1.02079       0.535136
