1.18701       0.000450604
1.03324       0.0111478
0.804139       0.0274657
0.721244       0.0326529
0.576733       0.0350212
0.553984       0.0358793
0.458113       0.0375822
0.380277       0.0392117
0.381627       0.0384914
0.315861       0.0395483
0.283283       0.0395617
0.266794       0.0402171
0.214719       0.0410857
0.190253       0.0410883
0.188899       0.0407957
0.170935       0.0419013
0.173173       0.0439596
0.160779       0.0436111
0.140585       0.0448646
0.14298       0.045846
0.131458       0.045957
0.124433       0.0457187
0.113926       0.0472276
0.112173       0.0473158
0.104177       0.0506651
0.103696       0.0507477
0.103073       0.0514486
0.0978989       0.0532873
0.0940741       0.0536574
0.0898482       0.0566658
0.0876687       0.0571435
0.0839171       0.0588146
0.0812863       0.0592224
0.080323       0.0603766
0.0769783       0.0596567
0.075371       0.0616263
0.073996       0.0644579
0.0725031       0.0683263
0.0696585       0.0671692
0.066139       0.0718277
0.0630366       0.0757967
0.0608795       0.0761607
0.0577225       0.0796055
0.0584882       0.0818987
0.057573       0.0828392
0.0559679       0.0860905
0.0551857       0.0881863
0.054647       0.0937491
0.0534301       0.0886841
0.0496474       0.100031
0.0506212       0.101993
0.0505956       0.10749
0.0494394       0.112806
0.0470803       0.114739
0.0464739       0.113261
0.0467521       0.124713
0.0465186       0.134367
0.0454134       0.131861
0.0442016       0.139034
0.0443286       0.149084
0.0429676       0.17141
0.0427146       0.176526
0.0417192       0.176275
0.0410341       0.201306
0.0408876       0.200587
0.0413449       0.231388
0.0400618       0.257237
0.0396214       0.304248
0.0397634       0.395111
0.0395037       0.480308
0.0377073       0.501209
0.0332391       0.658051
0.0311393       0.71332
0.023611       0.80724
0.0155438       0.923843
0.00856674       0.957289
8.94699e-006       1.19551
