0.994557       0.0115669
0.987242       0.0125049
0.970973       0.0249475
0.94735       0.0366146
0.917749       0.0496143
0.908187       0.0698148
0.878003       0.0726633
0.858144       0.0844921
0.830768       0.0943827
0.828404       0.100448
0.816688       0.107543
0.795285       0.114454
0.77111       0.135015
0.765447       0.147792
0.73603       0.15357
0.724319       0.159776
0.713364       0.170133
0.690124       0.175322
0.680888       0.18061
0.662745       0.19281
0.653074       0.199766
0.641741       0.209115
0.64119       0.214559
0.625747       0.219871
0.61973       0.233028
0.594845       0.240688
0.581175       0.252356
0.565101       0.262662
0.5548       0.267058
0.548484       0.27373
0.531786       0.280138
0.523431       0.289601
0.515301       0.293317
0.501081       0.299434
0.493249       0.308597
0.484266       0.316275
0.47436       0.318852
0.467771       0.331487
0.447613       0.342963
0.434529       0.350982
0.413258       0.364991
0.409182       0.371951
0.404555       0.375879
0.38689       0.385449
0.383595       0.389362
0.371144       0.394868
0.364189       0.407843
0.357233       0.412262
0.343346       0.42004
0.339654       0.42386
0.327402       0.436272
0.322444       0.438084
0.313577       0.447049
0.304496       0.451514
0.295818       0.460446
0.284493       0.471182
0.280807       0.473968
0.27425       0.479716
0.265962       0.489736
0.25858       0.497468
0.251246       0.501918
0.243859       0.512432
0.234636       0.518186
0.226004       0.527707
0.21594       0.538661
0.214428       0.539697
0.205481       0.55041
0.196222       0.560746
0.189153       0.56835
0.18402       0.573713
0.174121       0.589271
0.167128       0.595549
0.157688       0.607688
0.153606       0.614591
0.145151       0.623581
0.140522       0.632538
0.132129       0.645946
0.125979       0.654791
0.11806       0.66186
0.108964       0.679402
0.0991783       0.690503
0.0957909       0.697362
0.0881811       0.718338
0.080297       0.726126
0.0717203       0.738208
0.0666455       0.750362
0.0579267       0.76784
0.0489553       0.791858
0.0421749       0.805682
0.0344346       0.828164
0.0264553       0.858112
0.0164679       0.880878
0.00917066       0.923898
3.21406e-005       1.03998
