0.707173       0.707041       1.75019e-018
1       0.000343179       3.49676e-018
1       0.000298512       5.36614e-018
1       0.000250759       4.99535e-018
1       0.000206473       6.52506e-018
1       0.000183144       6.27188e-018
1       0.000151018       4.72015e-018
1       0.000136776       4.49317e-018
1       0.000117893       8.53407e-019
1       0.000102789       4.27513e-018
0.741413       4.72535e-005       0.729688
0.00086349       1       7.03583e-021
0.707094       0.70712       1.75004e-018
0.894467       0.447134       1.15132e-018
0.949109       0.314947       1.28839e-018
0.971433       0.237575       1.446e-019
0.981358       0.192187       3.78648e-018
0.987175       0.161459       3.63901e-018
0.978076       0.112354       0.186033
0.954062       0.0400389       0.321724
0.941612       0.0218046       0.396654
0.708899       0.00059655       0.717329
5.8605e-017       2.13574e-017       1.01867
0.000641945       1       5.20382e-021
0.448786       0.893785       1.96022e-018
0.833185       0.552997       7.02437e-019
0.898263       0.439458       7.26631e-019
0.901981       0.339761       0.277303
0.932895       0.221637       0.313718
0.909345       0.0735678       0.448336
0.855603       0.047266       0.538752
0.708896       0.00386093       0.717338
0.44564       0.0297964       0.897448
4.7557e-017       4.02032e-017       1.017
0.000405122       1       2.01577e-021
0.315602       0.948892       8.80581e-019
0.554281       0.832486       2.4394e-018
0.747169       0.549497       0.389167
0.778821       0.467779       0.472271
0.805946       0.00869708       0.606058
0.715747       0.246905       0.708748
0.547737       0.0366228       0.838019
0.31746       0.0817631       0.950159
0.000306031       1       3.31481e-021
0.24195       0.970289       9.59793e-019
0.421888       0.880966       0.251251
0.586365       0.753972       0.339146
0.657603       0.664373       0.427802
0.618363       0.425304       0.671967
0.554083       0.363061       0.754338
0.41486       0.240213       0.878499
0.184387       0.047303       0.988803
5.81321e-017       2.25184e-017       1.01811
0.000244982       1       2.01577e-021
0.193895       0.980649       0.0464564
0.314246       0.919203       0.291484
0.47629       0.811711       0.374806
0.525665       0.635981       0.598865
0.384285       0.480826       0.789804
0.340632       0.294816       0.89295
0.000198854       1       1.33883e-021
0.121281       0.986794       0.151522
0.27161       0.900723       0.362492
0.337153       0.778852       0.545675
0.335582       0.589089       0.74067
0.286405       0.358356       0.889105
0.0814626       0.14008       0.99342
4.54983e-017       4.26895e-017       1.0189
0.000173183       1       2.41299e-022
0.260137       0.895828       0.392769
0.262157       0.693613       0.691269
0.184565       0.441449       0.893824
0.0583016       0.189021       0.988788
0.000161927       1       2.82302e-019
0.00940767       0.98478       0.238824
0.209743       0.843329       0.514826
0.185215       0.546766       0.836783
0.084834       0.245859       0.976042
4.47025e-017       4.3417e-017       1.01771
0.000144301       1       1.65904e-019
0.0602693       0.983509       0.261264
0.0816516       0.699697       0.718868
0.0648042       0.314692       0.958649
0.000125062       1       1.15178e-022
0.0320952       0.927417       0.412229
0.0615962       0.398653       0.917757
4.80619e-017       3.98126e-017       1.01923
0.000114756       1       2.54773e-019
0.0652102       0.701713       0.719165
4.67704e-017       4.12429e-017       1.01837
0.00010685       1       1.14496e-019
9.57426e-005       1       2.19449e-021
