8.3359       8.3359       2.12184e-007
8.26533       8.06706       0.309159
8.33132       7.10648       1.23787
8.21037       6.90248       2.06189
8.29424       6.82283       2.6182
8.25136       5.17652       3.08067
8.26502       4.93958       4.08853
8.28575       3.07159       5.21418
8.28742       3.07338       5.21416
8.2427       2.86653       6.19415
8.27606       1.25675       7.08235
8.31497       0.138324       8.1796
8.29101       0.000835307       16.4618
8.05397       8.26898       0.404899
8.06652       8.11525       0.42918
8.19692       6.8561       2.27189
8.2614       5.24741       3.03996
8.2797       5.04333       3.55515
8.26938       4.85446       4.7313
8.3149       2.94774       5.63264
8.27475       1.24832       7.06858
8.30109       1.21092       7.09113
8.271       0.146332       8.13209
0.0386172       0.00024486       28.9379
7.08019       8.27433       1.20349
7.01438       8.26315       1.36509
8.05738       7.13062       1.67095
8.21842       6.8544       2.32938
8.28316       3.04844       5.24143
8.28832       1.23254       7.06696
8.03924       1.21417       7.97064
5.4105       1.12863       11.1016
0.0182732       3.27179e-005       30.6427
6.88675       8.26422       1.82931
6.89416       8.29426       1.98177
7.16507       7.12721       2.40961
8.07375       5.14733       3.58621
8.1186       4.9404       4.30688
8.01985       3.07927       6.083
7.24696       3.10476       6.53515
6.76652       1.22412       10.3125
3.22615       1.19319       12.6701
0.0131658       0.003164       30.8028
6.73964       8.27089       2.86078
5.23583       8.27752       3.05558
5.1384       8.16496       3.44415
6.9319       5.20387       5.27238
5.212       5.36919       6.70345
5.37257       3.10356       8.37452
5.28396       1.32555       10.527
3.16199       1.21071       12.564
0.0102802       0.00356066       31.0547
5.18396       8.2836       3.11173
5.0532       8.28911       3.58237
4.95794       8.28691       4.08293
4.93837       8.25828       4.57881
5.08555       5.15196       7.18781
3.07015       3.15229       10.7217
1.26217       1.26912       14.4453
0.00364533       0.00355998       31.9381
3.13473       8.34666       5.23705
3.19417       8.06508       6.07612
3.05021       5.28313       8.44355
0.00484355       0.0053572       31.5532
3.08497       8.31371       5.229
3.08657       8.31803       5.23174
3.05087       8.31909       5.29958
3.04593       7.12216       6.53254
2.89557       5.11922       10.115
2.95974       8.30429       5.6659
1.24447       8.37158       7.13817
1.10387       7.00928       8.8687
0.161878       3.17664       13.5738
0.0044206       0.00753933       31.4941
2.84914       8.33669       6.36534
1.24447       8.37158       7.13817
1.18872       8.18893       7.92618
1.24447       8.37159       7.13818
0.138389       5.36493       11.3404
6.65301e-005       0.0110088       31.5308
0.128956       8.39965       8.32421
5.92667e-008       0.0177775       30.8837
0.0003858       8.40508       16.7541
