1       3.8851
1       3.88512
1       3.88512
1       3.88511
1       3.88509
1       3.88512
1       3.8851
1       3.88514
1       3.88511
1       3.88512
1       3.8851
1       3.88512
1       3.88512
1       3.88511
1       3.88511
1       3.88511
1       3.88512
1       3.88512
1       3.88512
1       3.88512
1       3.8851
1       3.88511
1       3.8851
1       3.88511
1       3.88511
1       3.88511
1       3.88511
1       3.88511
1       3.8851
1       3.8851
1       3.88511
1       3.8851
1       3.88509
1       3.8851
1       3.88509
1       3.88509
1       3.88509
1       3.88509
1       3.8851
1       3.8851
1       3.88511
1       3.8851
1       3.88511
1       3.8851
1       3.8851
1       3.88511
1       3.88511
1       3.88511
1       3.88509
1       3.8851
1       3.8851
1       3.88509
1       3.88511
0.980046       3.89234
0.925553       3.90984
0.86682       3.92722
0.813466       3.94127
0.754554       3.95704
0.697244       3.96928
0.646887       3.97839
0.589293       3.99036
0.542638       3.99768
0.49036       4.00712
0.449371       4.00964
0.386816       4.01482
0.33584       4.01993
0.286102       4.02284
0.233075       4.02563
0.201036       4.02717
0.115536       4.02938
0.00344947       4.03037
1.62572e-005       4.03202
