1       6.41575e-023
0.97459       0.00999575
0.947557       0.0193268
0.911       0.0283786
0.851333       0.0358008
0.766256       0.041127
0.648848       0.0431222
0.579007       0.0444457
0.528912       0.0465429
0.494526       0.0495705
0.469529       0.0527749
0.450747       0.055945
0.43462       0.0597479
0.422107       0.0636957
0.411444       0.0672864
0.402063       0.0719345
0.393878       0.0760741
0.387721       0.079841
0.381457       0.0847045
0.376231       0.0891504
0.373423       0.0924646
0.367525       0.0988374
0.364461       0.103248
0.361085       0.109003
0.358135       0.114441
0.35543       0.119114
0.353229       0.124974
0.350874       0.13086
0.348927       0.136886
0.347015       0.143263
0.345607       0.149828
0.343889       0.15706
0.342761       0.163106
0.341561       0.170685
0.340649       0.177258
0.339605       0.185434
0.338671       0.193568
0.338067       0.20056
0.337261       0.209671
0.336784       0.218644
0.336396       0.222716
0.33568       0.236476
0.335416       0.244156
0.334881       0.255465
0.334568       0.267109
0.334257       0.277275
0.333943       0.28928
0.333623       0.301273
0.333352       0.313654
0.333164       0.32394
0.332809       0.339258
0.332533       0.352356
0.332133       0.36732
0.331759       0.381877
0.331287       0.397544
0.330891       0.413537
0.330177       0.430025
0.329451       0.445343
0.328992       0.454395
0.327575       0.483532
0.326327       0.501791
0.325081       0.519012
0.323516       0.539593
0.321401       0.561996
0.319482       0.582569
0.31676       0.604045
0.313941       0.626482
0.310604       0.649522
0.306638       0.672103
0.30233       0.695024
0.297726       0.717987
0.292337       0.739918
0.286156       0.763791
0.279516       0.784847
0.272193       0.807264
0.264584       0.826184
0.256172       0.84684
0.246139       0.865481
0.237315       0.880636
0.226621       0.897583
0.21526       0.912227
0.204802       0.924286
0.194143       0.935107
0.181578       0.945824
0.168557       0.955421
0.158242       0.962326
0.145835       0.969255
0.133798       0.974183
0.122087       0.978894
0.109546       0.983455
0.0982975       0.986166
0.0868152       0.98888
0.073683       0.991461
0.0606477       0.993618
0.0520112       0.994806
0.0414591       0.99609
0.0301791       0.997287
0.0199093       0.998289
0.00997675       0.999156
2.49554e-005       0.999999
