106.957       0.00945882
10.1388       0.0987283
7.65527       0.131989
6.27197       0.159907
5.41274       0.184831
4.92416       0.203098
4.6       0.217391
4.60001       0.217392
4.6       0.217391
4.6       0.217391
4.6       0.217391
4.6       0.217391
4.6       0.217391
4.60001       0.217392
4.6       0.217391
4.6       0.217391
4.6       0.217391
4.6       0.217391
4.6       0.217391
4.6       0.217391
4.6       0.217391
4.6       0.217391
4.6       0.217391
4.6       0.217391
4.6       0.217391
4.6       0.217391
4.6       0.217391
4.6       0.217391
4.6       0.217391
4.6       0.217391
4.6       0.217391
4.6       0.217391
4.6       0.217392
4.6       0.217391
4.6       0.217391
4.6       0.217391
4.6       0.217391
4.6       0.217391
4.6       0.217391
4.6       0.217391
4.6       0.217391
4.6       0.217391
4.6       0.217391
4.60001       0.217392
4.6       0.217391
4.6       0.217391
4.6       0.217391
4.6       0.217391
4.60001       0.217392
4.6       0.217391
4.6       0.217391
4.60001       0.217392
4.6       0.217391
4.6       0.217391
4.60001       0.217392
4.60001       0.217391
4.60001       0.217392
4.6       0.217391
4.60001       0.217392
4.60001       0.217392
4.6       0.217391
4.60001       0.217392
4.60001       0.217392
4.60001       0.217392
4.60001       0.217392
4.6       0.217391
4.60001       0.217392
4.60001       0.217392
