0.70712       0.707094       6.719e-018
1       0.000919039       3.36085e-018
1       0.000642819       1.10309e-020
1       0.000415103       8.77477e-017
1       0.000310151       1.98854e-019
1       0.000253702       3.78344e-019
1       0.00021508       5.03235e-020
1       0.000180043       3.05007e-020
1       0.000158032       1.08042e-019
1       0.000138394       4.57574e-020
1       0.000128896       1.46629e-020
1       0.000114691       2.02054e-019
1       0.000102171       2.02054e-019
0.963474       3.8928e-005       0.498076
0.000639552       1       9.7812e-017
0.89438       0.447311       4.47573e-005
0.949377       0.314138       1.08893e-008
0.971441       0.238353       1.27075e-018
0.980702       0.195509       1.30654e-006
0.986913       0.161253       1.40855e-021
0.990476       0.137686       2.92988e-019
0.991955       0.067699       0.231951
0.967168       6.419e-005       0.290134
0.962157       0.0337203       0.337037
0.7146       0.00660855       0.705539
6.14805e-017       2.90117e-021       1.00405
0.447262       0.894403       6.61435e-017
0.83196       0.554848       2.55242e-005
0.895888       0.444532       2.50795e-019
0.92504       0.358937       0.257917
0.94925       0.314941       1.35319e-006
0.916957       0.0187744       0.436602
0.859663       0.0551268       0.567937
0.700342       0.136588       0.704459
0.444349       0.00209994       0.901018
0.000396153       1       2.65531e-016
0.314092       0.949411       2.52399e-018
0.554027       0.832499       2.17787e-008
0.802097       0.597214       5.12031e-007
0.771588       0.484489       0.507979
0.820071       0.304909       0.572926
0.510512       0.21133       0.836719
0.271774       0.00570788       0.977976
0.000296912       1       3.51081e-017
0.239307       0.971133       5.39681e-018
0.426143       0.891078       0.243069
0.582647       0.765924       0.329356
0.588017       0.647491       0.522746
0.632075       0.532418       0.629539
0.55771       0.303964       0.775644
0.42162       0.252158       0.874969
0.197895       0.0501626       0.98151
6.14517e-017       1.42197e-021       1.00358
0.000248279       1       3.35418e-016
0.193172       0.981175       1.19283e-016
0.32219       0.914425       0.283651
0.439718       0.797997       0.477341
0.466124       0.625959       0.643328
0.462171       0.453436       0.770364
0.307805       0.301987       0.908559
0.192614       0.0713525       0.987526
6.0759e-017       8.78743e-018       1.00259
0.000186161       1       2.76048e-016
0.164013       0.987004       0.116016
0.29077       0.91734       0.330425
0.340544       0.7761       0.55954
0.352125       0.510351       0.787219
0.293831       0.317431       0.911388
0.133178       0.033016       0.993068
0.000170743       1       4.70744e-016
0.131731       0.991356       0.00200822
0.191434       0.925251       0.432729
0.297111       0.702633       0.678483
0.243474       0.426605       0.872709
0.135459       0.000277608       0.993157
6.11918e-017       5.01102e-018       1.00268
0.000160574       1       1.56816e-016
0.0761687       0.985895       0.232443
0.103226       0.837583       0.549527
0.182475       0.515735       0.837761
0.123769       0.0637359       0.994807
6.09142e-017       7.58521e-018       1.00249
0.00013065       1       1.61221e-016
0.148702       0.705806       0.701285
0.105426       0.254857       0.966111
0.000116881       1       1.36803e-016
0.0756901       0.985269       0.42699
0.0352039       0.449772       0.899263
0.00834081       0.719684       0.69976
0.000101918       1       1.39005e-016
1.11244e-005       0.876497       0.508066
