0.99967       0.00472447
0.998498       0.00720841
0.990005       0.0154445
0.982446       0.0296424
0.973564       0.0383096
0.963456       0.0478391
0.956299       0.0554275
0.949257       0.0695004
0.93941       0.0825135
0.931481       0.090278
0.923418       0.100593
0.916455       0.113234
0.905786       0.119025
0.897472       0.132414
0.887926       0.144565
0.878979       0.155472
0.873066       0.168199
0.863928       0.174013
0.852239       0.185416
0.84476       0.199618
0.835575       0.209957
0.825903       0.218064
0.816008       0.227928
0.806221       0.243565
0.800236       0.250114
0.788929       0.260295
0.779011       0.27753
0.766915       0.288339
0.760642       0.29711
0.749933       0.308508
0.74067       0.318157
0.729246       0.331619
0.720949       0.339948
0.710356       0.351386
0.699799       0.365042
0.691261       0.378211
0.678738       0.389116
0.66895       0.401813
0.659687       0.410495
0.649841       0.421188
0.639031       0.431445
0.628171       0.444563
0.620412       0.455973
0.612401       0.464039
0.600289       0.478578
0.589658       0.485983
0.575462       0.504547
0.5671       0.511715
0.556908       0.524431
0.546206       0.535614
0.535348       0.545877
0.525312       0.555965
0.516889       0.567209
0.503767       0.580281
0.494239       0.591396
0.483674       0.604458
0.469865       0.61615
0.46257       0.622132
0.447766       0.63549
0.436361       0.645615
0.425645       0.658125
0.41516       0.667587
0.403473       0.680486
0.396706       0.686429
0.3813       0.70363
0.37312       0.713646
0.362579       0.720566
0.34805       0.736851
0.339418       0.745585
0.328451       0.756444
0.316725       0.771291
0.308182       0.781339
0.296555       0.785717
0.281215       0.797942
0.271474       0.809417
0.258769       0.821136
0.251713       0.83168
0.236844       0.838886
0.230289       0.849538
0.217362       0.859899
0.205898       0.868277
0.193794       0.875471
0.182017       0.887118
0.170865       0.893988
0.160724       0.903605
0.149259       0.912509
0.136223       0.91967
0.123502       0.930335
0.116735       0.935008
0.105349       0.943381
0.0891396       0.954385
0.0826204       0.958444
0.0725127       0.964893
0.0595147       0.972564
0.0486337       0.979759
0.0403778       0.985907
0.0308995       0.990272
0.0195137       0.995388
0.00824893       1.00086
1.09845e-005       1.07189
