1       3.88519
1       3.88518
1       3.88512
1       3.88515
1       3.88516
1       3.88517
1       3.88518
1       3.88517
1       3.88514
1       3.88516
1       3.88516
1       3.88516
1       3.88515
1       3.88516
1       3.88517
1       3.88515
1       3.88514
1       3.88516
1       3.88514
1       3.88516
1       3.88515
1       3.88517
1       3.88515
1       3.88515
1       3.88515
1       3.88515
1       3.88514
1       3.88515
1       3.88515
1       3.88515
1       3.88514
1       3.88515
1       3.88513
1       3.88514
1       3.88516
1       3.88514
1       3.88511
1       3.88514
1       3.88515
1       3.88516
1       3.88514
1       3.88515
1       3.88513
1       3.88517
1       3.88512
1       3.88518
1       3.88517
1       3.88515
1       3.88515
1       3.88517
1       3.88514
0.999998       3.88518
1       3.88519
1       3.88517
1       3.88518
0.975575       3.89413
0.915858       3.91293
0.871949       3.92626
0.812238       3.94239
0.761912       3.95461
0.708155       3.96619
0.647148       3.97858
0.600048       3.9879
0.544597       3.9956
0.499398       4.00206
0.449864       4.00801
0.399275       4.01324
0.339495       4.01835
0.298098       4.02157
0.253605       4.02386
0.203544       4.02635
0.163998       4.02736
0.117047       4.02852
0.04636       4.02923
0.0318918       4.0297
0.000319743       4.02996
