0.999908       0.00107839
0.994933       0.010891
0.989898       0.021139
0.984515       0.0317256
0.979948       0.0414943
0.973613       0.0528405
0.968758       0.0623529
0.963703       0.071873
0.956916       0.0850022
0.952555       0.0937365
0.945692       0.106076
0.939697       0.117943
0.933316       0.129025
0.927181       0.140745
0.921222       0.151372
0.915371       0.162394
0.908621       0.174856
0.901425       0.187602
0.894617       0.19954
0.888169       0.211228
0.881339       0.224229
0.874528       0.235262
0.868075       0.246066
0.859681       0.260806
0.852743       0.273552
0.844771       0.285945
0.837005       0.298793
0.829827       0.310964
0.822073       0.323693
0.81433       0.337511
0.804945       0.351348
0.796909       0.364234
0.789226       0.376465
0.779386       0.391658
0.771828       0.404972
0.76221       0.418284
0.753339       0.431492
0.744712       0.444251
0.735599       0.457894
0.726708       0.470939
0.715811       0.486546
0.70601       0.500818
0.696466       0.513968
0.688698       0.524471
0.676422       0.541749
0.666399       0.555706
0.656738       0.568056
0.644704       0.583725
0.633667       0.597286
0.622734       0.610775
0.611326       0.624924
0.600344       0.63838
0.588632       0.652038
0.576277       0.666729
0.565437       0.678829
0.553124       0.692702
0.54104       0.706032
0.529618       0.718838
0.516577       0.732567
0.504169       0.744774
0.491831       0.756779
0.477184       0.770916
0.465125       0.782858
0.453113       0.79361
0.43675       0.808277
0.427032       0.816554
0.413073       0.828648
0.400499       0.838724
0.386074       0.849873
0.373696       0.859674
0.358771       0.870419
0.345333       0.880052
0.331929       0.889289
0.319017       0.897706
0.305673       0.905938
0.290894       0.914933
0.276715       0.923024
0.263449       0.930279
0.251593       0.937609
0.237615       0.943313
0.224687       0.949299
0.211568       0.954938
0.197952       0.960562
0.185016       0.965368
0.17208       0.970309
0.15968       0.974531
0.147141       0.978443
0.134542       0.981941
0.122236       0.984984
0.110733       0.987914
0.0985624       0.990391
0.0871621       0.992307
0.0745872       0.99477
0.0630646       0.996547
0.0529874       0.997639
0.0406158       0.998693
0.0310943       0.99927
0.0204655       0.999896
0.00920112       1.00011
2.10806e-006       1.00044
