0.707108       0.707106       2.36066e-011
1       0.000561474       7.16795e-012
1       0.000432485       2.44573e-011
1       0.000323321       1.92376e-011
1       0.000256642       1.02158e-013
1       0.000159758       1.81917e-011
1       0.000134426       1.40093e-011
1       0.000128551       7.43733e-012
1       0.000117246       5.28768e-012
1       0.000107827       3.4195e-013
1       9.08506e-005       3.51223e-012
0.00049143       1       3.8462e-012
0.909777       0.415123       1.03292e-012
0.948684       0.316225       1.31671e-011
0.971189       0.23876       4.53649e-012
0.980822       0.194906       1.55343e-012
0.986657       0.162815       1.12565e-011
0.990927       0.134403       1.12638e-011
0.992637       0.121124       8.03014e-012
0.979894       0.0692138       0.260173
0.8965       0.0231087       0.448256
0.717097       0.00249369       0.721776
7.18734e-009       1.42764e-009       8.72171
0.447517       0.894275       1.3166e-011
0.833433       0.55262       3.16265e-014
0.894958       0.446476       2.36101e-011
0.929082       0.371446       1.141e-011
0.948684       0.316225       6.09624e-013
0.961702       0.274098       3.59769e-012
0.810897       0.208053       0.554797
0.716949       0.00249318       0.721628
0.534343       0.107759       0.843889
3.85416e-009       1.14209e-010       8.72171
0.000416227       1       9.99536e-014
0.308505       0.951153       0.0659538
0.55458       0.832237       9.96062e-014
0.798898       0.601651       4.35223e-013
0.773295       0.467287       0.430638
0.764991       0.343367       0.555696
0.541286       0.0636149       0.843752
4.31862e-009       6.66707e-010       8.72171
0.000316876       1       1.09031e-011
0.242556       0.970389       0.0212864
0.447087       0.894514       2.84859e-011
0.601509       0.799007       1.64782e-012
0.646617       0.621241       0.445237
0.672718       0.463989       0.593804
0.617012       0.12459       0.803253
0.460163       0.265902       0.858355
0.000259422       1       8.66192e-013
0.193744       0.981076       5.49157e-012
0.305569       0.922181       0.268601
0.348391       0.844341       0.434093
0.544187       0.624549       0.583593
0.258433       0.479958       0.843908
0.437748       0.304611       0.847253
2.18432e-010       1.93851e-011       8.72171
0.000214095       1       5.58905e-013
0.162163       0.986764       3.00468e-013
0.355855       0.742916       0.580334
0.219693       0.600639       0.781786
0.39262       0.385222       0.845822
2.1927e-010       3.01071e-012       8.72171
0.000183936       1       2.18124e-012
0.0729929       0.98251       0.190946
0.255567       0.872803       0.428342
0.151249       0.718887       0.716611
0.253774       0.471306       0.844812
0.00015967       1       9.38489e-013
0.197546       0.822907       0.537682
0.153751       0.532767       0.845475
0.24735       0.476839       0.84863
2.38766e-010       1.49807e-012       8.72171
0.000144242       1       1.75979e-012
0.0900051       0.973847       0.25898
0.151757       0.525861       0.848982
8.56368e-011       1.04525e-012       8.72171
0.000129949       1       4.01321e-014
0.132613       0.726904       0.720782
7.14048e-009       1.41684e-009       8.72171
0.000116831       1       5.42707e-013
0.0318184       0.830261       0.625566
0.000100952       1       1.41665e-011
9.10933e-005       1       5.42707e-013
