454.168       0.0420748
13.8819       0.128228
9.40392       0.175339
5.92195       0.179903
5.33364       0.20176
5.07237       0.202955
4.52568       0.222931
4.2495       0.237271
4.10559       0.244138
4.10591       0.244106
4.10294       0.244075
4.10463       0.244083
4.10374       0.244039
4.10465       0.244069
4.10528       0.244128
4.10311       0.244042
4.10461       0.244167
4.10502       0.244073
4.10302       0.243996
4.10275       0.243988
4.10567       0.244183
4.10498       0.244105
4.10368       0.244027
4.10501       0.244076
4.10478       0.244127
4.10375       0.24402
4.10562       0.244181
4.10449       0.244103
4.10434       0.244117
4.10419       0.244118
4.10505       0.244107
4.10388       0.24409
4.10278       0.243968
4.10495       0.244091
4.10421       0.244095
4.10288       0.244047
4.1057       0.244173
4.10334       0.24404
4.10372       0.244082
4.10221       0.243949
4.1029       0.244017
4.10329       0.24397
4.10494       0.244112
4.10407       0.24397
4.10395       0.24412
4.10269       0.244005
4.1042       0.244014
4.10254       0.244016
4.10201       0.243964
4.10275       0.243996
4.10252       0.243995
4.10375       0.24402
4.10288       0.24397
4.10393       0.244041
4.10398       0.244077
4.10411       0.243952
4.1044       0.244025
4.10239       0.244009
4.10339       0.243991
4.10281       0.243975
4.10375       0.243965
4.10338       0.244025
4.10281       0.244039
4.10396       0.244134
4.10312       0.243998
4.10279       0.243983
4.10369       0.244051
4.10374       0.24401
4.10359       0.244102
