117.237       0.00859409
10.4139       0.096263
7.56675       0.1325
6.20234       0.162374
5.48529       0.184124
4.95391       0.202027
4.52731       0.221005
4.2167       0.237251
3.96703       0.253234
3.76745       0.265725
3.58763       0.279196
3.44109       0.290972
3.29782       0.303541
3.1867       0.3141
3.08227       0.324881
2.98429       0.335461
2.90176       0.34496
2.81787       0.355549
2.74621       0.364804
2.67924       0.373635
2.61685       0.382688
2.55758       0.39173
2.5044       0.399736
2.45398       0.408529
2.40204       0.416791
2.35858       0.424815
2.31893       0.431768
2.2769       0.439831
2.23377       0.448219
2.19426       0.456315
2.16515       0.462706
2.13371       0.469648
2.10145       0.476918
2.07238       0.483387
2.04055       0.490598
2.01316       0.497789
1.98434       0.504679
1.95942       0.512267
1.93446       0.51784
1.90883       0.52495
1.88532       0.53138
1.86279       0.537743
1.84056       0.54415
1.81918       0.550846
1.79886       0.556647
1.77748       0.563163
1.75691       0.569306
1.73931       0.575368
1.71951       0.581869
1.7018       0.588054
1.70018       0.588297
1.70015       0.588288
1.70016       0.58829
1.70018       0.588299
1.70016       0.588289
1.70019       0.588301
1.70025       0.588321
1.70022       0.58831
1.70013       0.588279
1.70016       0.588289
1.70014       0.588285
1.7002       0.588303
1.70018       0.588299
1.70019       0.588301
1.70022       0.588311
1.70014       0.588283
1.70014       0.588285
1.70014       0.588283
1.70013       0.588279
1.7001       0.588269
1.70013       0.588279
1.70013       0.588279
1.70014       0.588284
1.70017       0.588294
1.70017       0.588295
1.70012       0.588278
1.70012       0.588275
1.70022       0.588311
1.70018       0.588298
