4.13005       1.02094e-008
4.09807       0.0369406
4.0847       0.0734026
4.06853       0.109915
4.04902       0.154264
4.02193       0.200898
3.99193       0.250388
3.96625       0.299335
3.92861       0.340529
3.90141       0.386372
3.85443       0.428864
3.82454       0.45702
3.751       0.516836
3.69418       0.557369
3.62508       0.594082
3.54632       0.633252
3.47836       0.664831
3.40142       0.703064
3.33218       0.732672
3.2544       0.769647
3.19656       0.803779
3.134       0.844099
3.09276       0.874052
3.0354       0.918253
2.99617       0.958368
2.96328       0.997262
2.93399       1.03717
2.89266       1.0848
2.87418       1.1273
2.84251       1.16898
2.81585       1.21731
2.79086       1.26597
2.76838       1.31707
2.74528       1.36814
2.72523       1.42274
2.7006       1.47375
2.67476       1.52005
2.64225       1.58038
2.62354       1.61774
2.58896       1.67378
2.55329       1.72038
2.50767       1.77544
2.47113       1.81216
2.41873       1.85769
2.37668       1.88728
2.31812       1.92686
2.25774       1.96769
2.20017       1.99372
2.14412       2.01881
2.08532       2.04567
2.02816       2.07336
1.97167       2.09837
1.91315       2.12693
1.86157       2.15109
1.81708       2.17939
1.76234       2.21174
1.72161       2.24442
1.67622       2.27577
1.63334       2.31698
1.59492       2.35857
1.55972       2.40172
1.52482       2.44898
1.49619       2.50096
1.46383       2.55208
1.43285       2.6232
1.40451       2.68033
1.36954       2.75211
1.34508       2.81006
1.30889       2.88378
1.27877       2.94355
1.24077       3.00381
1.2009       3.06383
1.16373       3.10949
1.12107       3.15807
1.07205       3.20226
1.02832       3.24161
0.988028       3.26868
0.943261       3.29997
0.892106       3.32785
0.849236       3.35239
0.801592       3.37498
0.751245       3.39693
0.692366       3.42217
0.662415       3.43641
0.604364       3.46345
0.570687       3.47943
0.521781       3.50551
0.482203       3.52691
0.44355       3.55034
0.396595       3.57567
0.358089       3.60376
0.311069       3.64272
0.278013       3.67289
0.225498       3.72937
0.197708       3.76261
0.156818       3.81411
0.118136       3.87675
0.0797409       3.94744
0.037887       4.03092
3.77408e-005       4.12934
