1.14808       1.14808       4.01899e-005
0.980145       0.966027       0.0792705
1.00065       0.95244       0.146295
0.979512       0.789163       0.237194
1.00397       0.763618       0.320022
1.00503       0.744241       0.441549
1.0126       0.510804       0.503247
1.01021       0.486393       0.554643
1.0133       0.468439       0.657452
1.02274       0.214507       0.810697
1.00994       0.176383       0.973348
1.00403       0.0212277       0.99513
1.00147       6.32627e-005       1.99655
0.960572       1.00055       0.0769183
0.973873       0.976443       0.052349
0.984466       0.94881       0.180118
0.98226       0.781779       0.258321
1.00365       0.756502       0.375417
1.0096       0.509293       0.502142
1.00639       0.507713       0.508888
1.01497       0.469176       0.654332
1.02334       0.215867       0.811546
1.02331       0.214626       0.81115
1.02134       0.192385       0.873955
0.0029311       0.000400673       3.71876
0.948384       1.0004       0.154082
0.952079       0.96473       0.185237
0.98462       0.77396       0.290318
0.996373       0.752538       0.42802
1.00951       0.47891       0.580308
1.02024       0.213982       0.808715
0.979016       0.198157       0.841031
0.522954       0.0274497       1.49807
0.00200074       0.000149466       3.81237
0.785295       1.00049       0.224811
0.777526       1.00352       0.253002
0.770648       1.00083       0.286849
0.945319       0.950352       0.372903
0.986993       0.746516       0.450734
0.968669       0.515734       0.556034
0.991282       0.493064       0.549838
0.959163       0.224879       0.959037
0.764976       0.186769       1.18522
0.00148792       0.0004939       3.82271
0.767956       1.00199       0.292186
0.761875       0.996386       0.356887
0.748869       0.999237       0.428033
0.743671       0.973287       0.447129
0.764257       0.812447       0.534327
0.780115       0.50286       0.888434
0.77422       0.501466       0.890112
0.523469       0.222295       1.33237
0.19573       0.21051       1.69245
0.00125415       0.000450526       3.85525
0.752803       1.00694       0.418079
0.513271       1.01479       0.50475
0.507953       1.01468       0.506909
0.478715       0.981783       0.584357
0.491497       0.840978       0.796916
0.494704       0.487371       1.0804
0.19305       0.22737       1.66653
0.000533513       0.000599062       3.90707
0.510554       1.00967       0.503184
0.481339       1.00983       0.567654
0.461102       0.777068       0.946181
0.219846       0.522285       1.32124
0.46949       1.00429       0.646947
0.446235       1.00755       0.781898
0.213995       0.959448       0.961167
0.215156       0.526226       1.3185
0.000490322       0.000731085       3.89356
0.461511       1.00923       0.6758
0.215914       1.00927       0.801595
0.213669       1.00954       0.800035
0.208339       0.76137       1.15837
0.000515246       0.000907698       3.88062
0.216808       1.01344       0.804919
0.0267581       0.519351       1.48797
0.000489452       0.00112517       3.84892
0.183783       1.00361       0.894203
2.84764e-005       0.00166154       3.84694
0.0268398       1.00808       0.985866
0.000390662       0.00210498       3.77221
0.000220972       0.00406934       3.63624
2.23364e-005       1.00104       1.99982
