13.9773       13.9773       5.36655e-010
2.65451       2.46611       0.190821
2.65171       2.37883       0.395028
2.65648       2.31917       0.654081
2.6621       2.25858       0.969825
2.65417       1.40288       1.30532
2.66557       1.26592       1.44375
2.68274       1.15933       1.84928
2.67726       1.07891       2.29918
2.65773       0.186369       2.475
2.65403       0.176448       2.47778
2.80856       0.00047547       5.59937
2.65227       2.54807       0.174365
2.65192       2.52097       0.160817
2.65507       2.36073       0.472738
2.65427       2.29995       0.731897
2.65526       2.23424       1.06161
2.6629       1.40212       1.30779
2.65323       1.33039       1.3244
2.65216       1.18822       1.65103
2.65915       1.08816       2.13864
2.65386       0.174027       2.48074
2.64308       0.171647       2.64206
0.0127978       0.000120215       10.1401
2.45306       2.4767       0.437231
2.4499       2.44129       0.497082
2.66061       2.28664       0.847096
2.65225       2.19207       1.24982
2.66506       1.13415       1.91085
1.47239       0.155297       3.89286
0.0065301       0.000931861       10.3276
2.43058       2.74642       0.598658
2.38747       2.72005       0.759447
2.33005       2.51612       0.853729
2.39608       2.39231       0.863404
2.57325       1.4247       1.50406
2.42854       1.18598       1.91042
2.55686       1.06732       2.42949
2.28318       0.161506       3.36574
1.38427       0.135421       4.02981
0.00415277       0.0013184       10.4182
2.31547       2.55433       0.930498
2.27218       2.51313       1.11655
2.27126       2.47659       1.15072
1.39613       2.70699       1.32764
2.34849       1.40848       1.87515
1.38076       1.34352       2.68992
1.14239       0.173602       4.52982
0.00276786       4.53306e-008       10.4957
1.41294       2.72126       1.33332
1.40906       2.7229       1.33459
1.42895       2.59324       1.50427
1.3556       2.40109       2.24379
1.46872       1.4157       2.67653
1.17149       1.16667       3.46683
0.202039       0.184948       4.97718
0.00184502       0.00155848       10.4867
1.40092       2.71629       1.3322
1.37255       2.7193       1.3483
1.25774       2.7043       1.53221
1.20708       2.70123       1.69226
1.3191       1.44671       2.68126
4.19833e-024       0.00178908       10.5346
1.27715       2.73146       1.52891
1.14046       2.70337       1.98571
1.09384       2.5487       2.41543
0.208848       1.37063       3.81385
0.187668       0.177102       4.97147
4.02369e-021       0.00209891       10.5252
1.19241       2.72063       1.79659
1.10942       2.6845       2.1298
0.193007       2.66449       2.48205
0.149516       2.28569       3.39839
5.52552e-024       0.00270439       10.5026
0.186467       2.66499       2.48174
0.189791       2.66568       2.48226
0.18721       2.55012       2.64852
0.183236       2.66524       2.48314
0.189057       2.65537       2.47266
0.187441       1.40449       3.78843
2.10166e-022       0.00390258       10.4623
1.45514e-020       0.00662856       10.3781
0.180055       2.66585       2.48591
2.60143e-020       0.0115666       10.2145
0.000306645       2.66972       5.32796
