103.359       0.00985138
10.4495       0.0963112
7.62732       0.132085
6.19788       0.161855
5.45183       0.184345
4.92299       0.20434
4.57073       0.220518
4.21922       0.23977
3.97911       0.254104
3.75956       0.268061
3.56395       0.282788
3.41326       0.294877
3.30551       0.306153
3.18894       0.315028
3.07203       0.326996
2.98396       0.339158
2.88896       0.347705
2.79506       0.358996
2.75244       0.371383
2.66793       0.376965
2.60475       0.38858
2.54923       0.395948
2.50689       0.40535
2.43687       0.412005
2.40561       0.422124
2.34762       0.427411
2.30463       0.438314
2.26623       0.442488
2.24015       0.450844
2.19515       0.458681
2.14623       0.46684
2.12916       0.472265
2.0848       0.48084
2.06375       0.485125
2.0267       0.494626
2.00362       0.501814
1.97352       0.508143
1.94564       0.51564
1.92226       0.521746
1.90246       0.527727
1.87633       0.534751
1.85071       0.540955
1.83173       0.547302
1.81061       0.553512
1.80127       0.555761
1.80112       0.555595
1.80155       0.55603
1.80077       0.555634
1.80108       0.555702
1.80078       0.555637
1.80161       0.555937
1.80162       0.555982
1.80089       0.55573
1.80098       0.555836
1.80078       0.555772
1.80133       0.555929
1.80093       0.555796
1.80105       0.555794
1.80088       0.555758
1.80084       0.555753
1.801       0.555776
1.80126       0.555852
1.80094       0.555711
1.80121       0.555806
1.80091       0.55577
1.8011       0.555858
1.801       0.555701
1.8007       0.555648
1.80097       0.555715
1.80114       0.555789
1.80062       0.555577
1.80093       0.555658
1.80123       0.555927
1.8007       0.555598
1.80117       0.555824
1.80113       0.555792
1.80136       0.555809
1.80112       0.555743
