0.303444       0.306848       1.04681e-010
0.984164       0.000208992       0.00010558
0.979033       0.000249444       0.000113937
0.978917       0.000245141       0.000117037
0.980355       0.0002157       0.000101247
0.996846       5.5492e-008       0.000153449
0.990981       6.72533e-008       0.000221219
0.987644       1.23305e-007       0.000304853
0.987384       2.58532e-007       0.000450536
0.982322       8.82624e-007       0.000712634
0.304703       3.11202e-023       0.305444
0.00060789       0.976439       0.000104979
0.331846       0.212861       0.0386604
0.406851       0.123262       0.046459
0.461295       0.0773993       0.0559342
0.424013       0.088555       0.0615922
0.432966       0.0619903       0.0712715
0.408027       0.0596058       0.0759259
0.400506       0.0494158       0.0891921
0.413768       0.0454466       0.0899704
0.423187       0.0428517       0.0991993
1.23649e-037       5.80008e-041       1
0.145369       0.370518       0.0388216
0.204683       0.252932       0.0527689
0.277012       0.16324       0.0642012
0.285286       0.140096       0.0835945
0.281809       0.109667       0.0934297
0.296939       0.0986394       0.0933903
0.309975       0.0898057       0.0974727
0.325782       0.0811765       0.0994554
0.304718       3.34395e-022       0.305459
0.208747       0.000170934       0.413426
0.000253583       0.982566       9.56275e-005
0.123629       0.393109       0.0399668
0.158557       0.256865       0.0684317
0.189779       0.197307       0.0834928
0.216284       0.163599       0.0903662
0.239711       0.141671       0.101498
0.257287       0.127769       0.103727
0.274003       0.113299       0.0993865
0.25084       1.02775e-005       0.362852
0.162894       0.000625964       0.467511
1.76909e-038       5.80008e-041       1
0.0963284       0.397549       0.0484367
0.137988       0.271865       0.0769434
0.169005       0.225436       0.0795791
0.190615       0.192062       0.0879061
0.210275       0.168796       0.0924557
0.228818       0.152828       0.0899689
0.207149       0.000135585       0.412125
0.124009       0.00237944       0.51293
0.0797233       0.410272       0.0595781
0.122534       0.302079       0.0722667
0.150044       0.249475       0.0794225
0.172518       0.216704       0.0887605
0.175938       0.000525031       0.448156
0.106757       0.00527288       0.550599
1.04647e-043       2.67331e-042       1
0.000172364       0.981916       0.000181282
0.0727636       0.428981       0.0525578
0.107654       0.336317       0.0646704
0.15904       0.239695       0.0799463
0.00137505       0.17916       0.442977
0.0100952       0.0880116       0.538198
0.0656848       0.455161       0.0463288
0.101555       0.352612       0.0621498
0.127386       0.297175       0.0692658
0.00030122       0.204902       0.412112
0.00859331       0.0946694       0.528487
0.000137708       0.98562       0.000144085
0.060267       0.480592       0.0464047
0.091903       0.37891       0.057051
6.60477e-005       0.244965       0.369972
0.00489803       0.122813       0.501981
7.69165e-044       3.17001e-042       1
0.0563644       0.501558       0.0422848
1.33262e-044       0.305069       0.305072
0.00169029       0.156115       0.472274
5.35411e-045       4.3106e-044       1
0.000123009       0.992573       0.000128324
0.0520283       0.514904       0.0424333
0.00024369       0.208233       0.409479
1.75775e-005       0.999199       1.34136e-005
3.82842e-005       0.995786       2.81772e-005
