116.07       0.0234544
12.2439       0.157991
10.5059       0.202283
7.89439       0.235738
6.7322       0.252721
6.37767       0.264166
5.04989       0.323912
4.80636       0.346533
4.44126       0.357319
4.28371       0.361353
3.99386       0.382618
3.71401       0.41619
3.66011       0.418643
3.55059       0.423791
3.30621       0.45675
3.11446       0.45911
3.02224       0.4785
2.99186       0.497757
2.92434       0.503115
2.88811       0.519758
2.71556       0.539714
2.71239       0.551071
2.70199       0.540983
2.60538       0.584275
2.58253       0.595336
2.57879       0.627644
2.49966       0.608384
2.38734       0.653827
2.3809       0.652074
2.18481       0.67595
2.29316       0.684307
2.10357       0.715384
2.13376       0.714875
2.03487       0.72506
2.04669       0.729268
1.99388       0.733658
1.95112       0.741154
1.95482       0.742736
1.89995       0.724078
1.75036       0.755454
1.76204       0.756811
1.77586       0.765834
1.66469       0.77387
1.71432       0.827408
1.70229       0.811517
1.6018       0.829168
1.5717       0.827491
1.64997       0.824971
1.56999       0.822212
1.51041       0.837372
1.56143       0.855979
1.54362       0.857746
1.53087       0.861317
1.41607       0.8601
1.51047       0.90953
1.49581       0.911975
1.46915       0.914929
1.39163       0.90991
1.41511       0.925612
1.41516       0.925644
1.3341       0.968308
1.33882       1.03147
1.37912       1.01046
1.3       1.00016
1.33623       1.00706
1.21067       1.0248
1.2864       1.06353
1.28174       1.08701
1.27141       1.08537
1.19213       1.1228
1.21788       1.18959
1.23283       1.0817
1.19029       1.13517
1.22478       1.19633
1.22944       1.21446
