2.89638       4.95823e-005
2.8043       0.0275199
2.75292       0.0558079
2.70905       0.0813512
2.66286       0.109104
2.62019       0.138813
2.58677       0.164143
2.56027       0.185921
2.52493       0.219934
2.50291       0.247864
2.47437       0.270778
2.44997       0.303885
2.42913       0.327875
2.40806       0.356192
2.39004       0.390939
2.3693       0.422692
2.35638       0.446485
2.33625       0.478745
2.31845       0.514386
2.29904       0.547341
2.28726       0.573161
2.27032       0.605738
2.256       0.630113
2.23648       0.675853
2.21457       0.705515
2.19725       0.73602
2.17667       0.766272
2.15085       0.805116
2.12632       0.83669
2.10045       0.868895
2.07361       0.899886
2.04149       0.933398
2.01261       0.955834
1.97853       0.98626
1.9382       1.01628
1.90186       1.04037
1.86322       1.06527
1.82247       1.0886
1.77972       1.11377
1.74373       1.13549
1.70017       1.15012
1.66269       1.17243
1.61838       1.19769
1.58254       1.21704
1.54871       1.2376
1.51301       1.26189
1.47931       1.285
1.44712       1.3106
1.41963       1.33123
1.39013       1.36135
1.35958       1.38708
1.33326       1.41636
1.30642       1.44604
1.2845       1.47999
1.26162       1.51118
1.23722       1.54559
1.21632       1.58758
1.19258       1.62227
1.17317       1.65609
1.15103       1.69825
1.13187       1.73724
1.10837       1.78053
1.08852       1.82027
1.06254       1.86216
1.03965       1.89884
1.01458       1.94151
0.986764       1.97778
0.959397       2.01147
0.931056       2.04252
0.899281       2.07168
0.868471       2.10045
0.83741       2.12659
0.802199       2.15389
0.76972       2.17905
0.735733       2.19655
0.7053       2.21573
0.672597       2.23262
0.641904       2.2522
0.608764       2.26893
0.577164       2.2839
0.545337       2.30057
0.515209       2.3157
0.481733       2.33615
0.452713       2.35023
0.421992       2.36879
0.393081       2.3869
0.363076       2.40443
0.331949       2.42581
0.297768       2.4544
0.276119       2.47057
0.249692       2.49525
0.221451       2.52058
0.194639       2.55465
0.164967       2.59037
0.13722       2.62262
0.107876       2.67125
0.0829561       2.70699
0.0526568       2.7601
0.0277407       2.80522
1.62659e-013       2.96363
