3.13692       3.13692       3.69173e-006
1.00832       0.987307       0.0766344
0.991576       0.976865       0.132711
1.01889       0.798039       0.229183
1.00289       0.772561       0.323154
1.00072       0.752712       0.457634
1.0317       0.522194       0.512363
0.986464       0.491345       0.560793
1.01963       0.456432       0.753302
1.01394       0.216826       0.808817
0.996048       0.179746       0.991702
0.994555       0.0255583       1.01442
0.979452       1.9395e-005       2.02771
0.991428       1.01006       0.0797806
0.999895       0.997245       0.0859039
1.0141       0.765897       0.382667
1.02989       0.508529       0.524213
0.988346       0.479863       0.592899
1.02124       0.213154       0.809339
1.02049       0.186997       0.908596
0.00191237       4.49804e-007       3.88478
0.970766       1.00315       0.167865
0.958807       0.983463       0.19176
0.958807       0.982117       0.195093
1.02101       0.787025       0.295939
1.01576       0.754216       0.434029
1.03787       0.525316       0.515384
1.02918       0.490771       0.57771
1.01273       0.453884       0.77497
1.01883       0.208705       0.811667
0.969546       0.214081       0.978664
0.771848       0.0196928       1.46298
0.802221       1.02573       0.235457
0.794427       1.01865       0.25762
0.822337       0.818273       0.416399
1.00575       0.753404       0.477323
0.980567       0.514745       0.561897
0.789506       0.22053       1.16733
0.515666       0.0154473       1.66557
0.00110192       5.11072e-009       3.92944
0.793658       1.01766       0.25737
0.775355       1.01849       0.374102
0.767377       0.988898       0.418991
0.516301       1.00834       0.502286
0.815104       0.809842       0.412264
0.798119       0.499226       0.738237
0.513232       0.498496       1.03432
0.515364       0.203751       1.31561
0.217827       0.194512       1.63948
0.765859       1.01445       0.439341
0.521144       1.01779       0.506964
0.530229       0.98391       0.575255
0.55264       0.813063       0.786185
0.528815       0.509748       1.02388
0.220418       0.202486       1.62478
0.000729896       5.14842e-009       3.99476
0.514786       1.02853       0.515413
0.478728       1.01208       0.586675
0.496009       0.970264       0.655275
0.515953       0.501564       1.03727
0.223298       0.495017       1.35946
0.494352       1.01987       0.543038
0.466129       1.01042       0.650799
0.215132       1.01012       0.802282
0.208783       0.996495       0.83225
0.234929       0.203582       1.67494
1.15426e-011       0.000201025       4.02764
0.457138       1.01163       0.715561
0.213743       1.0036       0.798528
0.212121       0.761825       1.17091
0.238453       0.217919       1.68951
4.68876e-006       0.000981611       3.97687
0.215556       1.01211       0.805024
0.203055       0.973308       0.904797
0.0351147       0.524513       1.57596
4.69251e-006       0.0012497       3.95483
0.216038       1.01437       0.804894
0.183818       1.01833       0.928476
0.0170489       0.752167       1.49153
0.176847       1.01426       0.983397
0.0230055       1.01309       1.00472
0.0228224       1.01846       1.00051
2.27829e-008       0.0041693       3.85294
0.000175178       1.00707       2.04865
