1       3.58884
1       3.58885
1       3.58888
1       3.58888
1       3.5889
1       3.58888
1       3.58886
1       3.58887
1       3.58886
1       3.58885
1       3.5889
1       3.58886
1       3.58886
1       3.58891
1       3.58887
1       3.58891
1       3.58891
1       3.58892
1       3.58896
1       3.58893
1       3.58894
1       3.58898
1       3.589
1       3.58881
1       3.58893
1       3.5889
1       3.589
1       3.5889
1       3.58894
1       3.58895
1       3.58899
1       3.58898
1       3.58902
1       3.58886
1       3.589
1       3.58902
1       3.58888
1       3.58906
1       3.58913
1       3.58901
1       3.58901
1       3.58908
1       3.58912
1       3.58901
1       3.58909
1       3.58907
1       3.58912
1       3.58891
1       3.58916
1       3.58915
1       3.58898
0.971733       3.62333
0.928142       3.67673
0.884027       3.73109
0.842079       3.79265
0.79507       3.84805
0.753604       3.90256
0.704292       3.97055
0.659586       4.03195
0.613514       4.0966
0.566411       4.16549
0.526978       4.23018
0.481257       4.29899
0.437209       4.37253
0.390272       4.44542
0.327169       4.55646
0.296944       4.62296
0.243404       4.72176
0.194287       4.82871
0.153496       4.92153
0.102714       5.0563
0.0487323       5.23717
0.000218605       5.54477
