1.25173       5.94935e-005
1.21265       0.0112139
1.20247       0.0236007
1.19384       0.0347815
1.18538       0.0476916
1.17321       0.0609763
1.16493       0.0732335
1.15291       0.0875126
1.14418       0.0990915
1.13314       0.113012
1.12285       0.125307
1.11344       0.136291
1.10247       0.149843
1.09142       0.163534
1.08332       0.17422
1.06993       0.190763
1.06048       0.201417
1.04698       0.217163
1.03772       0.227926
1.02332       0.242487
1.01257       0.256597
1.00128       0.269073
0.989654       0.282224
0.975179       0.29427
0.964853       0.306028
0.952537       0.318762
0.93712       0.333419
0.925001       0.346158
0.91306       0.357644
0.898887       0.370965
0.887428       0.382683
0.873351       0.398784
0.857852       0.410313
0.844505       0.422894
0.830384       0.435544
0.817634       0.446334
0.802678       0.458357
0.789169       0.471221
0.774128       0.482338
0.7601       0.49395
0.746231       0.506478
0.730852       0.517238
0.717136       0.528374
0.702595       0.539969
0.688776       0.550618
0.674118       0.561753
0.659975       0.573654
0.64554       0.583989
0.63219       0.594715
0.617589       0.605933
0.604299       0.61651
0.590477       0.628411
0.574944       0.639135
0.563246       0.649842
0.548708       0.660102
0.534346       0.671406
0.523305       0.681157
0.510023       0.691374
0.495111       0.703177
0.482942       0.713364
0.469527       0.723661
0.457807       0.734514
0.441726       0.744483
0.431491       0.755094
0.418577       0.765859
0.406051       0.776774
0.393879       0.787272
0.380719       0.79859
0.368398       0.809186
0.355935       0.819956
0.344018       0.830281
0.328094       0.845816
0.319497       0.855097
0.306909       0.865312
0.294926       0.876975
0.283354       0.888263
0.271931       0.899813
0.26006       0.911774
0.248575       0.923722
0.236618       0.936232
0.222895       0.951018
0.212041       0.962657
0.201151       0.974721
0.189949       0.987165
0.177859       1.00174
0.166912       1.01406
0.155263       1.02819
0.143561       1.04167
0.132009       1.05576
0.120095       1.07017
0.108455       1.08589
0.0959194       1.09897
0.0833595       1.11574
0.0719763       1.12845
0.0595967       1.14421
0.0488061       1.15789
0.0349682       1.17639
0.0235632       1.19069
0.0115985       1.20625
1.54572e-005       1.22084
