0.99969       0.00172413
0.994263       0.00856708
0.981491       0.0201888
0.969941       0.029736
0.96194       0.0403909
0.952216       0.0478452
0.939015       0.0585813
0.92771       0.0690215
0.918387       0.0776964
0.906038       0.0908004
0.896819       0.0998723
0.887996       0.10988
0.873403       0.119986
0.860344       0.130702
0.853659       0.140947
0.840411       0.149522
0.828427       0.158709
0.819096       0.170233
0.808242       0.177365
0.800646       0.186748
0.792311       0.194556
0.77666       0.209531
0.765795       0.21889
0.751942       0.228941
0.747484       0.237215
0.732921       0.2487
0.720633       0.259653
0.711572       0.267035
0.702511       0.277802
0.694146       0.286965
0.681866       0.296791
0.671537       0.306572
0.661996       0.315966
0.652149       0.326184
0.64152       0.335851
0.631289       0.344615
0.622133       0.355288
0.612163       0.364642
0.60074       0.37538
0.589311       0.385021
0.580692       0.393588
0.570999       0.4028
0.557943       0.415242
0.549729       0.423643
0.541599       0.431375
0.530045       0.440768
0.51912       0.451231
0.510227       0.461092
0.50131       0.469866
0.490004       0.47971
0.481602       0.489862
0.472218       0.499986
0.460813       0.510758
0.452108       0.520539
0.437982       0.530003
0.429879       0.541291
0.421679       0.551554
0.412267       0.558373
0.401769       0.567479
0.393212       0.578617
0.382052       0.58747
0.37223       0.594508
0.363878       0.610172
0.351837       0.619325
0.343034       0.625913
0.332782       0.636608
0.32331       0.644535
0.313727       0.655761
0.303103       0.666306
0.293182       0.673365
0.283498       0.688525
0.273497       0.695507
0.26398       0.705542
0.255323       0.716219
0.243988       0.725706
0.234866       0.735317
0.225138       0.743849
0.214834       0.756601
0.205092       0.765884
0.19592       0.773768
0.186502       0.788068
0.176428       0.795782
0.16738       0.809924
0.157572       0.816965
0.147261       0.828429
0.137549       0.83943
0.128045       0.848118
0.118291       0.861997
0.108111       0.871153
0.0991173       0.882326
0.0887118       0.896173
0.079783       0.904165
0.0681394       0.917571
0.0590761       0.931806
0.0486465       0.943014
0.0376452       0.953959
0.0269065       0.96844
0.018475       0.978645
0.00692053       0.99456
3.81553e-010       1.24898
