8.6289       2.23041e-009
8.56076       0.0391926
8.5095       0.16382
8.47958       0.236668
8.45307       0.310499
8.39193       0.432818
8.37285       0.4723
8.37117       0.487308
8.37384       0.472356
8.09051       1.01383
8.06627       1.04943
8.00253       1.18712
7.91655       1.29524
7.87051       1.40741
7.799       1.48726
7.75866       1.5453
7.75683       1.54493
7.7699       1.54753
7.40666       2.12111
7.30815       2.20477
7.23747       2.29555
7.14696       2.4163
7.09248       2.48294
6.97386       2.61881
6.94224       2.66712
6.94224       2.66712
6.94942       2.66806
6.48102       3.24977
6.37075       3.33963
6.26172       3.42585
6.2015       3.54507
6.07424       3.60155
6.00274       3.70899
5.99156       3.80576
5.98981       3.80465
5.33459       4.29024
5.33659       4.29185
5.25028       4.37139
5.14756       4.45893
5.03415       4.54591
4.90433       4.63515
4.80524       4.73134
4.75559       4.74169
4.14445       5.19224
4.14485       5.19274
4.14452       5.19233
4.03387       5.25334
3.91583       5.31698
3.82735       5.37425
3.67487       5.45576
3.56366       5.5176
2.93686e-007       5.89375
6.74723e-008       5.89375
3.5619e-007       5.89375
7.51676e-007       5.89375
3.32788e-008       5.89375
1.34132e-007       5.89375
1.11323e-007       5.89375
7.87235e-008       5.89375
4.38075e-007       5.89375
1.01151e-006       5.89375
7.87235e-008       5.89375
3.08702e-007       5.89375
1.08456e-006       5.89375
8.56307e-007       5.89375
1.0275e-008       5.89375
4.08219e-007       5.89375
5.26253e-007       5.89375
7.32795e-007       5.89375
2.97594e-007       5.89375
4.72522e-007       5.89375
1.93233e-007       5.89375
3.08222e-007       5.89375
2.06115e-007       5.89375
3.08702e-007       5.89375
3.56098e-007       5.89375
3.84106e-007       5.89375
