0.306549       1.78455
0.30655       1.78456
0.306552       1.78457
0.306553       1.78458
0.30655       1.78456
0.306552       1.78457
0.306553       1.78457
0.30655       1.78456
0.306553       1.78458
0.306553       1.78457
0.306551       1.78456
0.306551       1.78456
0.30655       1.78456
0.306551       1.78456
0.306549       1.78455
0.306552       1.78457
0.30655       1.78456
0.306555       1.78459
0.30655       1.78456
0.306558       1.7846
0.30655       1.78456
0.306559       1.78461
0.30656       1.78461
0.306551       1.78457
0.306556       1.78459
0.306557       1.7846
0.306551       1.78456
0.306556       1.78459
0.306566       1.78465
0.306557       1.7846
0.306554       1.78458
0.306554       1.78458
0.306558       1.7846
0.306559       1.78461
0.306558       1.7846
0.306559       1.78461
0.306556       1.78459
0.306559       1.78461
0.306563       1.78463
0.306559       1.78461
0.306555       1.78458
0.306554       1.78458
0.306561       1.78462
0.306555       1.78459
0.306561       1.78462
0.306561       1.78462
0.306549       1.78455
0.306554       1.78458
0.306556       1.78459
0.300323       1.80138
0.292133       1.82136
0.283176       1.8428
0.275394       1.86281
0.267327       1.88467
0.258353       1.90784
0.250825       1.93
0.242568       1.95961
0.23335       1.98156
0.222795       2.00943
0.214429       2.03507
0.203233       2.07081
0.193831       2.1
0.184368       2.12849
0.174983       2.17177
0.163671       2.20575
0.15546       2.24239
0.143151       2.28914
0.129879       2.32978
0.120692       2.37523
0.106151       2.44689
0.0966498       2.49926
0.0842529       2.55923
0.0630585       2.68064
0.0530666       2.74171
0.0380239       2.88364
0.0179659       3.05706
1.81936e-005       3.70688
