61.4004       0.0037222
58.2849       0.0466647
55.331       0.0456182
51.8023       1.38925
59.2579       0.653864
53.6098       2.59243
50.6609       4.17064
45.7367       5.14201
53.5438       4.60525
50.0152       4.11749
50.6654       6.71394
41.7135       7.87443
30.3302       7.93001
25.7295       8.65947
35.5941       8.08311
29.8674       8.60083
23.2851       7.69478
24.6938       8.88409
28.3111       9.18378
25.8083       9.10886
24.9429       10.3719
23.3643       9.25548
15.0309       10.1136
15.4838       10.0358
23.5694       10.4832
17.2747       7.51635
17.0829       10.234
15.416       7.78964
14.5093       11.6843
16.8082       10.3447
13.6199       11.616
15.0514       11.0654
11.535       11.0207
14.2455       13.6105
14.2463       14.3176
13.5395       13.0878
12.4029       13.9372
13.5093       16.276
10.737       16.9182
12.4252       13.9622
13.3958       17.2069
12.0845       19.0415
9.42746       19.2601
12.2874       19.6766
7.33683       21.1373
9.1666       26.4183
9.40848       20.5914
8.82044       17.8908
7.16593       21.0019
10.1646       28.8739
10.0109       29.4217
11.047       24.2019
5.4029       13.9021
8.64219       35.9137
11.2593       30.9834
5.64091       13.5262
9.50582       45.5452
6.96759       35.3746
3.05293       48.0023
2.99731       47.2235
1.03517       50.3881
0.0417561       50.6019
3.02149       47.6044
1.01239       48.8143
0.218978       47.2035
0.225631       48.6376
0.68394       52.5558
0.00495807       98.0742
