1.43399       2.92322e-005
1.15813       0.0103535
1.13024       0.0214925
1.10298       0.0306526
1.0804       0.0431982
1.07848       0.0525327
1.05327       0.0658032
1.054       0.0542649
1.06845       0.060982
0.95375       0.121171
0.941311       0.122626
0.922506       0.131775
0.899287       0.147677
0.884243       0.154024
0.878326       0.157226
0.876648       0.176893
0.881047       0.172595
0.863267       0.168282
0.809139       0.234085
0.787765       0.241615
0.783171       0.248726
0.759663       0.259024
0.747208       0.272882
0.746144       0.288866
0.74225       0.278415
0.679261       0.340718
0.672933       0.3481
0.662725       0.361434
0.655369       0.374225
0.647445       0.387441
0.636604       0.394444
0.630412       0.396776
0.569806       0.460008
0.561433       0.460122
0.552081       0.465098
0.546238       0.471083
0.530986       0.493711
0.516568       0.494947
0.516248       0.508622
0.516018       0.509482
0.469976       0.581894
0.447852       0.571024
0.420046       0.600579
0.429092       0.594568
0.421737       0.632678
0.419306       0.640275
0.408164       0.638439
0.346977       0.698791
0.33371       0.69636
0.338385       0.695181
0.335998       0.701134
0.3315       0.722998
0.319031       0.718239
0.294944       0.744489
0.288565       0.74591
0.213102       0.814242
0.227822       0.813627
0.226322       0.814102
0.208456       0.822758
0.193966       0.835313
0.18278       0.84909
0.173587       0.864899
0.125738       0.927524
0.102649       0.926742
0.111771       0.926404
0.108146       0.933343
0.0930267       0.938455
0.0843169       0.961056
0.0704977       0.968975
0.0590749       0.992891
7.9882e-005       1.09854
0.00136639       1.09572
3.1636e-008       1.09231
