1.11053       1.20102e-005
1.05204       0.00882378
1.04319       0.0162902
1.03927       0.0282029
1.00477       0.0473413
1.00173       0.048617
1.01584       0.0517339
0.937978       0.105733
0.928576       0.114846
0.906361       0.136467
0.901363       0.144857
0.903982       0.158833
0.899438       0.144548
0.912335       0.134883
0.826183       0.208482
0.819069       0.206687
0.788672       0.232109
0.77937       0.244351
0.77707       0.253014
0.778154       0.247493
0.716828       0.309966
0.698837       0.310028
0.688585       0.318743
0.675286       0.335862
0.666043       0.349677
0.661212       0.351628
0.607952       0.405522
0.60099       0.403993
0.581645       0.426554
0.567848       0.438958
0.566608       0.451305
0.561739       0.45926
0.498943       0.504898
0.500215       0.506184
0.488546       0.520097
0.477237       0.528842
0.466403       0.540408
0.460504       0.549746
0.458007       0.556017
0.398319       0.609512
0.400096       0.610048
0.391185       0.61465
0.385422       0.62022
0.377367       0.629527
0.366216       0.641016
0.356754       0.650054
0.353995       0.657189
0.301046       0.705027
0.300905       0.704697
0.295024       0.71449
0.283713       0.722668
0.271639       0.73241
0.262683       0.739397
0.254626       0.753543
0.252908       0.757127
0.199512       0.804495
0.199481       0.803037
0.197315       0.805205
0.192712       0.810668
0.182382       0.822913
0.170461       0.831683
0.160965       0.841186
0.151839       0.852994
0.0977227       0.912965
0.100655       0.913012
0.0977303       0.913036
0.0891305       0.917801
0.0810611       0.927857
0.065745       0.941364
0.0592987       0.949864
0.0518557       0.965851
9.38332e-006       1.01425
9.27956e-007       1.03324
3.48536e-006       1.02061
