0.850255       0.850301       2.19832e-008
1.00267       1.19757e-008       2.56955e-008
1.00307       1.20304e-008       2.57016e-008
1.00332       1.19333e-008       2.57164e-008
1.0017       1.19904e-008       2.56685e-008
1.00238       1.19722e-008       2.56881e-008
1.00193       1.19669e-008       2.56767e-008
1.00299       1.19795e-008       2.57037e-008
1.01192       9.57951e-006       2.16547e-005
0.849623       8.27946e-006       0.851355
4.52128e-009       1       2.58535e-008
0.999993       0.0740981       0.0737288
0.999997       0.00525981       0.0724427
0.999997       0.00525981       0.0724427
0.999988       0.00985134       0.0992702
0.849548       0.0446713       0.851005
9.07426e-006       3.18457e-006       1
6.49769e-009       1       2.58535e-008
0.0983318       0.999979       0.0980284
0.999373       0.219205       0.208709
0.995576       0.368823       0.321529
0.998625       0.322862       0.290887
0.990443       0.237032       0.478704
0.850249       0.0110189       0.850307
6.92184e-009       1       5.29466e-008
0.0983317       0.999978       0.0980282
0.242197       0.999084       0.239049
0.958644       0.635769       0.406171
0.96984       0.561303       0.479157
0.96772       0.386104       0.601265
0.0983318       0.999979       0.0980284
0.271674       0.998635       0.269062
0.496917       0.980562       0.48362
0.849548       0.0446713       0.851005
4.12326e-005       9.95227e-006       1
0.332256       0.996513       0.327346
0.507657       0.978533       0.493614
7.91831e-007       0.850278       0.850278
4.18512e-005       6.26399e-006       1
3.96109e-009       1       2.58535e-008
0.434986       0.989363       0.42645
2.73985e-005       3.12195e-006       1
7.69176e-009       1       1.19588e-007
0.0983318       0.999979       0.0980284
0.271676       0.998642       0.269064
0.0983318       0.999979       0.0971027
0.248397       0.998975       0.244931
1.34344e-006       2.0916e-006       1
2.49288e-007       0.850278       0.850278
1.2881e-006       2.14087e-006       1
1.6593e-008       1       1.05535e-006
9.38639e-007       0.850278       0.850278
4.09168e-006       3.06743e-006       1
1.02721e-006       1.23307e-006       1
