1.07933       4.80674e-006
1.01339       0.00994434
1.00448       0.0166988
0.985571       0.028997
0.983856       0.0378164
0.96717       0.0511707
0.955574       0.0598387
0.954431       0.0691885
0.941064       0.0820666
0.931736       0.0902443
0.925968       0.09623
0.916785       0.113235
0.904684       0.119591
0.89144       0.134974
0.888911       0.144826
0.880143       0.15015
0.872849       0.166946
0.864496       0.177086
0.856347       0.186215
0.844359       0.191125
0.832416       0.20943
0.820334       0.21559
0.806348       0.230862
0.799196       0.241141
0.7857       0.249139
0.77602       0.264735
0.765241       0.273898
0.758534       0.284308
0.743376       0.296208
0.740275       0.307153
0.728547       0.311526
0.718785       0.326329
0.708319       0.339337
0.69851       0.34884
0.684621       0.35629
0.672463       0.370396
0.666079       0.382206
0.653903       0.387019
0.645961       0.402583
0.630263       0.413309
0.621299       0.426824
0.612126       0.435183
0.603473       0.441608
0.593873       0.453493
0.580688       0.465781
0.573266       0.473854
0.560445       0.48563
0.548354       0.497626
0.539583       0.509023
0.526355       0.522484
0.519496       0.528588
0.509588       0.536786
0.496689       0.550682
0.486108       0.560522
0.476281       0.574825
0.466173       0.581869
0.452563       0.593856
0.447451       0.599866
0.432558       0.614443
0.420629       0.623605
0.414143       0.632431
0.40275       0.647972
0.388449       0.655545
0.379264       0.666036
0.371551       0.676225
0.359784       0.690064
0.349808       0.690829
0.33347       0.707549
0.324716       0.720293
0.315054       0.727708
0.306409       0.738514
0.290785       0.747712
0.283833       0.75626
0.274154       0.774669
0.260347       0.780388
0.248981       0.787953
0.239132       0.796802
0.221887       0.810309
0.220467       0.81416
0.20536       0.825275
0.191713       0.843725
0.185386       0.850559
0.175553       0.859558
0.161084       0.866734
0.156354       0.873844
0.143985       0.882566
0.135769       0.895834
0.125061       0.912196
0.107257       0.918143
0.0969475       0.926003
0.0891008       0.932244
0.0782831       0.940386
0.0700391       0.955125
0.0600988       0.962012
0.0439372       0.975703
0.0399151       0.983795
0.0299767       0.98591
0.0204004       1.00013
0.00206382       1.00536
3.13451e-007       1.01389
