1       3.8851
1       3.88508
1       3.88508
1       3.88508
1       3.88509
1       3.8851
1       3.88508
1       3.88505
1       3.88505
1       3.88507
1       3.88508
1       3.88509
1       3.88507
1       3.88508
1       3.88507
1       3.88507
1       3.88506
1       3.88506
1       3.88508
1       3.88506
1       3.88509
1       3.88508
1       3.88508
1       3.8851
1       3.88509
1       3.8851
1       3.88509
1       3.88508
1       3.88507
1       3.88508
1       3.88508
1       3.88507
1       3.88506
1       3.88509
1       3.88508
1       3.88508
1       3.88509
1       3.88509
1       3.88507
1       3.8851
1       3.88507
1       3.8851
1       3.88507
1       3.88505
1       3.8851
1       3.88508
1       3.88509
1       3.88509
1       3.8851
0.982864       3.8914
0.927632       3.9113
0.869736       3.92593
0.814035       3.94372
0.744996       3.95808
0.70503       3.96681
0.648807       3.97825
0.600747       3.98775
0.520079       3.99892
0.486209       4.00347
0.446103       4.00863
0.393734       4.01356
0.350975       4.01774
0.30088       4.02161
0.254662       4.02445
0.209438       4.02582
0.167995       4.02714
0.104822       4.02857
0.0401573       4.02895
4.63999e-005       4.03029
