0.999895       0.00503772
0.995107       0.0104509
0.975375       0.0206943
0.959027       0.0303193
0.942169       0.0407445
0.932791       0.0493024
0.916754       0.0577502
0.905376       0.0675579
0.885301       0.0787287
0.876505       0.0838466
0.863586       0.0967494
0.848071       0.104722
0.839979       0.116654
0.817795       0.123744
0.805991       0.134057
0.795913       0.142051
0.7816       0.151236
0.766349       0.160949
0.756151       0.168162
0.74518       0.175644
0.735876       0.181935
0.720562       0.195652
0.708587       0.202815
0.695351       0.210947
0.688439       0.218555
0.674827       0.227016
0.667732       0.237851
0.654101       0.242259
0.641066       0.252695
0.627306       0.262673
0.619404       0.270405
0.606627       0.278161
0.599478       0.283929
0.585268       0.295819
0.574493       0.302879
0.566421       0.309148
0.557273       0.316431
0.546093       0.326277
0.536099       0.33476
0.525843       0.343126
0.51343       0.352454
0.507168       0.356775
0.496477       0.365125
0.486974       0.375066
0.476547       0.382393
0.46759       0.388683
0.459225       0.398968
0.450503       0.404099
0.440133       0.415243
0.429332       0.422521
0.421026       0.42911
0.410227       0.438997
0.403536       0.447574
0.394195       0.453342
0.383303       0.464931
0.374448       0.471996
0.368023       0.478889
0.358108       0.487393
0.348844       0.495512
0.338972       0.505068
0.333529       0.508655
0.323655       0.519365
0.313142       0.529241
0.30604       0.536872
0.295716       0.545966
0.287652       0.554868
0.280769       0.565208
0.272214       0.573355
0.264091       0.581486
0.255354       0.588174
0.247258       0.5958
0.237139       0.60679
0.226847       0.618834
0.221899       0.628312
0.214222       0.636363
0.205857       0.644796
0.196843       0.658742
0.186748       0.665278
0.1818       0.672436
0.173422       0.686778
0.162009       0.697799
0.153429       0.704796
0.147216       0.717689
0.136137       0.726715
0.130007       0.735433
0.122432       0.749233
0.114814       0.762205
0.10529       0.773248
0.0977396       0.78502
0.0865434       0.800737
0.0771428       0.813212
0.071602       0.824617
0.0633543       0.844278
0.0542767       0.858903
0.0452907       0.872414
0.0362125       0.887
0.0276293       0.913084
0.0191849       0.933776
0.00992921       0.968387
8.12576e-009       1.09672
