0.999998       0.00610883
0.99064       0.00952683
0.974903       0.0185715
0.948468       0.0301164
0.92604       0.0394842
0.915076       0.0467954
0.897546       0.0551789
0.881024       0.0671593
0.861439       0.0740483
0.84232       0.0840209
0.830401       0.0911385
0.81552       0.101419
0.797579       0.109051
0.781078       0.118788
0.768683       0.12636
0.757055       0.133877
0.746616       0.144126
0.735595       0.147135
0.714294       0.159099
0.703456       0.165102
0.686262       0.174835
0.681507       0.179159
0.66352       0.19065
0.654404       0.195312
0.642166       0.201823
0.627451       0.210452
0.616882       0.217699
0.604306       0.227979
0.591598       0.235072
0.586702       0.239089
0.571757       0.250116
0.561544       0.256913
0.547573       0.262546
0.536783       0.269655
0.528229       0.277626
0.514158       0.284408
0.499022       0.295494
0.4905       0.308125
0.479303       0.310246
0.47301       0.315851
0.460411       0.326101
0.449262       0.331759
0.445548       0.340641
0.432595       0.348048
0.427905       0.356151
0.417385       0.364288
0.409118       0.369432
0.394276       0.376986
0.387969       0.384596
0.382396       0.388239
0.379514       0.394291
0.360856       0.406218
0.360705       0.408767
0.350985       0.417458
0.341554       0.423988
0.330589       0.431824
0.321215       0.439109
0.319389       0.448728
0.303271       0.456241
0.298543       0.45965
0.294285       0.465354
0.28618       0.478149
0.276341       0.480057
0.267202       0.495223
0.261124       0.502541
0.252747       0.504749
0.244408       0.517201
0.232006       0.522875
0.224229       0.530547
0.216452       0.541246
0.201279       0.556414
0.196264       0.56356
0.191791       0.575944
0.185215       0.587556
0.177482       0.591121
0.170987       0.59807
0.156979       0.616527
0.146429       0.626017
0.135879       0.639263
0.129928       0.651555
0.10966       0.684442
0.101442       0.692669
0.0951601       0.703413
0.0891782       0.714863
0.079278       0.738089
0.0663428       0.760236
0.0546144       0.779992
0.0502091       0.7942
0.0408091       0.814568
0.0309876       0.839198
0.0246912       0.86768
0.0166956       0.889671
0.00588405       0.96059
1.97202e-006       1.09024
