1.62831       1.45678       1.72576e-005
4.23535       8.49742e-005       4.0008e-005
3.91115       7.22811e-005       6.67302e-005
4.04837       0.000149699       0.000232112
4.03741       0.00016136       0.000551508
3.66818       9.96161e-005       0.000263196
3.48326       9.45943e-005       0.00048182
3.36239       0.000103792       0.000985807
3.83572       1.02142e-005       0.000989716
0.649582       9.45411e-005       0.798908
5.10867e-005       4.73975       2.61089e-007
0.708859       0.732586       0.0497986
0.939229       0.42422       0.0575511
0.96804       0.328022       0.0905829
1.02904       0.0430254       0.0737883
1.01987       0.102582       0.160479
1.01531       0.122398       0.252865
1.00967       0.00489428       0.33528
0.922861       0.0214944       0.455454
1.56044e-010       1.50289e-006       1.01016
1.25712e-005       6.20986       1.00675e-007
0.438776       0.906554       0.0515408
0.90778       0.453326       0.196127
0.934579       0.318034       0.26907
0.948868       0.0770833       0.37043
0.908756       0.258288       0.384273
0.851624       0.180846       0.546584
0.757989       0.103851       0.716212
0.418798       0.0142412       0.939123
0.20418       0.98903       0.0659208
0.56294       0.831613       0.00716158
0.736       0.639894       0.293706
0.82513       0.442216       0.394777
0.782898       0.419582       0.493064
0.784403       0.226613       0.622406
0.726013       0.187072       0.701849
0.576332       0.191379       0.857553
0.294362       0.0504121       0.97812
1.7487e-007       1.0813e-005       1.00001
0.000147012       4.80762       2.64827e-007
0.156611       0.987089       0.112179
0.407748       0.900769       0.244234
0.561023       0.755731       0.407238
0.640283       0.642365       0.473852
0.649331       0.508808       0.634974
0.579312       0.382786       0.781008
0.359935       0.231013       0.919705
0.148834       0.0244715       0.993864
1.20869e-008       4.14231e-005       1
1.77478e-008       6.09426       0.000225767
0.176215       0.981001       0.132983
0.35311       0.910755       0.231659
0.461236       0.771981       0.449288
0.50943       0.660149       0.62394
0.441065       0.452567       0.789305
0.357986       0.273383       0.898148
0.134067       0.131732       0.984871
1.24542e-008       6.10587       0.000100128
0.118898       0.99875       0.0892347
0.306552       0.915714       0.339205
0.189877       0.792295       0.598284
0.353781       0.506448       0.803925
0.253716       0.339128       0.910761
0.155993       0.0990853       0.986598
1.57266e-006       0.000152464       1
6.08842e-006       5.65139       0.000602085
0.13034       0.986184       0.177373
0.178285       0.892011       0.422962
0.169396       0.727513       0.698267
0.11994       0.452388       0.888074
9.8194e-007       0.000128152       1
5.53256e-006       5.52069       0.00058816
0.122961       0.992921       0.146658
0.165831       0.842265       0.521847
0.108191       0.534209       0.841924
0.0693848       0.205032       0.977971
0.00391539       0.965455       0.304921
0.0568843       0.698732       0.741363
0.0635319       0.309781       0.97706
8.34929e-006       5.58746       0.0008199
0.0519106       0.918471       0.453833
0.0162067       0.461583       0.908837
3.94418e-008       2.42357e-007       1.00001
1.52387e-005       5.9592       0.00109859
3.67878e-006       0.859564       0.690311
