1.23496       8.27236e-005
1.14964       0.010484
1.0726       0.0157606
0.987832       0.0381333
0.900111       0.0448821
0.763636       0.0622413
0.633685       0.0675897
0.442085       0.0706096
0.590497       0.0715706
0.273247       0.075591
0.330451       0.0740918
0.268426       0.0742575
0.291908       0.0762709
0.333035       0.0729619
0.236522       0.0755315
0.253549       0.0793329
0.19575       0.0781052
0.232373       0.0809089
0.206894       0.0823641
0.197073       0.0786332
0.187577       0.0810113
0.182511       0.0842242
0.18979       0.0850928
0.185789       0.0842725
0.15503       0.0939111
0.168407       0.0942269
0.155476       0.0941813
0.1422       0.0940371
0.155935       0.0965385
0.135628       0.100375
0.146331       0.102051
0.13993       0.101458
0.132347       0.106951
0.136618       0.108219
0.122376       0.108201
0.122152       0.112221
0.118102       0.111489
0.11488       0.109822
0.111293       0.125285
0.106166       0.126389
0.109913       0.140849
0.103934       0.13117
0.106138       0.128837
0.0992458       0.139465
0.10116       0.145171
0.103177       0.151382
0.100442       0.14737
0.0968636       0.156851
0.0965363       0.155225
0.0881142       0.168154
0.0886901       0.157478
0.0837642       0.197049
0.0891679       0.225393
0.0945116       0.201616
0.086433       0.234362
0.0800791       0.257123
0.0799223       0.273211
0.0804144       0.290397
0.0796038       0.259049
0.0805633       0.289688
0.0809019       0.26751
0.0796956       0.279626
0.0769867       0.369151
0.0784038       0.432472
0.0853265       0.335788
0.0744721       0.64484
0.0716218       0.845428
0.0682881       0.806077
0.0612701       0.92963
0.0414422       1.00459
0.0296365       1.09487
0.0132276       2.12103
0.000478756       2.48385
