0.707107       0.707107       2.58235e-013
1       0.00087912       2.36042e-013
1       0.000532254       2.36042e-013
1       7.48357e-018       4.33546e-013
1       0.000185389       4.01242e-013
1       7.48357e-018       2.00696e-012
1       3.88529e-018       5.91408e-013
0.736097       4.87437e-019       0.734334
0.00082279       1       9.50389e-014
0.895512       0.44345       0.0687989
0.950549       0.310631       2.8472e-014
0.972034       0.234096       0.0688353
0.978164       0.192654       0.100435
0.981153       0.151997       0.158637
0.982213       0.127344       0.169092
0.976416       0.100139       0.230751
0.954117       0.0123208       0.30932
0.907542       0.0348947       0.426364
0.717003       0.00724111       0.717039
5.02094e-012       3.86604e-012       1.02073
0.000345946       1       3.04301e-014
0.442785       0.896628       2.62901e-012
0.705008       0.705008       0.139648
0.832596       0.55392       6.17513e-015
0.928716       0.364695       0.115925
0.925192       0.25297       0.325016
0.843572       0.00425957       0.55734
0.702599       0.127504       0.714075
0.44197       0.0799966       0.901851
1.02363e-011       3.84177e-012       1.02058
0.305603       0.952159       1.48733e-012
0.543832       0.8224       0.193116
0.776808       0.547369       0.376688
0.832289       0.402045       0.499741
0.782598       0.307095       0.562811
0.704451       0.12784       0.715957
0.522224       0.209746       0.843862
0.318917       0.0581399       0.957999
9.72433e-012       3.99861e-013       1.01751
0.000259459       1       4.31372e-012
0.24129       0.970408       0.0241419
0.446978       0.887727       0.175491
0.574011       0.774751       0.347771
0.663636       0.663636       0.388749
0.649351       0.448348       0.649021
0.570493       0.37377       0.786869
0.447877       0.103368       0.900627
0.237533       0.0378073       0.97917
0.195485       0.981212       0.00728294
0.322992       0.921917       0.234297
0.461204       0.769781       0.471467
0.488017       0.625338       0.643338
0.430725       0.435778       0.830205
0.344712       0.286236       0.91152
0.143866       0.111785       0.991072
6.79169e-012       1.77e-013       1.02072
0.000166386       1       2.63755e-012
0.0723643       0.987565       0.160011
0.288515       0.912474       0.317581
0.33196       0.771341       0.564683
0.358717       0.592277       0.756822
0.258665       0.354723       0.91185
0.109381       0.1567       0.988994
3.86203e-013       1.3429e-013       1.01442
0.256993       0.892006       0.448372
0.223639       0.709673       0.708503
0.206498       0.453335       0.879459
0.0869097       0.182394       0.99698
1.00995e-013       1.07974e-013       1.01303
6.12323e-017       1       1.79099e-011
0.107082       0.972061       0.239641
0.172124       0.847673       0.522212
0.126777       0.563488       0.835446
0.0576781       0.958933       0.316414
0.0132676       0.715382       0.716348
0.106071       0.295618       0.978134
4.00483e-012       1.50304e-012       1.01258
0.082793       0.916272       0.424965
0.0895083       0.430408       0.913436
3.85719e-013       1.34122e-013       1.01315
4.59917e-017       0.751102       0.751102
