1       1.58899e-024
1       2.04888e-023
1       1.5241e-022
0.990311       0.0411377
0.98672       0.0491087
0.980627       0.0621715
0.974159       0.0732861
0.966896       0.0836163
0.959056       0.0936686
0.946061       0.105784
0.933439       0.115835
0.919138       0.125842
0.89848       0.135327
0.876721       0.143835
0.84862       0.150993
0.816609       0.156993
0.778035       0.162134
0.737618       0.164474
0.694074       0.165975
0.65502       0.167041
0.621743       0.167735
0.591783       0.169089
0.563428       0.170886
0.538196       0.173675
0.517468       0.1763
0.502683       0.179131
0.486565       0.182563
0.473263       0.186196
0.458898       0.190586
0.447647       0.19483
0.437812       0.199442
0.428161       0.204753
0.422507       0.207504
0.411626       0.215592
0.403702       0.221435
0.39868       0.227748
0.391729       0.233281
0.384862       0.240733
0.37999       0.247482
0.375649       0.254292
0.371222       0.2616
0.367027       0.269822
0.36301       0.278801
0.359974       0.286038
0.356237       0.296488
0.353173       0.306123
0.35028       0.316985
0.348149       0.326775
0.346133       0.33755
0.343521       0.350569
0.342107       0.362212
0.340302       0.376289
0.338982       0.388837
0.337758       0.404738
0.336873       0.419747
0.335972       0.434473
0.335164       0.454787
0.33454       0.47169
0.333997       0.492808
0.333516       0.512283
0.333011       0.530248
0.33256       0.549791
0.331796       0.576923
0.331035       0.599102
0.329531       0.629649
0.328018       0.653802
0.325923       0.680322
0.322891       0.708042
0.31945       0.73471
0.315217       0.758596
0.310168       0.784278
0.303583       0.809489
0.297074       0.830088
0.288364       0.852128
0.279039       0.872383
0.268489       0.890844
0.256667       0.908218
0.247602       0.9193
0.235054       0.932598
0.224025       0.942623
0.211384       0.951857
0.198644       0.960125
0.185086       0.967205
0.172675       0.972846
0.160659       0.977391
0.148305       0.981332
0.13427       0.985165
0.122441       0.987953
0.110588       0.990269
0.0988029       0.992239
0.0862649       0.993861
0.0748119       0.995022
0.0637914       0.996077
0.0514214       0.997113
0.0414885       0.99777
0.02991       0.998483
0.0202991       0.998999
0.00995779       0.999527
1.3364e-005       1
