1.02026       1.02064       0.034487
1.02401       0.97667       0.0771392
1.01601       0.94971       0.149024
0.985752       0.934064       0.260975
1.02189       0.735986       0.335766
1.01699       0.6916       0.420267
1.01706       0.674626       0.562661
1.05619       0.349242       0.738158
1.07418       0.331103       0.743253
1.09829       0.289997       0.956352
1.04452       0.0397791       1.00474
1.05826       0.0403021       1.01795
1.04265       0.000152477       2.07534
0.985429       0.990746       0.0738275
1.03772       0.732051       0.367394
1.00166       0.656642       0.600117
1.05891       0.334045       0.731954
1.10039       0.301723       0.912984
1.02691       0.0391659       1.05599
0.003593       4.60519e-007       3.98142
0.955276       0.98121       0.166116
0.95445       1.01199       0.185223
0.956472       0.956195       0.160849
1.0779       0.762541       0.332767
1.01645       0.70226       0.389315
1.07748       0.329196       0.749164
1.04341       0.340982       0.746873
1.08111       0.310503       0.803823
0.718936       0.055337       1.55533
0.00193623       4.84389e-006       4.05268
0.93764       0.989445       0.267471
0.935962       1.00331       0.271236
0.740356       1.06614       0.327756
1.0155       0.696077       0.402231
0.975119       0.305107       0.929475
0.756588       0.292404       1.14476
0.367874       0.0437254       1.83805
0.00161395       0.000344859       4.05705
0.71096       1.05264       0.356204
0.701934       1.05508       0.383537
0.68512       0.998193       0.455817
0.787734       0.76061       0.684771
0.727721       0.676637       0.845119
0.752234       0.317192       1.05329
0.658692       0.391352       1.4049
0.00112585       0.000462072       4.12226
0.689637       1.00938       0.405673
0.648396       1.00962       0.464886
0.636778       1.00987       0.529569
0.63374       1.0111       0.589119
0.687414       0.787606       0.846483
0.700172       0.673606       0.900718
0.333207       0.302124       1.49789
0.381071       0.0450146       1.90395
0.00031191       0.00021038       4.16348
0.323989       0.992648       0.740058
0.320862       0.922021       1.23028
0.047554       0.31265       1.86789
0.000510732       0.000758186       4.16185
0.335366       1.03858       0.717834
0.330415       1.03027       0.727908
0.345131       1.06024       0.73515
0.27631       0.96057       0.93418
0.0503044       0.722743       1.36463
0.0440273       0.316443       1.81181
0.000561189       0.000348496       4.16689
0.300254       1.00168       0.781931
0.308679       0.814       1.23624
0.0356142       0.343478       1.84331
1.44272e-005       0.000937982       4.12289
0.332197       1.0756       0.746274
0.28671       1.06343       0.880887
0.0420023       1.04634       1.01188
0.279488       1.05408       0.906059
0.038612       1.05534       1.02019
0.0502536       0.697917       1.41582
0.000187995       0.000941458       4.12685
0.0420661       1.04791       1.01483
0.000164302       0.00416451       3.9578
7.16711e-005       1.05532       2.10734
