1.51924               0.302307               0.1576               1               0.540713
1.35871               0.1154               0.295685               1               0.319972
0.104875               0.0825756               0.0195705               1               0.193835
0.0796928               0.0728279               0.0330627               1               0.156747
0.120329               0.0704745               0.0145235               1               0.154879
0.150517               0.0660175               0.0891567               1               0.150309
0.235724               0.0686926               0.291475               1               0.151732
1.23775               0.0716715               0.121099               1               0.170346
0.272025               0.0663359               0.0565128               1               0.151995
0.0451365               0.0678457               0.0157043               0.963437               0.0958067
0.0321026               0.0663387               0.0163053               0.964402               0.0962156
0.241833               0.0627136               0.22677               1               0.104702
0.0230792               0.0554315               0.0327569               0.983074               0.0730534
0.0281951               0.0648064               0.0127968               0.962228               0.0432537
0.169128               0.0658646               0.853156               1               0.0449768
0.593971               0.054204               0.739927               1               0.0475436
0.85639               0.0585937               0.115793               1               0.0504
0.310955               0.0505198               0.0380067               1               0.0516787
0.412799               0.0487107               0.0338547               1               0.0566385
0.31736               0.0988148               0.0441035               1               0.0620802
0.267132               0.209464               0.0284403               1               0.0641524
0.124664               0.0616969               0.0280828               1               0.08539
0.0500233               0.067284               0.019066               1               0.0747657
0.034792               0.0627344               0.018095               1               0.0671524
0.0232439               0.0710932               0.020729               1               0.0519302
0.0158126               0.0665354               0.0109344               0.952724               0.0460586
0.0251776               0.0675155               0.127516               0.956418               0.0354625
0.00665011               0.070041               0.00782067               0.922717               0.0250036
0.0144142               0.0674505               0.00806991               0.957059               0.0212253
0.0184036               0.0668959               0.0317916               0.957059               0.0204542
0.255551               0.0483535               0.767002               1               0.0217926
0.468461               0.0393621               0.184378               1               0.0238722
0.243595               0.0436464               0.0381641               1               0.0276934
0.290303               0.0484848               0.0390689               1               0.0313714
0.222852               0.0456226               0.0458553               1               0.0359505
0.196602               0.0508629               0.0379751               1               0.0496896
0.101761               0.0443807               0.0300185               1               0.0650155
0.089365               0.0588856               0.0278552               1               0.067691
0.0940747               0.0649503               0.0301405               1               0.0806503
0.0942174               0.116516               0.0313191               1               0.0855246
0.172927               0.220475               0.0512879               0.904078               0.0836379
0.0656822               0.112979               0.0328846               0.913738               0.0819848
0.0157661               0.0931527               0.0296474               0.933263               0.0626207
0.0103228               0.0906484               0.0147851               0.920747               0.0399486
0.0174582               0.0820549               0.0130636               0.980423               0.028737
0.016524               0.0737319               0.0386541               0.976164               0.0186163
0.168645               0.0592528               0.514536               1               0.0210504
0.72328               0.0609187               0.503288               1               0.0246651
0.61387               0.0586271               0.131702               1               0.0534074
0.568275               0.0599048               0.282769               1               0.055947
0.439058               0.0605324               0.303918               1               0.0870803
0.863393               0.0573943               0.155893               1               0.0701359
0.568473               0.060752               0.112632               1               0.0875114
0.496065               0.05229               0.0640057               1               0.0816815
0.326149               0.0548413               0.0265923               0.991245               0.0812559
0.0355208               0.0643307               0.0127291               0.992721               0.060357
0.0193827               0.0718815               0.0108831               0.952251               0.0519154
0.022763               0.0813027               0.0116446               0.951849               0.0437773
0.0141784               0.0971789               0.0101167               0.94516               0.0349361
0.0340147               0.149558               0.00925955               0.923339               0.0213589
0.104332               0.220294               0.150092               1               0.02129
0.171293               0.122617               0.375218               1               0.0258641
0.135455               0.0661145               0.127542               1               0.0287901
0.177544               0.0493266               0.0403724               1               0.0397252
0.146108               0.0399208               0.0512074               1               0.0435007
0.155386               0.0378968               0.060884               1               0.0450346
0.183028               0.0412552               0.199362               1               0.053662
0.128552               0.0447672               0.0282439               1               0.0538451
0.0885956               0.045565               0.0271384               1               0.0724512
0.0417905               0.0392682               0.0432621               1               0.0734086
0.0345512               0.0511111               0.0132375               1               0.0772321
0.0225108               0.0639               0.00895051               0.954836               0.0559443
0.0298994               0.0646219               0.121719               0.954836               0.050983
0.0316875               0.0679492               0.12355               1               0.04013
0.011581               0.0687056               0.0115751               0.953664               0.027722
0.0134844               0.0717934               0.0100183               0.95231               0.0223414
0.149449               0.0825906               0.069504               1               0.24554
0.713478               0.0738842               0.289662               1               0.0238841
0.321563               0.0580156               0.252838               1               0.0250966
0.765205               0.111312               1.38995               1               0.0287657
0.347276               0.221465               0.122109               1               0.0315759
1.21278               0.0824817               0.557002               1               0.0364035
0.555981               0.0536638               0.294009               1               0.0450853
0.637414               0.0463176               0.758999               1               0.051838
0.494645               0.0426548               0.135919               1               0.0776163
0.528103               0.0482625               0.203043               1               0.109542
0.313515               0.0534381               0.181229               1               0.106564
0.0571297               0.065343               0.0306636               1               0.0899136
0.0312895               0.0663065               0.0270315               0.987939               0.0776412
0.0618721               0.0678926               0.0272174               1               0.0349002
0.032304               0.0660208               0.021151               0.972058               0.0261354
0.0961516               0.0680738               0.0259163               0.972952               0.0205439
0.357369               0.0621876               0.158968               1               0.02128
0.120408               0.0459287               0.133768               1               0.0228832
0.226625               0.0456787               0.100473               1               0.0253736
0.40286               0.0506149               0.0782634               1               0.0303036
1.72347               0.0585448               0.525112               1               0.0367083
0.761027               0.0655554               0.236442               1               0.0448916
1.3266               0.081563               1.33026               1               0.0488665
1.69671               0.08168               0.141663               1               0.0528198
