0  1.01502  
1.00436  0  
0.382456  0.646181  
0.835189  0.166035  
0.89132  0.111586  
0.725426  0.277736  
0.778266  0.222669  
0.666594  0.335251  
0.946515  0.054695  
0.431941  0.593666  
0.000549201  1.00568  
0.0572989  0.963005  
0.261543  0.746727  
0.456251  0.551595  
0.49025  0.525883  
0.124842  0.888994  
0.15746  0.861537  
0.596566  0.418364  
0.550106  0.487495  
0.171194  0.847015  
0.560196  0.448903  
0.303588  0.731596  
0.523825  0.502057  
0.237719  0.767542  
0.521657  0.523666  
0.442404  0.577919  
0.353959  0.667449  
0.605243  0.408441  
0.189066  0.818848  
0.366736  0.659804  
0.317771  0.694181  
0.333677  0.682484  
0.551643  0.455248  
0.205569  0.79586  
0.616383  0.385015  
0.194107  0.817198  
0.0759561  0.930992  
0.0890347  0.920315  
0.315003  0.715558  
0.107552  0.900043  
0.862105  0.138049  
0.659854  0.341158  
0.227848  0.775609  
0.327269  0.683676  
0.631489  0.375639  
0.437611  0.589357  
0.873888  0.128134  
0.635072  0.369697  
0.213161  0.793853  
0.642118  0.362537  
0.655457  0.355136  
0.22088  0.787712  
0.743531  0.258453  
0.754559  0.250426  
0.0675135  0.942564  
0.0680276  0.938242  
0.739882  0.266201  
0.758277  0.243561  
0.106521  0.907919  
0.308472  0.722304  
0.0980452  0.91482  
0.221317  0.780622  
0.747494  0.253126  
0.620457  0.381378  
0.0628026  0.95331  
0.857953  0.142161  
0.853106  0.147017  
0.955377  0.0467651  
0.774501  0.229978  
0.958692  0.0426887  
0.645884  0.357244  
0.999956  0.00339104  
0.849434  0.151521  
0.102667  0.914803  
0.768382  0.234575  
0.559516  0.454235  
0.764302  0.240394  
0.886373  0.11476  
0.846312  0.155687  
0.977738  0.0243168  
0.982987  0.0181795  
0.306777  0.726653  
0.838529  0.162014  
0.841681  0.15837  
0.732224  0.271448  
0.969452  0.032184  
0.726404  0.275299  
0.94976  0.0514365  
0.73372  0.26857  
0.973765  0.0282711  
0.666436  0.336386  
0.058348  0.959337  
0.964457  0.0371717  
0.882664  0.11759  
0.652916  0.356749  
0.879468  0.122336  
0.989835  0.0134239  
0.988213  0.0139205  
0.99434  0.00840723  
0.981182  0.0211615  
