1.0094e-017  1.00004  
0.769174  0.124877  
0.688082  0.192437  
0.532114  0.282646  
0.74183  0.144033  
0.541682  0.27009  
0.351376  0.40901  
0.317298  0.439304  
0.935709  0.0396225  
0.420408  0.352029  
0.211614  0.544203  
0.297796  0.459048  
0.413235  0.357418  
0.248698  0.505141  
0.235451  0.519071  
0.198629  0.554408  
0.756559  0.132654  
0.294471  0.460554  
0.23856  0.514902  
0.00149119  0.961885  
0.152608  0.609482  
0.752594  0.137553  
0.000294724  0.984245  
0.479072  0.321649  
0.156394  0.604971  
0.0114974  0.895078  
0.0475948  0.781924  
0.462223  0.34137  
0.208329  0.553718  
0.0140645  0.882806  
0.144726  0.619675  
0.130977  0.641219  
0.16465  0.597011  
0.0808539  0.717386  
0.00956694  0.902349  
0.13472  0.633907  
0.107501  0.672158  
0.0176567  0.867166  
0.168838  0.591352  
0.00442988  0.936332  
0.183737  0.571666  
0.0231077  0.849589  
0.0447838  0.788755  
0.0853508  0.708191  
0.0674077  0.74189  
0.00832927  0.908794  
0.0195352  0.860427  
0.398588  0.383862  
0.0209632  0.855791  
0.0974865  0.688684  
0.00105579  0.968906  
0.126806  0.647229  
0.19477  0.560932  
0.0319367  0.827869  
0.0344769  0.814527  
0.189331  0.565142  
0.0287059  0.830659  
0.137206  0.630571  
0.104469  0.679144  
0.017205  0.874779  
0.0794834  0.721228  
0.277667  0.477091  
0.197808  0.560073  
0.0564133  0.765157  
0.12437  0.648401  
0.0746586  0.728408  
0.00642849  0.921376  
0.165693  0.593766  
0.482417  0.321353  
0.388376  0.408185  
0.468216  0.337987  
0.859468  0.166038  
5.0644e-013  1.16671  
0.806272  0.31366  
0.482417  0.325457  
0.00405854  1.01025  
3.41331e-005  1.10547  
0.0532331  0.820334  
0.152584  0.681023  
0.197442  0.625043  
0.286848  0.483469  
0.0195919  0.941306  
0.0840016  0.753249  
0.329837  0.456436  
0.218426  0.563608  
0.385781  0.418171  
0.118887  0.71503  
0.353751  0.441338  
0.0408544  0.853764  
0.0342042  0.892293  
0.265527  0.505908  
0.429774  0.36745  
0.0858101  0.743714  
0.203257  0.604293  
0.242052  0.54007  
0.13543  0.693796  
0.0277094  0.924603  
0.249081  0.52584  
0.446195  0.352107  
0.402249  0.388409  
