0.0761651  -3.07486e-015  29.7511  
0.00223541  0.96024  0  
0.503344  0.507718  0  
31.2714  -1.52246e-016  1.47307  
18.6271  -7.43526e-016  7.19406  
30.0055  -4.2636e-016  4.12529  
12.7256  -1.18108e-015  11.4277  
6.50556  -8.60923e-016  8.32995  
5.03538  -2.68899e-015  26.0176  
15.8289  -8.74267e-016  8.45905  
20.8423  -6.42803e-016  6.2195  
29.411  -1.78736e-016  1.72937  
22.9234  -4.93093e-016  4.77097  
25.1963  -2.98386e-016  2.88706  
22.3961  -1.47063e-016  1.42292  
18.0478  -4.29087e-016  4.15168  
9.57951  -1.32397e-015  12.8102  
25.8036  -4.17341e-016  4.03802  
10.4916  -1.40628e-015  13.6066  
7.25507  -2.14485e-015  20.7527  
1.62429  -2.56222e-015  24.791  
15.2297  -5.1592e-016  4.99184  
11.2436  -1.68355e-015  16.2893  
20.2969  -7.15434e-016  6.92225  
3.44472  -2.49596e-015  24.1499  
20.5286  -1.11733e-015  10.8108  
3.12011  -1.51025e-017  0.146125  
16.7288  -1.43343e-015  13.8693  
6.09785  -1.92616e-015  18.6368  
16.2352  -5.49337e-016  5.31517  
17.6697  -5.61508e-016  5.43293  
5.90577  -1.22096e-015  11.8135  
10.9159  -1.54898e-015  14.9873  
3.95013  -1.85046e-015  17.9043  
26.2312  -2.53595e-016  2.45368  
19.9129  -9.89926e-016  9.57812  
0.73645  -2.82542e-015  27.3376  
4.51187  -2.22872e-015  21.5642  
5.41697  -1.03371e-015  10.0018  
13.1284  -1.50257e-015  14.5383  
0.968621  -2.08703e-015  20.1933  
21.7032  -5.87086e-016  5.68041  
3.67713  -5.3377e-017  0.516455  
19.4041  -5.25084e-016  5.0805  
16.4222  -1.1266e-015  10.9005  
21.5736  -2.2383e-016  2.16569  
1.76268  -2.52267e-015  24.4083  
12.3364  -6.17942e-016  5.97896  
10.1361  -1.97711e-015  19.1298  
2.6111  -2.61177e-015  25.2704  
23.3376  -4.08695e-016  3.95437  
17.1812  -6.25548e-016  6.05255  
0.223942  -1.64299e-015  15.8969  
23.6603  -4.46905e-016  4.32407  
0.137836  -2.99409e-015  28.9696  
28.0205  -2.81473e-016  2.72342  
8.18564  -1.35085e-015  13.0702  
17.4691  -7.23358e-016  6.99892  
0.0993248  -3.02962e-015  29.3133  
20.265  -9.07572e-016  8.78131  
21.4387  -1.07093e-016  1.03619  
8.8218  -1.70029e-015  16.4513  
13.1568  -1.25293e-015  12.1228  
8.45884  -2.30012e-015  22.2551  
2.90845  -1.80691e-015  17.4829  
21.8837  -3.76262e-016  3.64056  
14.3914  -9.6517e-016  9.3386  
6.06254  -2.63708e-015  25.5153  
6.86709  -1.38556e-015  13.4061  
1.49004  0.140146  0.140146  
19.1011  -1.27869e-015  12.3721  
11.8683  -1.00412e-015  9.7155  
8.58092  -1.73022e-015  16.741  
0.982568  -2.77618e-015  26.8612  
27.3674  -2.4196e-016  2.34111  
19.1971  -1.21195e-015  11.7263  
7.23034  -1.59354e-015  15.4185  
24.2337  -3.70256e-016  3.58245  
7.40438  -1.58119e-015  15.2989  
0.58154  -2.27024e-015  21.9659  
0.00224485  0.93984  0.119001  
24.7625  -3.08685e-016  2.98671  
26.7376  -4.61339e-016  4.46373  
4.45652  -2.39062e-015  23.1306  
27.4975  -3.40514e-016  3.29468  
0.588173  -2.60444e-015  25.1995  
29.0046  -2.9102e-016  2.8158  
13.5188  -9.27421e-016  8.97336  
2.21986  -2.45506e-015  23.7542  
21.02  -4.26653e-016  4.12812  
24.6968  -2.88626e-016  2.79262  
23.9755  -1.17089e-016  1.1329  
7.18868  -2.40581e-015  23.2776  
9.88981  -2.44542e-015  23.6609  
0.55215  -2.17947e-015  21.0877  
4.25894  -1.53498e-015  14.8518  
27.1189  -3.67242e-016  3.55328  
9.38737  -1.93769e-015  18.7483  
2.24022  -1.76319e-015  17.0599  
7.67464  -1.08285e-015  10.4772  
