0.989561  0.455719  
0.464438  0.464428  
27.152  4.96309e-048  
0.378655  0.672767  
1.00767  0.000520407  
0  1.01159  
7.3781  6.5404e-047  
6.69401  3.05756e-044  
0.763625  0.48755  
7.33189  1.37829e-039  
7.41646  6.5744e-047  
1.02642  0.000530094  
0  1.06526  
0.645979  0.645979  
0.44345  0.989865  
0.496081  0.953945  
0.6407  0.751565  
0.583507  0.812815  
0.956191  0.57953  
0.644995  0.756602  
1.55669e-040  11.2927  
0.531024  1.00352  
1.0396  0.000536898  
1.29114e-041  14.9468  
0.0355007  11.1988  
0  26.0324  
1.06443e-044  17.7531  
0.682032  0.682032  
9.71439e-041  11.317  
0.34631  1.36101  
1.31131e-041  12.7796  
0.0904112  10.1384  
7.44671  3.40136e-044  
7.56628  6.70721e-047  
7.85796  6.96577e-047  
1.38502e-041  14.8024  
7.49784  3.42471e-044  
0.420002  1.65062  
5.96039e-044  19.4926  
0.42263  1.39522  
0.415463  2.35601  
2.23527e-042  19.2153  
0.665732  0.780928  
0.701104  0.701104  
0  26.1225  
1.04077  0.000537502  
0.586549  1.02116  
0.413293  3.38114  
1.25303  0.410877  
6.74883  0.0092045  
0.623137  1.58175  
7.53889  3.44346e-044  
0.416793  9.98903  
8.1783  7.24974e-047  
7.49814  7.93672e-044  
0.653607  1.1379  
0.440472  1.73108  
1.48651e-041  20.1749  
0.686161  0.804891  
7.43964  0.000642755  
1.05164  0.637381  
6.36461  0.11619  
3.90638e-041  15.6226  
0  26.1248  
1.05633  0.535419  
1.45217  0.345648  
0.747744  0.747744  
2.27396  0.257081  
0.46443  1.69547  
7.59133  0.00065586  
0.0508487  16.0403  
6.36974e-041  16.164  
7.77703  3.55224e-044  
0.64155  1.69309  
7.63117  5.19572e-043  
7.76566  8.21989e-044  
8.27931  7.33929e-047  
3.32952  0.329111  
0.668272  1.16344  
3.62549e-041  23.4652  
2.28549e-041  24.4261  
4.00089e-041  21.9036  
0.440885  1.7327  
0.752423  0.752423  
0.709957  0.939423  
5.38506  0.257488  
1.10474  0.559957  
2.31855  0.518703  
2.41216  0.356644  
0  26.2019  
6.84296  0.124922  
6.43658  0.229242  
8.40836  7.45368e-047  
0  26.266  
0.443255  1.74201  
0.441159  18.8889  
4.25803e-041  23.3113  
1.38434e-037  20.3713  
1.13019  0.591602  
2.41308  0.35678  
