3.24948e-006  -3.36011e-015  32.5111  
3.41407e-010  1.56433  0  
32.8447  -2.79016e-021  2.69965e-005  
1.36094e-014  -2.83487e-015  27.4291  
2.86142e-010  1.6054  0  
0.173895  -3.14165e-015  30.3974  
0.0159981  -2.97873e-015  28.821  
0.00349229  0.558454  17.2335  
0.0938039  0.145259  24.639  
5.81812  -2.13815e-015  20.6879  
9.25437  -1.8198e-015  17.6077  
10.0936  -1.53376e-015  14.8401  
21.8391  -7.48781e-016  7.24491  
8.05204  -2.43349e-015  23.5454  
27.875  -2.07924e-017  0.201179  
6.6135  -2.25907e-015  21.8579  
14.7005  -1.66037e-015  16.0651  
23.7753  -5.69184e-016  5.50719  
1.05816  -2.6947e-015  26.0728  
21.4301  -9.4198e-016  9.11422  
1.87837  -2.84998e-015  27.5752  
19.5069  -8.69361e-016  8.41159  
1.50527  -2.48352e-015  24.0295  
31.6038  -2.51555e-016  2.43394  
24.679  -8.43849e-017  0.816474  
19.721  -1.08809e-015  10.5279  
7.74427  -1.62489e-015  15.7218  
3.44079  -2.57238e-015  24.8893  
0.609341  -2.75609e-015  26.6668  
3.05014  -2.3998e-015  23.2195  
30.395  -1.4918e-016  1.44341  
2.10803  -1.75002e-015  16.9325  
5.56166  -2.34523e-015  22.6915  
31.8417  -2.82369e-016  2.73209  
7.92524  -2.19336e-015  21.2221  
17.9241  -9.69822e-016  9.38361  
5.88998e-009  1.24519  0  
13.6198  -1.46237e-015  14.1493  
32.3527  -1.11235e-021  1.07627e-005  
17.4838  -1.15284e-015  11.1545  
20.3049  -7.95014e-016  7.69224  
0.044776  -3.28225e-015  31.7577  
23.4948  -3.11164e-016  3.0107  
28.3309  -1.3141e-016  1.27147  
12.3946  -9.0058e-016  8.71365  
14.2351  -1.1979e-015  11.5904  
29.4287  -4.7426e-016  4.58875  
24.1655  -6.3973e-017  0.618977  
16.4074  -8.89842e-016  8.60976  
4.74925  -2.32451e-015  22.491  
2.76606  -2.09473e-015  20.2678  
8.62407  -1.94973e-015  18.8648  
1.61052  -2.61527e-015  25.3043  
30.9424  -3.26131e-016  3.15551  
4.11407  -1.98479e-015  19.204  
7.14151  -1.8961e-015  18.3459  
12.7354  -1.49964e-015  14.5099  
0.0677362  -2.91288e-015  28.1838  
3.13477  -2.02564e-015  19.5993  
22.5765  -5.02904e-016  4.86589  
0.807503  -2.48242e-015  24.0189  
30.1007  -1.16806e-016  1.13017  
7.4834  -1.57016e-015  15.1922  
29.7644  -6.38319e-017  0.617612  
27.5647  -3.62614e-016  3.5085  
0.444854  -2.05587e-015  19.8918  
21.1236  -4.4029e-016  4.26006  
4.60583  -1.92243e-015  18.6007  
15.5308  -1.06921e-015  10.3452  
22.192  -6.03191e-016  5.83624  
10.4154  -1.87339e-015  18.1261  
16.8024  -6.73755e-016  6.51898  
14.0025  -1.41453e-015  13.6864  
15.8817  -6.36184e-016  6.15546  
18.8478  -4.6692e-016  4.51773  
12.2628  -1.21774e-015  11.7824  
28.9942  -6.82674e-017  0.660528  
6.42345  -1.32139e-015  12.7852  
8.99331  -1.58991e-015  15.3833  
5.34358  -2.4191e-015  23.4063  
20.5235  -6.93717e-016  6.71212  
31.1414  -1.75481e-016  1.69788  
27.3221  -2.10672e-016  2.03838  
2.27318  -2.17984e-015  21.0912  
0.0868794  -3.19147e-015  30.8794  
18.5875  -6.00861e-016  5.81369  
0.688885  0.00114836  14.418  
7.3104  -1.06183e-015  10.2739  
19.8435  -8.27193e-016  8.00358  
5.15129  -8.58488e-016  8.30638  
20.0008  -7.28932e-016  7.05285  
3.8474  -2.33504e-015  22.5929  
2.40637  -2.73511e-015  26.4638  
10.2341  -1.70232e-015  16.471  
11.6393  -2.20201e-016  2.13058  
4.36885  -2.29022e-015  22.1593  
26.8282  -4.59675e-016  4.44764  
16.8242  -1.01779e-015  9.84774  
2.45155  -2.0078e-015  19.4267  
13.8481  -1.2371e-015  11.9697  
