0.314552  0.789648  
0.556325  0.0195796  
0.3215  0.676165  
0.318052  0.764627  
0.59765  0.0181027  
0.39539  0.0638729  
0.323338  0.66685  
0.821836  0.0132351  
0.977592  0.0112212  
0.394317  0.0899953  
0.364767  0.152871  
0.305203  0.868328  
0.485961  0.0232735  
0.460726  0.0287783  
0.328494  0.642339  
0.500972  0.0205525  
0.37002  0.128452  
0.240444  0.963914  
0.340458  0.461742  
0.0106717  1.02016  
0.385588  0.11633  
0.479865  0.0249729  
5.98514e-005  1.04892  
1.07489  5.20106e-009  
0.408047  0.0419584  
0.402841  0.0560323  
1.39151  3.73989e-064  
0.765547  0.0168852  
0.221884  0.985528  
1.10335  5.22388e-037  
4.64861e-005  1.05883  
0.360131  0.214316  
0.349856  0.234784  
0.252023  0.925592  
0.333392  0.52738  
1.16614  1.21309e-051  
0.305307  0.804533  
0.174107  0.999158  
0.345908  0.457931  
0.175471  0.995802  
0.0903256  1.01358  
0.0111486  1.01754  
1.0907  4.29762e-009  
0  1.06673  
0.115333  1.00746  
8.06697e-005  1.02053  
8.24666e-005  1.04326  
0.00383816  1.0245  
1.12546  2.63296e-009  
0.000230191  1.02903  
5.57986e-005  1.07939  
1.1348  2.50864e-009  
1.14989  5.76488e-010  
1.09043  0.000413812  
1.86856e-016  1.0794  
0.144674  1.0078  
0  1.09987  
3.24047e-017  1.09935  
0.268887  0.97916  
1.21303  4.9842e-011  
0.132695  1.01786  
0.453258  0.0431641  
0.408907  0.128732  
0.344246  0.468048  
1.14438  2.41e-009  
0.333706  0.649778  
0.357001  0.26392  
0.352573  0.429929  
0.369931  0.220148  
0.332481  0.793054  
0.237228  0.990944  
0.263892  0.987483  
0.270209  0.932816  
0.333425  0.688318  
0.316824  0.855193  
1.09944  6.84874e-009  
0.206872  1.00141  
1.26355  5.19176e-011  
0  1.13594  
1.09898  0.000417058  
1.00461  0.49208  
1.09036  0.421069  
0.621592  0.519631  
0.503155  0.544098  
0.427483  0.553182  
0.319871  0.907441  
0.2443  0.993397  
0.348252  0.75812  
1.04927  0.425379  
0.361212  0.667633  
0.606436  0.52949  
0.385565  0.620318  
0.336631  0.801029  
0.128517  1.025  
0.166195  1.02469  
0.335449  0.876977  
0.212683  1.00696  
8.45738e-005  1.06992  
0.0610397  1.02508  
0.380749  0.642104  
