9.43019  -9.23892e-017  
1.3922e-028  1.6869  
5.16991e-026  1.20285  
2.69049e-026  1.68452  
9.23015  -9.04293e-017  
6.75095  -6.61402e-017  
9.03184  -8.84865e-017  
4.77372  -4.67689e-017  
6.94393  -6.80308e-017  
4.49795  -4.40672e-017  
7.26  -7.11275e-017  
8.69103  -8.51476e-017  
7.54314  -7.39014e-017  
0.576351  0.457996  
1.18889  -1.16477e-017  
7.62632  -7.47164e-017  
0.694223  0.395416  
2.67605  -2.62177e-017  
0.817236  0.249894  
8.08779  -7.92374e-017  
3.72738  -3.65177e-017  
6.56212  -6.42903e-017  
0.780381  0.331046  
6.12693  -6.00266e-017  
0.983874  0.0622311  
3.56951  -3.49711e-017  
3.14499e-007  1.10653  
4.39543  -4.30628e-017  
0.342379  0.70467  
8.24156  -8.0744e-017  
8.889  -8.70871e-017  
1.59671  -1.56432e-017  
7.0922  -6.94835e-017  
1.49434  -1.46403e-017  
5.78688  -5.66951e-017  
0.0191786  1.01567  
0.199496  0.950596  
3.17416  -3.10978e-017  
5.0618  -4.95913e-017  
2.54729  -2.49562e-017  
8.57666  -8.40271e-017  
1.32227  -1.29545e-017  
8.51118  -8.33855e-017  
0.307647  0.781032  
5.94057  -5.82008e-017  
5.75043  -5.63379e-017  
5.61616  -5.50225e-017  
3.10397  -3.04102e-017  
7.38317  -7.23342e-017  
6.01669  -5.89466e-017  
5.35162  -5.24308e-017  
0.140032  0.979047  
7.78233  -7.62448e-017  
0.388504  0.656742  
4.14254  -4.05852e-017  
0.0930035  1.00957  
3.31439  -3.24716e-017  
6.22898  -6.10264e-017  
5.20481  -5.09925e-017  
3.00449  -2.94355e-017  
1.06088  0.0118476  
2.40616  -2.35735e-017  
3.92675  -3.8471e-017  
0.397265  0.599515  
0.718143  0.363975  
3.79764  -3.72061e-017  
0.281931  0.816008  
5.299  -5.19153e-017  
1.79667  -1.76022e-017  
2.23388  -2.18857e-017  
3.44288  -3.37305e-017  
4.27874  -4.19196e-017  
5.14461  -5.04026e-017  
8.8231  -8.64414e-017  
2.49389  -2.4433e-017  
3.28813  -3.22144e-017  
1.07504  -1.05323e-017  
8.28948  -8.12135e-017  
0.957223  0.146723  
0.456763  0.574444  
0.88012  0.197238  
1.31476  -1.28809e-017  
8.40476  -8.23429e-017  
1.91853  -1.87962e-017  
0.256993  0.907502  
0.885755  0.184487  
0.538088  0.482249  
0.51456  0.521553  
1.713  -1.67826e-017  
7.04136  -6.89855e-017  
4.03405  -3.95223e-017  
5.46468  -5.35385e-017  
2.78201  -2.72558e-017  
0.258896  0.879347  
4.86228  -4.76366e-017  
8.37997  -8.21e-017  
2.10303  -2.06038e-017  
7.36724  -7.21781e-017  
0.980942  0.14182  
0.488953  0.556526  
