5.5898e-117  1.5754  
0.252867  0.749824  
0.198396  0.805139  
0.323781  0.681646  
8.72643e-109  1.55074  
9.83189e-109  1.50485  
0.467588  0.534422  
0.579825  0.423606  
0.428903  0.595402  
0.399596  0.605372  
0.621894  0.383779  
1.58506e-106  1.15391  
5.02908e-108  1.33499  
0.594628  0.407996  
0.541261  0.466377  
7.12466e-106  1.12467  
0.0540266  0.966432  
8.65435e-107  1.19917  
1.49876  2.41282e-007  
0.750788  0.249774  
0.807411  0.216076  
2.74421e-006  1.04815  
0.677126  0.330848  
0.779366  0.222799  
4.03558e-006  1.04082  
0.972471  0.030063  
0.661523  0.341152  
5.13039e-127  2.04858  
0.0639481  0.949437  
0.656939  0.348168  
0.52041  0.501336  
0.866523  0.134069  
3.34767e-108  1.36847  
0.500753  0.503045  
0.767315  0.233438  
0.586266  0.416421  
0.184395  0.817718  
0.814173  0.209826  
0.857217  0.146148  
0.686709  0.320807  
0.693265  0.312802  
0.854203  0.146636  
0.295402  0.712367  
0.874402  0.126109  
0.000847644  1.02232  
0.372814  0.637153  
1.6541  2.88627e-008  
0.480904  0.521706  
0.17551  0.831998  
0.00129268  1.01853  
0.36816  0.642833  
0.286076  0.721561  
0.591852  0.409295  
0.268108  0.735239  
0.87277  0.131146  
1.73252e-116  1.57453  
0.165355  0.841545  
1.53229  6.29782e-008  
2.09076e-107  1.23837  
1.1377e-107  1.2913  
0.113911  0.945107  
1.54149e-107  1.26262  
3.70913e-106  1.14547  
7.9217e-126  1.68446  
1.39076e-123  1.59469  
5.37687e-124  1.63921  
1.80518  0  
1.08454e-107  1.302  
0.210551  0.866217  
9.2324e-108  1.34749  
5.74995e-127  2.39543  
3.72873e-106  1.15152  
3.29356e-124  1.69592  
1.8104  0  
9.05596e-108  1.40689  
4.84339e-108  1.47649  
3.44158e-122  1.66863  
0.197975  0.915859  
1.03267e-125  2.19584  
0.116089  0.964132  
1.23672  0.235837  
9.09382e-122  1.66384  
1.56319e-107  1.30767  
3.21971e-107  1.29578  
0.0791739  0.988204  
7.16406e-106  1.14505  
1.19464e-105  1.12821  
1.30548  0.145416  
1.30763e-106  1.20842  
1.16951e-107  1.3274  
0.820173  0.255912  
0.077549  1.06927  
0.480779  0.544998  
0.666969  0.362493  
0.33524  0.743523  
0.474919  0.682668  
0.723021  0.314129  
0.382894  0.710394  
1.49969  5.84509e-007  
5.12742e-126  4.7631  
