1.00713  2.7068e-064  
1.87173e-273  1.08921  
0.868121  0.00705647  
0.721862  0.00925364  
0.9341  0.00679814  
0.325417  0.430341  
0.45951  0.0197669  
0.32578  0.375712  
0.331845  0.304665  
0.406883  0.0199488  
1.52491e-270  1.01999  
0.272908  0.756783  
0.687111  0.00937322  
0.317774  0.501543  
0.211792  0.891402  
0.279888  0.730484  
0.204146  0.908106  
0.335843  0.167588  
0.0861256  0.987476  
0.262281  0.766965  
0.333662  0.262371  
0.176871  0.93674  
0.260896  0.789636  
0.236448  0.851197  
0.617642  0.0146287  
0.334014  0.222933  
3.17441e-273  1.06129  
0.0323661  0.999188  
0.304967  0.608956  
0.382729  0.02848  
0.256714  0.804159  
0.296032  0.655984  
0.111616  0.981812  
0.0186618  0.999719  
0.33369  0.262044  
0.31896  0.479571  
0.322471  0.452146  
0.000645123  1.00743  
0.967775  0.00371044  
0.329826  0.344871  
0.338287  0.125731  
0.950714  0.00515716  
0.300275  0.639919  
0.498158  0.0172484  
0.516826  0.0164741  
0.644707  0.0144986  
0.30183  0.625211  
0.329664  0.367302  
0.317086  0.529853  
0.33491  0.193547  
0.250153  0.819279  
0.159059  0.950074  
0.245298  0.829208  
0.339948  0.10718  
0.0560282  0.995376  
0.405967  0.0283214  
0.285017  0.704442  
0.602427  0.0147603  
0.366076  0.0517866  
0.281535  0.718396  
0.322144  0.466205  
0.149918  0.962701  
0.294746  0.674716  
0.533014  0.0160139  
0.356927  0.0564555  
0.546593  0.0157849  
0.585912  0.0149248  
0.22209  0.874974  
0.286429  0.690794  
0.310462  0.568979  
1.88912e-273  1.0621  
0.334451  0.200526  
0.562734  0.0155179  
0.30753  0.589715  
0.336594  0.149053  
0.331308  0.32295  
0.131526  0.96761  
0.234276  0.860882  
0.194755  0.920724  
0.985316  0.00137587  
0.337475  0.142415  
0.653417  0.0144175  
0.34287  0.0972729  
0.183047  0.930116  
0.47661  0.0186457  
0.290545  0.681134  
0.573225  0.0151187  
0.226645  0.867017  
0.330761  0.330352  
0.140473  0.964933  
0.989935  0.000852857  
0.373239  0.0410762  
0.482477  0.0182633  
0.334382  0.220424  
0.343886  0.086235  
0.376845  0.0396011  
0.1582  0.951903  
0.122837  0.97316  
0.312165  0.553266  
0.0597214  0.993795  
