0.016515  -3.33682e-015  32.2857  
1.38213e-010  1.19679  6.85987e-028  
27.5677  -3.97118e-016  3.84235  
0.55924  0.782418  0  
0.0727095  -3.14037e-015  30.3849  
0.465236  -2.7211e-015  26.3283  
0.334958  -2.58543e-015  25.0156  
18.5727  -3.73879e-016  3.6175  
24.7037  -3.86596e-016  3.74054  
13.1867  -6.81203e-016  6.59105  
3.01871  -2.27436e-015  22.0057  
21.0964  -4.12673e-016  3.99286  
11.2251  -7.65387e-016  7.40558  
4.44286  -1.58309e-015  15.3173  
3.94199  -1.98933e-015  19.248  
2.14395  -2.18057e-015  21.0983  
14.4439  -4.31894e-016  4.17883  
9.57222  -5.99514e-016  5.80065  
17.0429  -4.29214e-016  4.1529  
5.60863  -1.7586e-015  17.0155  
3.01466  -1.92268e-015  18.6031  
10.6917  -3.69027e-016  3.57056  
22.5832  -3.96523e-016  3.8366  
5.73744  -1.36545e-015  13.2116  
21.7442  -4.64259e-016  4.49199  
5.14647  -1.07966e-015  10.4463  
15.4363  -3.61646e-016  3.49914  
5.0798  -1.8108e-015  17.5206  
6.37399  -1.48667e-015  14.3844  
23.8338  -4.38554e-016  4.24327  
23.3911  -4.42238e-016  4.27892  
8.49925  -5.28269e-016  5.11132  
5.8578  -1.26297e-015  12.2199  
4.70755  -1.16973e-015  11.3179  
3.92627  -9.84025e-016  9.52103  
4.56018  -9.02684e-016  8.73401  
5.50417  -1.24596e-015  12.0554  
16.5525  -3.23755e-016  3.13252  
4.5181  -1.13275e-015  10.9601  
4.82218  -8.32415e-016  8.05411  
5.87659  -2.22147e-015  21.494  
15.8504  -3.76962e-016  3.64733  
6.15838  -1.45262e-015  14.055  
0.976622  0.0536364  0.456613  
2.67107  -2.08865e-016  2.02089  
16.2397  -5.73049e-016  5.54459  
7.78403  -5.8305e-016  5.64135  
3.59998  -7.1221e-016  6.89106  
0.6756  0.182443  0.3822  
5.21915  -1.78284e-015  17.2501  
8.01616  -4.96807e-016  4.80691  
7.3222  -5.68255e-016  5.49821  
4.20054  -8.11438e-016  7.85115  
1.92351  -2.82001e-016  2.72853  
2.25117  -3.02884e-016  2.93058  
2.87431  -2.94484e-016  2.84931  
1.61985  -1.71783e-016  1.66211  
2.24878  -2.18781e-016  2.11684  
8.33717  -4.61785e-016  4.46804  
5.66309  -1.41251e-015  13.6669  
5.65449  -1.411e-015  13.6522  
3.267  -2.58317e-016  2.49937  
4.02632  -7.79662e-016  7.5437  
6.45506  -6.54812e-016  6.3357  
4.85869  -9.64981e-016  9.33677  
2.04777  -1.62656e-016  1.57379  
4.83034  -9.36514e-016  9.06133  
0.471307  0.653814  0.0193508  
1.50794  -1.17026e-016  1.1323  
0.489187  0.289917  0.289917  
4.60542  -7.02875e-016  6.80073  
6.92916  -6.58794e-016  6.37423  
4.8614  -9.42522e-016  9.11946  
0.441457  0.488005  0.151508  
0.517351  0.0004483  0.65741  
1.03424  -1.47937e-016  1.43138  
1.09856  -1.36827e-016  1.32388  
1.13305  -8.95091e-017  0.866055  
3.44706  -3.17213e-016  3.06923  
5.89249  -4.59516e-016  4.44609  
1.41799  -2.05118e-016  1.98464  
1.29922  -1.00828e-016  0.975575  
7.21199  -5.59702e-016  5.41545  
0.464615  0.329265  0.329265  
1.36027  -1.79869e-016  1.74034  
3.57324  -2.82576e-016  2.7341  
1.29348  -1.67043e-016  1.61624  
0.999249  -1.18794e-016  1.14941  
4.31337  -6.33096e-016  6.12558  
0.656294  0.442501  0.135684  
5.37739  -5.80574e-016  5.6174  
5.327  -4.84998e-016  4.69265  
1.41537  -1.87799e-016  1.81707  
6.8746  -5.33518e-016  5.1621  
0.579701  0.450391  0.102864  
4.35905  -6.24825e-016  6.04556  
3.41576  -2.69644e-016  2.60897  
0.57657  0.520682  0.118918  
5.10753  -4.0468e-016  3.91552  
3.11321  -2.63729e-016  2.55173  
