2.10255e-090  1.44506  
0.99979  0.0165132  
3.5929e-087  1.11228  
1.58037e-088  1.39057  
0.491541  0.407357  
0.528839  0.396817  
0.568807  0.345758  
0.646422  0.277664  
0.67495  0.258285  
0.548554  0.362117  
0.588132  0.331806  
2.63155e-078  1.05679  
0.607525  0.320582  
0.187808  0.705795  
0.853622  0.117803  
0.531746  0.373889  
0.75741  0.193477  
0.103575  0.815673  
0.11384  0.805346  
0.0367724  0.945421  
0.901531  0.0795236  
0.440488  0.454943  
0.046413  0.921052  
0.325215  0.558274  
0.388061  0.511226  
0.346829  0.547281  
0.475179  0.427308  
0.25231  0.634509  
0.916208  0.0750209  
0.934003  0.0663772  
0.269235  0.61989  
0.0935141  0.837924  
0.406945  0.49595  
0.886248  0.0960784  
0.0679905  0.872973  
0.364758  0.524506  
0.871453  0.109016  
0.740244  0.200774  
0.79701  0.167106  
0.180565  0.734632  
0.42742  0.47328  
0.0745484  0.857447  
0.642397  0.294087  
0.942358  0.0559896  
0.819206  0.164467  
0.451393  0.446634  
0.226408  0.670183  
0.986954  0.0184461  
0.125849  0.785074  
0.779976  0.187479  
0.0164497  0.962889  
0.732759  0.211055  
0.0223921  0.948317  
0.217592  0.687307  
0.842755  0.135891  
0.0633108  0.889429  
0.0115943  0.975936  
0.62535  0.310481  
0.731899  0.230449  
0.361137  0.545976  
0.688729  0.251947  
0.41731  0.477341  
0.0494881  0.907733  
0.308055  0.590695  
0.296638  0.591937  
0.239817  0.654455  
0.249166  0.64675  
0.312635  0.57499  
0.053807  0.895381  
0.462374  0.437097  
0.151709  0.76048  
6.04205e-005  1.03067  
0.144661  0.76706  
0.163118  0.753733  
0.277954  0.615367  
0.137861  0.778056  
0.319795  0.570228  
0.000217782  1.01987  
0.231234  0.661308  
0.974158  0.0304035  
0.831764  0.148519  
0.00707513  0.989476  
0.828821  0.159157  
0.880985  0.102778  
0.788513  0.17553  
0.696269  0.245845  
0.966003  0.0372273  
0.201934  0.699163  
0.0797896  0.8439  
0.00186984  1.00334  
1.10204e-075  1.05133  
0.953035  0.0452804  
0.724081  0.237041  
0.634556  0.30601  
0.706986  0.243058  
0.364231  0.530471  
0.288525  0.604056  
0.83637  0.137698  
0.713406  0.237651  
0.469842  0.433104  
