0.830337  0.250443  
1.34123e-011  1.43934  
0.791328  0.2964  
0.789294  0.554531  
8.6024e-005  1.22714  
7.98757e-009  1.42318  
0.570879  0.784916  
0.486486  0.869181  
0.239317  1.0916  
0.531283  0.825429  
0.131957  1.17046  
0.471995  0.883575  
0.771656  0.56865  
0.200863  1.11527  
0.293499  1.04426  
0.616194  0.737511  
0.413755  0.944172  
0.419896  0.931892  
0.282047  1.05297  
0.442639  0.909361  
0.626656  0.728476  
0.37866  0.969665  
0.0474053  1.20859  
0.115595  1.17111  
0.507846  0.848645  
0.211757  1.10603  
0.368718  0.979169  
0.0720229  1.19431  
0.251922  1.07703  
0.266793  1.06679  
0.718902  0.622327  
0.43469  0.918199  
0.700985  0.644852  
0.171622  1.13639  
0.712319  0.636572  
0.196124  1.12492  
0.274704  1.05862  
0.492786  0.862235  
0.501672  0.855353  
0.430226  0.927465  
0.692653  0.655014  
0.451719  0.902263  
0.0844658  1.18997  
0.745356  0.599576  
0.520572  0.839366  
0.0904523  1.18474  
0.0341261  1.212  
0.786768  0.563696  
0.363097  0.985469  
0.0144016  1.22026  
0.354823  0.991561  
0.724922  0.618614  
0.459188  0.897714  
0.311775  1.02704  
0.140202  1.15778  
0.586662  0.778655  
0.0561444  1.20205  
0.299662  1.03662  
0.153733  1.1482  
0.539711  0.81926  
0.543318  0.813376  
0.732777  0.60788  
0.102117  1.18053  
0.219331  1.10228  
0.0645221  1.20124  
0.658475  0.690092  
0.028293  1.21656  
0.105584  1.17601  
0.518431  0.840292  
0.559646  0.794539  
0.309327  1.03573  
0.403833  0.949591  
0.184176  1.12781  
0.258738  1.07364  
0.179722  1.12977  
0.6346  0.723842  
0.684552  0.665917  
0.756668  0.584442  
0.344531  1.00289  
0.549766  0.80533  
0.670008  0.686737  
0.608495  0.744162  
0.340914  1.01225  
0.708774  0.641481  
0.753404  0.588378  
0.146239  1.15325  
0.321482  1.02317  
0.747763  0.595146  
0.465035  0.890742  
0.688513  0.660831  
0.396563  0.953719  
0.731664  0.609821  
0.3889  0.959633  
0.601865  0.754768  
0.228852  1.09495  
0.162867  1.14234  
0.328308  1.01605  
0.762421  0.574279  
0.0184189  1.2196  
0.657133  0.69741  
