1.00622  3.26289e-014  1.73982e-013  
1.58106e-009  3.27741  3.23078  
0.000149052  4.17586  1.01138e-007  
2.48586e-009  0.0169168  1.68553  
0.662013  1.36452  7.18074e-010  
2.93975e-006  2.30393  0.000590512  
0.003266  1.72736  5.70313e-005  
1.59168e-007  2.42013  0.119193  
0.00100762  1.85835  0.000273265  
0.774521  0.483075  0.447067  
7.70171e-008  1.54607  0.673578  
2.75707e-006  1.90112  0.0271627  
0.659641  2.16658  9.63772e-011  
0.920697  0.143417  0.377306  
0.562572  0.606367  0.571821  
2.92318e-009  0.0115918  1.11914  
4.72225e-006  2.06845  0.000178975  
8.14398e-007  2.20617  0.0038136  
0.00461675  1.44292  0.000364139  
0.766732  2.51832  2.0494e-011  
0.26136  0.548737  0.804178  
0.476465  0.589863  0.664562  
0.397886  0.926021  0.0317287  
7.57517e-007  1.49857  0.684941  
0.897254  0.45097  0.182237  
0.173693  0.551117  0.833842  
0.513913  0.865498  0.0397886  
0.000205559  2.66789  1.40397e-009  
0.496081  0.409087  0.794124  
0.940362  2.47193  3.25844e-011  
0.506705  0.81881  0.476432  
0.229393  0.974724  0.177291  
0.646959  0.363097  0.696684  
0.62787  0.720729  0.353494  
0.470407  0.0357661  0.886559  
0.142083  0.991579  0.610209  
0.73357  1.21105  6.37309e-010  
0.858122  0.00849404  0.515306  
0.810718  0.521244  0.28585  
0.925059  0.223601  0.342049  
0.367415  0.934626  0.0349346  
0.988964  0.254682  0.102917  
0.800412  0.801034  0.267692  
0.843411  0.421763  0.681606  
0.798073  0.813926  0.240518  
0.750247  0.107327  0.878783  
0.976412  0.0979754  0.197229  
0.553244  0.798645  0.331095  
0.884524  0.76055  0.0626092  
0.808879  0.166274  0.819741  
0.99609  0.0566462  0.138446  
0.792588  0.124687  0.840191  
0.857226  0.771387  0.218674  
1.4516  0.0382649  0.233831  
0.329003  0.209342  1.28212  
0.34648  1.38748  0.343916  
1.38346  0.802745  0.194572  
0.236677  0.936091  0.950795  
1.79528  0.545948  0.19897  
1.25997  0.115982  0.58775  
1.21107  0.349236  1.04776  
1.20127  0.465687  1.03728  
0.939863  0.297031  1.22592  
1.07773  0.590656  1.09433  
0.386409  1.36267  0.382455  
1.31158  0.86791  0.238329  
1.38612  0.203108  0.510102  
1.41635  0.75336  0.398578  
1.34522  0.633632  0.462023  
1.26136  0.747824  0.534161  
0.67554  1.12866  0.929023  
0.744083  1.35108  0.327525  
0.635844  0.831188  1.01799  
0.589087  0.688519  1.16689  
0.593303  1.26829  0.488734  
0.700592  1.1251  0.886331  
0.922479  0.305783  1.13534  
1.05724  1.01435  0.259741  
0.443302  1.18703  0.758078  
0.998306  1.02003  0.832199  
0.501171  1.17852  0.947944  
0.555829  0.907695  1.18171  
1.03871  1.08428  0.625994  
0.861126  1.07495  0.667636  
0.887602  1.03887  0.869993  
0.531377  0.834677  1.25699  
0.882238  1.23279  0.55698  
0.927299  0.909739  0.977074  
1.14701  0.817619  0.793463  
1.02244  1.05907  0.742852  
0.961915  1.21963  0.479497  
1.11297  1.00789  0.702151  
1.10291  0.515793  0.897934  
1.04171  0.899409  0.83812  
0.912717  1.35022  0.429293  
0.430963  1.323  0.44521  
0.815681  1.30414  0.43589  
0.758626  0.607032  1.27876  
0.855124  1.17047  0.731152  
0.758344  0.664963  1.23655  
