0.740279  0.316434  
0.0934201  0.703114  
0.0137571  0.995694  
0.772944  0.275545  
0.0518094  0.781941  
0.982818  0.0226724  
0.10171  0.692178  
0.000754431  0.999888  
0.414207  0.357042  
0.258212  0.498576  
0.393663  0.399108  
7.28072e-247  1.07995  
0.812768  0.111933  
0.000632694  0.9999  
3.81721e-237  1.01558  
0.0154712  0.994545  
3.05419e-248  1.67997  
0.159096  0.67729  
0.998971  0.00149869  
0.625001  0.340373  
0.970645  0.0644236  
0.719368  0.337691  
0.980652  0.0256234  
0.00130192  0.999776  
0.72331  0.334127  
0.0189395  0.993172  
0.733709  0.323719  
0.00116141  0.9998  
0.751797  0.300337  
0.0418315  0.983734  
0.726975  0.32954  
0.957669  0.0850655  
0.0353389  0.985587  
0.759933  0.292311  
0.736056  0.318668  
2.34797e-228  1.00167  
0.999918  0.000270162  
0.997939  0.00320828  
0.959827  0.0845609  
0.744035  0.31093  
0.989913  0.012599  
0.737203  0.317933  
0.99992  0.000185213  
0.975169  0.0313787  
0.757754  0.294527  
0.762996  0.288944  
0.788237  0.258839  
0.989638  0.0157368  
0.753421  0.298641  
0.761752  0.288968  
0.994465  0.00731699  
0.00349546  0.999161  
0.972308  0.0346121  
0.00660006  0.998408  
0.983376  0.0215704  
0.965853  0.0655466  
0.996198  0.00499883  
0.743267  0.312789  
6.91796e-228  1.00017  
8.08674e-247  1.01909  
0.956117  0.0858208  
2.78921e-253  1.81864  
4.28514e-250  3.65282  
0.999948  0.000240812  
7.13822e-250  2.18722  
7.28072e-247  1.59434  
3.05419e-248  1.72981  
2.5761e-248  2.08536  
1.25038e-245  1.2278  
2.25611e-242  1.07287  
0.156194  0.964981  
0.911505  0.18989  
0.651285  0.512994  
0.536184  0.64685  
0.96532  0.112805  
1.62944e-245  1.21994  
0.850999  0.24939  
0.442772  0.742382  
0.211545  0.938816  
0.695103  0.470302  
0.275305  0.93699  
0.0817441  0.998095  
0.290138  0.876791  
0.570979  0.593705  
0.40874  0.765794  
0.707451  0.427665  
0.486248  0.694986  
0.77628  0.362715  
0.983403  0.0588386  
0.375907  0.812893  
0.607809  0.557532  
0.813894  0.297526  
0.491153  0.682407  
0.344812  0.860882  
0.794239  0.335457  
0.0545971  1.00312  
0.386095  0.801475  
0.758185  0.405801  
0.000790134  1.00424  
0.751419  0.416155  
