4.20133  4.20133  1.99105e-056  
6.61372e-033  0.392428  5.12854  
6.729e-033  6.729e-033  7.17875  
0.00463156  4.72634e-033  5.01686  
3.65585  3.65585  1.63934e-024  
2.44027  2.44027  1.66973e-023  
0.712245  1.18911  0.629524  
0.992672  0.407478  1.38888  
4.05727  4.05727  1.94976e-054  
0.0112383  0.629064  3.03483  
6.62104e-033  1.10605  5.013  
2.16253  2.16253  2.59073e-009  
0.458145  0.0752365  4.25042  
0.133307  0.444294  3.73193  
0.177514  0.497517  3.65254  
1.99864  1.99864  0.00382607  
1.1022  0.331243  3.07338  
4.06298  4.06298  2.97836e-056  
6.64549e-033  0.102679  5.76062  
0.379745  1.29444  2.53557  
1.43173  0.357711  1.9813  
2.01578  0.241847  1.81961  
2.31164  2.31164  6.50023e-022  
0.000361758  0.0892949  5.90642  
0.0285612  0.288485  4.62483  
0.000210572  1.43545  3.91428  
1.91384  0.0329557  3.30209  
2.40783  2.40783  6.24979e-022  
0.309902  0.595146  3.64173  
0.285238  1.76895  1.53034  
1.55325  0.141045  2.30803  
0.309307  1.4708  1.89245  
1.24776  0.0183136  4.5273  
0.342852  0.0632819  4.33004  
6.62255e-033  0.167315  5.29725  
0.343133  0.227106  3.13645  
1.58143  1.85226  0.271833  
1.60004  1.51247  0.541846  
1.47624  0.0932659  3.41401  
1.37295  0.258165  2.24355  
0.302726  1.23711  2.56124  
0.269391  1.34412  2.13052  
1.77211  1.55196  0.360557  
1.79394  0.0172669  3.53042  
1.76537  1.59851  0.453348  
6.6454e-033  0.0150226  6.83767  
1.66735  0.0900741  2.66607  
6.67037e-033  0.120978  5.63358  
0.0395269  0.351675  4.44977  
6.61976e-033  0.0581179  6.20305  
6.65242e-033  0.0693251  6.10481  
6.64207e-033  0.0769685  6.00955  
0.312825  1.76375  1.66612  
1.85132  0.126564  2.38273  
1.67042  0.0414529  3.24817  
1.89148  0.153945  2.03515  
0.244282  1.19646  2.89077  
1.76755  1.78267  0.162389  
1.85707  0.263064  1.60285  
0.000200734  0.201308  5.16279  
0.311877  1.71517  1.73996  
1.68828  1.90953  0.243078  
1.32169  0.00870085  4.18099  
0.11618  1.69  2.45394  
1.98158  0.0793494  2.83583  
6.62166e-033  0.0403664  6.43546  
0.145104  1.59012  2.20949  
6.61728e-033  1.15251  4.82875  
6.65008e-033  0.05273  6.30196  
0.132545  1.33388  2.72541  
1.77288  1.7696  0.0842952  
2.21711  2.21711  1.58099e-009  
0.450064  0.0210432  4.9556  
6.6309e-033  0.142163  5.44657  
6.62443e-033  0.15497  5.36394  
0.000997205  0.0331743  6.53635  
1.79715  1.60788  0.225578  
6.65092e-033  0.0317143  6.58861  
6.65663e-033  0.0255405  6.686  
6.63375e-033  0.0206788  6.73602  
1.62717  1.87359  0.25522  
1.17863  0.0229703  4.72813  
1.69947  0.18742  2.10803  
1.2934  0.237762  2.80825  
1.71025  0.299932  1.81984  
6.68684e-033  0.0505901  6.36793  
1.74332  0.00916091  3.99558  
7.20326e-033  1.70216  4.08528  
1.17489  0.00646226  4.87792  
1.45418  1.5474  0.612723  
1.58832  0.0240474  3.44664  
1.16761  0.400628  2.91977  
0.00197467  1.41286  4.06538  
6.66541e-033  0.136827  5.51459  
0.138608  1.22358  2.96245  
1.19182  0.0120551  4.7562  
0.11147  1.73012  2.46014  
0.0873178  0.103478  4.78704  
2.27679  2.27679  1.11699e-009  
0.00017722  0.00552934  6.96727  
