4.67926  0  1.48145e-046  
3.19165  1.22192e-034  4.05275e-071  
1.32111e-137  1.47179e-030  7.31134  
0  0.059601  2.38385  
1.09357e-110  6.04532  5.92633e-043  
2.83387e-129  3.54122e-019  4.7848  
1.08792e-020  5.87818e-075  7.12698  
3.67389  0  1.03106e-041  
1.1956e-133  4.88575  1.19068e-031  
1.71113e-109  4.07814  1.54367e-040  
1.89727e-138  5.31575  2.01616e-025  
2.61146e-014  0  4.40609  
1.20439e-086  3.15086  3.28023e-035  
8.70439e-014  0  4.0725  
3.90522e-098  3.55075  5.05097e-040  
0  3.69747  5.09451e-014  
0  0.053755  3.16201  
3.33929  0  1.10754e-036  
2.46908e-086  2.98987e-021  2.7514  
2.78107  1.08902e-031  1.38837e-034  
3.14327  1.97075e-039  1.15854e-060  
2.24589  2.30786e-032  1.6917e-030  
4.79997e-013  0  3.80432  
1.33537  1.02189  6.48255e-020  
5.93702e-092  0.515963  0.964727  
2.22309e-079  1.85402e-020  2.59153  
1.54282e-012  0  3.55188  
2.9296e-099  2.27661  0.0350446  
1.82566  1.38508e-030  7.19768e-033  
0.062831  0.436059  1.09374  
0  2.87272  6.60731e-013  
2.39551  0  8.3234e-027  
0  0.042052  3.33604  
0  1.64376  1.47062  
0.492449  0.714993  0.0984069  
1.19917  0  0.902219  
0.320494  1.84472e-044  1.74035  
0.222561  7.24353e-052  2.07758  
1.63443  0  0.000527899  
1.06458  0.114865  0.266243  
1.99665  3.99936e-032  3.99936e-032  
0.418172  0.057107  0.801258  
0.119695  2.11572  8.95357e-026  
1.49182  1.19445  4.15021e-027  
0.340382  3.57935e-045  1.84834  
0.0155404  1.71052  0.439684  
0  6.45511e-007  3.6803  
0.766243  0.607272  0.144107  
0.0208747  1.3971  0.314971  
1.64261e-026  2.6528  0.0101678  
0.697805  0.31846  0.620476  
1.14492  0  1.26037  
0.0939162  2.43173  0.00870736  
0.0293602  8.99503e-052  2.16854  
9.13876e-006  2.8256  9.8178e-027  
0.396286  1.10927  0.00276583  
7.99713e-073  2.03177  0.0671617  
0.159871  0.975524  0.197154  
1.02775  0  1.40135  
1.50905  0.0419705  0.329427  
0.64941  0.762221  0.0837081  
0.0673152  0.843434  0.584054  
0  2.58836  0.0500228  
2.72003  2.96017e-025  1.02854e-051  
0.535167  0.125407  0.659083  
0.265896  1.29055  0.00631324  
0.102238  1.47678  0.0594736  
0.602299  1.91374  1.20636e-051  
0.105968  0.00747274  1.31297  
0.132865  0.356496  0.731469  
0.806736  1.05331  0.00215511  
1.29159e-082  0.210904  1.92991  
2.56832  0  1.00672e-031  
0.00670008  1.76462  0.453591  
0.735081  0.636963  0.00303277  
0.0318123  0  2.29823  
0.870929  0.241614  0.0250272  
0.041176  0.810178  0.701494  
5.21037e-109  5.26234e-026  3.24989  
0.938845  5.30062e-044  1.15113  
3.34833e-063  2.4712  0.0142432  
1.97113  1.50382e-072  6.84886e-027  
1.00364  0.0533318  0.506852  
0.0397759  1.81947  0.0732746  
1.90897e-083  0.0803954  1.97453  
2.82724e-011  0  2.73459  
1.94013e-106  0.888852  1.62671  
0.607999  1.19923e-053  1.52342  
2.58043  2.80824e-025  8.49735e-039  
1.19709  1.20128  5.0837e-026  
0  1.90892  1.17698  
0.913911  0.164835  0.604965  
0.767624  0.391994  0.499508  
0.174394  1.46936  4.87344e-037  
0.0354222  0.971144  0.661273  
1.09414e-078  0.0680755  1.62724  
6.73639e-098  0.168883  2.33788  
1.00963  1.29702  4.5066e-027  
1.54397  5.33521e-027  9.05903e-029  
1.09741e-083  0.257609  1.96356  
