0.999951  0.000104455  
7.15325e-011  1.15409  
0.911254  0.0552401  
0.826423  0.0946256  
0.758793  0.140166  
0.486629  0.307818  
7.745e-009  1.0443  
0.437604  0.35338  
4.02795e-009  1.12603  
0.347759  0.444311  
0.310899  0.470205  
0.281667  0.480778  
0.646874  0.240639  
0.19084  0.567198  
0.695587  0.208945  
0.175582  0.59089  
0.719024  0.163869  
0.676061  0.22462  
0.604631  0.251721  
0.257547  0.517812  
0.527253  0.289989  
0.215874  0.538575  
0.389168  0.379493  
0.364754  0.41739  
0.706941  0.169933  
0.384906  0.412116  
0.152411  0.611744  
9.20425e-009  1.00255  
0.420746  0.377558  
0.555138  0.28017  
0.227747  0.530774  
0.253649  0.529249  
0.432593  0.374107  
0.574685  0.273905  
0.539746  0.286383  
0.594754  0.265697  
0.589056  0.273643  
0.098222  0.686713  
0.132176  0.643498  
0.107525  0.674102  
3.32142e-005  0.994398  
0.0389759  0.803902  
0.021392  0.854048  
0.0159518  0.874333  
0.0717703  0.732191  
0.0624008  0.753915  
0.133994  0.63501  
0.0186823  0.863641  
0.010383  0.899794  
0.00113352  0.966505  
0.123999  0.649067  
0.012108  0.890115  
0.118204  0.657506  
0.146423  0.61927  
0.0748968  0.726338  
0.0589149  0.760022  
0.0422067  0.795233  
0.145955  0.628801  
0.0303667  0.825832  
0.0137922  0.882652  
0.00236966  0.951499  
0.000323932  0.982099  
0.149281  0.616024  
0.0175535  0.867716  
0.00803559  0.911317  
0.0690676  0.738968  
0.0478605  0.782239  
0.138089  0.631603  
0.0454333  0.787105  
0.0868607  0.705322  
0.0363804  0.809265  
0.0331746  0.817889  
0.0282142  0.832269  
0.0495847  0.778121  
0.00409167  0.936181  
0.0929551  0.695135  
0.00588507  0.923468  
0.0546052  0.767448  
0.0268652  0.839012  
0.0562547  0.763181  
0.0909792  0.701972  
0.0254122  0.841218  
0.121528  0.653212  
0.0645747  0.747497  
0.140991  0.628946  
0.115336  0.663315  
0.111136  0.668293  
0.000805904  0.975774  
0.0772694  0.722277  
0.0841745  0.710922  
0.023442  0.846949  
0.0351337  0.812879  
0.00499263  0.929408  
0.0514681  0.773165  
0.10828  0.673243  
0.00163884  0.959518  
0.0229633  0.84862  
0.0130855  0.886152  
0.00307542  0.944623  
0.0523393  0.771292  
