0.0021651  -3.39659e-015  32.864  
1.73822  1.73821  0.000120217  
28.1481  -3.37354e-016  3.2641  
0.079958  -3.1711e-015  30.6823  
8.53144  -2.11008e-015  20.4163  
24.3369  -3.81998e-016  3.69606  
16.8149  -4.69068e-016  4.53852  
14.1113  -5.01116e-016  4.84859  
19.2601  -4.16523e-016  4.03011  
5.86118  -1.78452e-015  17.2663  
4.10247  -1.46263e-015  14.1518  
21.0746  -3.31227e-016  3.20482  
12.4892  -1.04701e-015  10.1304  
22.6832  -3.56023e-016  3.44473  
11.1989  -5.7307e-016  5.54479  
9.99844  -7.38894e-016  7.14924  
9.62839  -5.33686e-016  5.16374  
5.36019  -1.34358e-015  12.9999  
4.79376  -1.14913e-015  11.1185  
6.17521  -2.02626e-015  19.6052  
4.97977  -1.24857e-015  12.0807  
4.66811  -9.23187e-016  8.93239  
12.0259  -4.15639e-016  4.02155  
4.30454  -1.9262e-015  18.6372  
7.37426  -7.19532e-016  6.9619  
7.66772  -1.84673e-015  17.8682  
5.28009  -7.54062e-016  7.296  
3.55072  -1.99766e-015  19.3286  
4.91358  -9.7748e-016  9.45771  
6.4233  -5.75645e-016  5.56971  
4.51118  -8.21109e-016  7.94472  
7.10017  -6.82042e-016  6.59916  
4.33022  -8.61102e-016  8.33167  
1.06178  1.06175  0.000871177  
7.0162  -5.44596e-016  5.26929  
7.83791  -1.81364e-015  17.548  
0.405045  0.930246  0.109905  
5.61061  -1.184e-015  11.4559  
2.92795  -1.87966e-015  18.1868  
5.63152  -1.40059e-015  13.5516  
5.68282  -1.42378e-015  13.776  
4.93406  -1.01316e-015  9.8029  
7.95849  -6.58988e-016  6.3761  
5.34565  -1.21313e-015  11.7378  
8.38201  -4.82048e-016  4.6641  
8.13685  -6.38687e-016  6.17968  
6.04218  -5.8885e-016  5.69747  
5.08698  -5.56211e-016  5.38168  
0.811536  -8.38745e-017  0.811536  
0.627021  0.420353  0.170694  
0.728402  0.728139  0.00855003  
2.29722  -2.37424e-016  2.29722  
0.585212  0.194579  0.404451  
4.22704  -8.29481e-016  8.02573  
0.687059  0.017112  0.602266  
0.680473  0.105064  0.567318  
0.489079  0.622958  0.0222481  
4.21894  -6.18261e-016  5.98204  
4.37034  -6.03651e-016  5.84069  
0.536153  0.26403  0.268198  
3.37333  -3.48644e-016  3.37333  
0.510565  0.322844  0.335262  
2.4362  -2.51788e-016  2.4362  
3.61748  -3.73877e-016  3.61748  
0.567587  0.56716  0.0127093  
1.88166  -1.94474e-016  1.88166  
0.981941  -1.01486e-016  0.981941  
0.907233  -9.3765e-017  0.907233  
1.64827  -1.70353e-016  1.64827  
3.29192  -3.40229e-016  3.29192  
3.82409  -3.9523e-016  3.82409  
2.66178  -2.75102e-016  2.66178  
1.17051  -1.20975e-016  1.17051  
4.35162  -6.3887e-016  6.18145  
3.07817  -3.18137e-016  3.07817  
2.98303  -3.08304e-016  2.98303  
1.79096  -1.85101e-016  1.79096  
1.27029  -1.31288e-016  1.27029  
3.43979  -3.55512e-016  3.43979  
2.85207  -2.94769e-016  2.85207  
1.97246  -2.03859e-016  1.97246  
2.79399  -2.88767e-016  2.79399  
2.89444  -2.99149e-016  2.89444  
3.76378  -3.88997e-016  3.76378  
0.672849  0.246465  0.3591  
1.98161  -2.04805e-016  1.98161  
2.06701  -2.13631e-016  2.06701  
1.0966  -1.13337e-016  1.0966  
2.59194  -2.67884e-016  2.59194  
2.2314  -2.30621e-016  2.2314  
3.13043  -3.23538e-016  3.13043  
2.20767  -2.28169e-016  2.20767  
2.73622  -2.82796e-016  2.73622  
3.17994  -3.28656e-016  3.17994  
4.43904  -4.58787e-016  4.43904  
3.95283  -4.08536e-016  3.95283  
1.58521  -1.63836e-016  1.58521  
1.33558  -1.38036e-016  1.33558  
2.1431  -2.21495e-016  2.1431  
1.06649  -1.10225e-016  1.06649  
