0  0  5.72063  
4.62228  2.0915e-189  1.96676e-065  
3.213  1.36712e-065  5.81704e-131  
7.03962e-244  6.31076  2.97712e-057  
5.31689e-246  0  4.07571  
0  5.611  2.29789e-051  
0  4.62696  4.2971e-050  
3.66353  1.42216e-183  1.55882e-065  
4.45283  2.86008e-187  1.89466e-065  
0  4.80369e-052  2.47232  
5.74017e-237  2.10272e-112  3.25238  
1.65671e-204  1.91324  8.14074e-066  
5.24811e-206  2.44295  1.03947e-065  
0  4.17571  1.97563e-048  
2.26741  2.29344e-066  2.47902e-066  
0  4.06414  3.22931e-045  
2.63913e-245  0  3.78812  
0  3.70828  5.75096e-045  
1.63939  0  6.24301e-021  
0  2.94859  9.49144e-034  
3.43736  4.3587e-183  1.46258e-065  
0.0006734  0.0217402  1.20842  
2.53068  2.25687e-066  3.10145e-066  
1.98369  3.52006e-066  1.02827e-066  
5.76838e-208  3.22204  2.28358e-047  
0.661977  0.361802  2.19891e-029  
3.78103e-026  0.0275777  0.981431  
0  1.57003e-061  3.48374  
1.3495  5.33439e-121  0.411266  
0.0978902  0.515056  0.105184  
6.17396e-251  4.07253e-113  3.63495  
3.02235  9.1063e-182  1.286e-065  
7.67718e-208  2.67627  1.13874e-065  
2.02754  2.3875e-066  1.89292e-066  
7.69071e-248  5.66126e-024  2.24481  
6.84436e-208  2.79346  1.1886e-065  
0  4.50122e-007  2.0913  
0.859922  1.0775  8.82592e-058  
1.13182  0.000525544  1.21967e-006  
0.00157539  2.39265e-010  1.60872  
0.00282862  0  1.4232  
0.0109217  1.27065  0.0139141  
0  1.70254  6.49248e-020  
1.51945e-212  1.04044  0.273561  
0.0124713  0.284607  0.537614  
7.84786e-238  8.59154e-022  1.97575  
3.07048e-230  0.910782  0.64594  
1.69217e-209  1.48171  3.22272e-005  
2.65563  1.12975e-065  8.43897e-074  
0  2.50946  1.75154e-022  
9.37609e-247  8.6428e-122  3.31361  
0  3.33547  7.03118e-038  
9.05405e-249  1.26453e-024  2.36931  
2.76592  3.48897e-067  7.99333e-066  
4.69062e-026  0.0152215  1.35955  
3.26314  0  4.53692e-022  
5.1392e-211  1.65927  0.00179713  
0.557718  0.605566  1.28021e-046  
1.20007  1.18298e-118  0.000855957  
2.97485e-228  0.429886  0.429886  
0.792346  3.0539e-116  0.220969  
0.945004  0.00776033  2.85278e-029  
0  3.62369  2.26289e-044  
3.19136  1.95183e-066  5.14541e-066  
4.10658e-236  0  1.84523  
0.197616  0.165724  0.172294  
9.27966e-230  0.581229  0.581229  
0  3.45036  1.77517e-043  
1.45037  0  0.0716791  
0.00240864  9.02763e-013  1.68046  
0.447782  0.144009  0.14401  
1.65026e-208  3.51703  1.49648e-065  
0.917526  0.669471  2.84857e-066  
2.874e-202  1.42169  6.04925e-066  
0.318778  0.808785  0.0145103  
0.000819054  4.75247e-009  1.78515  
0.0261535  0.156877  0.638086  
3.57779e-203  0.524444  0.37156  
0.373248  1.12267e-021  0.481611  
0.408218  0.0588087  0.184562  
1.51056e-209  1.31354  8.40877e-005  
0  0.0801102  0.813019  
4.00051e-241  0.706628  0.706628  
0.182896  2.34342e-018  0.855097  
0  0.0393452  0.89292  
2.90524  1.23604e-065  2.61854e-074  
2.88219  6.27166e-068  1.05251e-065  
0.865598  0.865598  6.56646e-051  
0.0239124  0.733472  0.0209944  
0.529046  0.0917258  0.0890043  
0.471233  0  0.471284  
0.309611  0.323588  0.0348464  
1.47665  0.303534  4.56363e-037  
0.830735  0.830735  7.82188e-051  
0.303123  0  0.738078  
1.55257  5.44869e-121  2.58181e-005  
0.28022  0.0959002  0.181203  
0.243908  0  0.860341  
0.454289  0.0377206  0.2271  
0.206825  5.24237e-013  0.731648  
