0.309727  0.913598  
0.819094  0.334446  
0.984041  0.067848  
0.988134  0.0340012  
0.113121  1.00082  
0.935516  0.175661  
0.991683  0.0238534  
0.968469  0.112737  
0.730734  0.445907  
0.813793  0.357807  
0.48854  0.674193  
6.01048e-006  1.01278  
6.10663e-007  1.0169  
0.409418  0.791679  
0.890378  0.229526  
0.97708  0.0964975  
0.966502  0.153323  
0.883247  0.270012  
9.44639e-197  9.71093  
0.297849  0.922131  
0.790014  0.407665  
0.758681  0.416956  
0.885342  0.240459  
7.81531e-156  1.01938  
0.847021  0.278912  
2.64323e-195  1.14603  
0.672067  0.527482  
0.967485  0.123351  
0.620585  0.611735  
0.639491  0.56332  
2.95951e-164  1.06279  
1.83429e-156  1.06265  
0.576834  0.627759  
0.680263  0.501821  
0.36267  0.832992  
0.712495  0.48613  
1.6369e-164  1.12726  
0.187109  0.991067  
1.85504e-196  9.56706  
3.19014e-197  9.71171  
5.69162e-196  5.51439  
0.96369  0.164345  
0.231346  0.950693  
8.76972e-196  4.42596  
6.63249e-195  2.26712  
8.76972e-196  6.28572  
1.10112e-193  1.216  
0.397767  0.856634  
4.30832e-165  1.1485  
0.233338  0.984584  
0.277239  0.969094  
4.48097e-193  1.16965  
5.14461e-190  1.15343  
0.181494  1.00287  
0.589316  0.665953  
0.996467  0.0833044  
5.57678e-197  9.86203  
0.113121  1.01834  
0.192311  0.992948  
0.885342  0.240767  
0.948731  0.203172  
3.6829e-007  1.02208  
0.71994  0.518227  
0.657063  0.585543  
0.531672  0.717219  
0.840944  0.378716  
0.689879  0.528202  
0.332373  0.915371  
0.76585  0.45828  
0.425945  0.815215  
0.49529  0.754488  
0.967485  0.147799  
0.391227  0.862552  
0.857346  0.298795  
0.299387  0.951143  
0.847021  0.301794  
0.614178  0.642093  
0.978823  0.117907  
5.69162e-196  9.59155  
0.796372  0.417092  
0.384091  0.906082  
0.816429  0.401507  
0.589298  0.672093  
0.49277  0.79776  
1.6369e-164  1.14449  
1.6136e-157  1.06468  
0.560285  0.688138  
0.930213  0.26992  
7.48689e-197  9.86548  
5.92863e-195  6.45692  
4.9289e-195  7.858  
1.27611e-193  1.91303  
1.25427e-193  3.35156  
7.55527e-195  4.83021  
1.77624e-195  9.11219  
7.55795e-194  4.01385  
9.41826e-195  4.72773  
2.76764e-193  1.31415  
8.79299e-194  3.66134  
0.229347  1.08489  
