2.04882  0.499676  
8.7001  0.114944  
8.10004  0.123627  
7.76031  0.128867  
3.92132  0.258563  
4.05603  0.251049  
2.75148  0.365927  
4.22695  0.237612  
2.64667  0.379865  
3.68527  0.272147  
3.5299  0.286988  
3.19207  0.315277  
8.38214  0.119304  
3.06935  0.337418  
3.79992  0.264289  
2.17568  0.45972  
4.36324  0.233958  
7.00961  0.142684  
5.03632  0.199261  
2.99394  0.34265  
7.09452  0.141008  
2.58994  0.387238  
3.30141  0.304799  
6.02365  0.166123  
8.47568  0.118132  
5.1447  0.195562  
3.15373  0.332122  
6.09853  0.164068  
2.47934  0.406188  
7.36458  0.135805  
6.40582  0.156175  
4.09572  0.245581  
4.18764  0.2426  
7.43346  0.134536  
7.68421  0.130144  
8.63833  0.115878  
6.21749  0.160994  
4.68484  0.21462  
6.49221  0.154178  
5.37821  0.18651  
6.2978  0.159045  
5.86087  0.170727  
2.51387  0.401488  
7.87394  0.127012  
5.27652  0.189955  
4.59104  0.219178  
2.39132  0.42259  
7.99356  0.125111  
4.99208  0.201429  
3.44949  0.292182  
5.8024  0.172571  
8.18964  0.122109  
6.16418  0.162345  
4.91627  0.204996  
4.79317  0.209266  
3.6151  0.280424  
6.5393  0.153068  
7.62459  0.131159  
7.57242  0.132065  
7.16135  0.139671  
8.56116  0.117417  
5.54118  0.180773  
8.30515  0.120428  
6.60373  0.151466  
2.83496  0.353287  
5.33073  0.188469  
4.51598  0.222846  
6.93473  0.144246  
5.20703  0.192729  
5.4619  0.183606  
7.29348  0.137208  
5.95415  0.168153  
3.41375  0.295488  
2.81471  0.362201  
5.92857  0.168845  
2.90616  0.346068  
6.78415  0.147439  
2.92091  0.344627  
3.36101  0.300516  
7.20408  0.13891  
7.95127  0.125863  
4.85552  0.208459  
8.52865  0.117525  
6.83454  0.146344  
5.65428  0.177353  
7.50067  0.133329  
5.47681  0.183076  
3.84439  0.261271  
3.87687  0.259434  
4.56274  0.220265  
2.20889  0.45302  
7.88766  0.126788  
3.63717  0.279598  
5.74022  0.174479  
5.71864  0.176565  
4.74425  0.213001  
4.40789  0.23103  
7.51421  0.133091  
5.58331  0.179588  
6.64633  0.150705  
