7.59581e-013  1.05072  
0.261035  0.494954  
0.872573  0.075627  
0.842115  0.0850887  
0.0210074  0.859382  
0.605199  0.232361  
0.332011  0.428986  
0.976056  0.0173845  
0.712272  0.159445  
0.783461  0.117352  
0.246417  0.507468  
0.0313754  0.82327  
0.41806  0.359319  
0.508241  0.288036  
0.882519  0.0634958  
0.168476  0.590643  
0.895895  0.0549757  
0.10561  0.675688  
0.581032  0.238273  
0.044768  0.797735  
0.342306  0.419527  
0.990522  0.00614767  
0.219148  0.535528  
0.184028  0.584928  
0.565824  0.250002  
0.0369968  0.811999  
0.684236  0.183765  
0.774653  0.135979  
0.447885  0.344224  
0.82858  0.0910298  
0.743961  0.139886  
0.371952  0.395291  
0.730646  0.153383  
0.217093  0.5548  
0.631002  0.211786  
0.294633  0.460737  
0.240518  0.522522  
0.0110946  0.90558  
0.764854  0.137289  
0.0760118  0.742455  
0.114081  0.664649  
0.30614  0.460624  
0.358054  0.403634  
0.186646  0.569301  
0.356012  0.411746  
0.00360131  0.948084  
0.141401  0.636892  
0.812595  0.105288  
0.817978  0.0990036  
0.931945  0.0399502  
0.920754  0.0417445  
0.0487657  0.782405  
0.196319  0.565204  
0.0258413  0.846226  
0.00517454  0.935094  
0.658184  0.197815  
0.12248  0.659695  
0.465646  0.323783  
0.159614  0.610241  
0.645152  0.209115  
0.534806  0.272595  
0.687423  0.173441  
0.580866  0.249432  
0.740137  0.150316  
1.41185e-006  2.39262  
0.933317  0.0645406  
9.655e-006  2.04293  
0.000102131  1.70575  
0.117173  1.11808  
0.00675002  1.37852  
0.119199  0.887953  
0.313237  0.644377  
0.0204242  1.20658  
0.331165  0.542387  
0.212281  0.707337  
0.196329  0.790028  
0.0732502  1.18381  
0.368576  0.473089  
0.00134166  1.50256  
0.000457539  1.55461  
0.697679  0.247798  
0.000213696  1.67583  
0.884175  0.121998  
0.572684  0.297941  
0.704533  0.185906  
0.412792  0.439613  
0.767807  0.176337  
0.136357  0.845067  
0.436405  0.414484  
0.629236  0.280053  
0.512064  0.312043  
0.210657  0.730823  
0.454862  0.372925  
0.789572  0.154786  
0.825364  0.144173  
0.852255  0.12881  
0.626817  0.28414  
0.473286  0.356079  
0.136001  0.845086  
0.499055  0.351082  
