5.06212e-005  1.08879  
33.1685  -7.31154e-016  
6.75357  -1.48873e-016  
4.1147  -9.0703e-017  
0.26558  0.76347  
7.40498  -1.63233e-016  
3.32934  -7.33908e-017  
11.6893  -2.57674e-016  
31.5651  -6.9581e-016  
0.518265  0.50106  
12.3378  -2.71969e-016  
27.3668  -6.03263e-016  
20.3142  -4.47798e-016  
32.727  -7.21422e-016  
20.8387  -4.59361e-016  
24.2065  -5.336e-016  
7.72235  -1.70229e-016  
9.26316  -2.04194e-016  
14.5757  -3.21303e-016  
19.4927  -4.29691e-016  
19.1632  -4.22426e-016  
32.4184  -7.1462e-016  
6.08033e-005  1.01826  
6.30898  -1.39073e-016  
13.8782  -3.05925e-016  
31.9822  -7.05003e-016  
8.36094  -1.84306e-016  
26.6691  -5.87885e-016  
8.82147  -1.94457e-016  
17.1674  -3.78433e-016  
23.4895  -5.17794e-016  
1.47581  -3.25323e-017  
29.2134  -6.43969e-016  
20.0886  -4.42825e-016  
21.2006  -4.67339e-016  
0.729624  0.395036  
27.7747  -6.12255e-016  
24.6168  -5.42643e-016  
2.82938  -6.23699e-017  
10.0047  -2.2054e-016  
9.61072  -2.11855e-016  
14.9626  -3.2983e-016  
2.20009  -4.84979e-017  
27.0075  -5.95343e-016  
14.3114  -3.15475e-016  
31.1278  -6.86169e-016  
26.3001  -5.79751e-016  
30.4486  -6.71199e-016  
23.2281  -5.12032e-016  
15.8405  -3.49183e-016  
21.5935  -4.76e-016  
18.1747  -4.00637e-016  
16.9057  -3.72663e-016  
23.7768  -5.24127e-016  
32.1303  -7.08269e-016  
17.4559  -3.84792e-016  
14.0863  -3.10514e-016  
23.9292  -5.27486e-016  
10.8572  -2.39332e-016  
1.06331  -2.34392e-017  
21.926  -4.8333e-016  
5.36764  -1.18322e-016  
1.84005  -4.05614e-017  
12.476  -2.75018e-016  
25.1933  -5.55351e-016  
1.29155  -2.84704e-017  
2.54444  -5.60887e-017  
10.1366  -2.23449e-016  
15.321  -3.3773e-016  
28.5355  -6.29026e-016  
5.74528  -1.26647e-016  
25.7784  -5.68249e-016  
13.5113  -2.97839e-016  
10.6123  -2.33933e-016  
0.972425  0.106916  
21.0519  -4.64061e-016  
17.6027  -3.88029e-016  
0.794281  0.236677  
30.134  -6.64263e-016  
1.89215  -4.17099e-017  
15.0921  -3.32684e-016  
4.71746  -1.0399e-016  
17.8458  -3.93387e-016  
28.8804  -6.3663e-016  
8.62944  -1.90224e-016  
12.7505  -2.81067e-016  
8.0686  -1.77861e-016  
9.4847  -2.09077e-016  
5.95214  -1.31207e-016  
28.8626  -6.36236e-016  
22.6988  -5.00365e-016  
30.7595  -6.7805e-016  
15.6006  -3.43893e-016  
26.859  -5.92071e-016  
18.8932  -4.16475e-016  
25.406  -5.6004e-016  
4.64922  -1.02486e-016  
21.6503  -4.77252e-016  
22.8454  -5.03595e-016  
3.07052  -6.76853e-017  
