1.18562  0  
1.51198e-308  1.0434  
1.0999  5.08601e-013  
0.950799  0.0497465  
0.988022  0.0128099  
0.76267  0.243094  
0.83405  0.204848  
0.548118  0.485324  
6.33996e-281  1.01393  
0.403072  0.614103  
1.14015  1e-014  
0.562497  0.44481  
3.11896e-301  1.03676  
0.502548  0.50527  
0.687885  0.330829  
0.964526  0.0362444  
0.115181  0.906254  
0.102181  0.916381  
0.85618  0.144689  
0.195526  0.812204  
0.246213  0.793928  
0.71959  0.290227  
0.981484  0.0208716  
0.872092  0.130974  
0.255512  0.765436  
3.08171e-312  1.47332  
0.174782  0.836913  
0.846514  0.158832  
0.0963458  0.930916  
1.38583e-302  1.03818  
0.154413  0.862654  
0.470051  0.551138  
0.264517  0.738082  
0.333487  0.677059  
0.582221  0.4208  
0.750214  0.254483  
0.274745  0.728863  
0.693861  0.313588  
0.295326  0.712667  
0.338571  0.669926  
0.626394  0.377049  
0.879255  0.12092  
0.314184  0.689894  
0.239059  0.798556  
0.837185  0.164162  
0.0806298  0.932867  
0.602485  0.40018  
0.447723  0.559584  
0.707407  0.29785  
0.192034  0.823941  
0.608823  0.392346  
0.0534665  0.966241  
0.595499  0.40871  
0.485651  0.523638  
0.120281  0.888578  
0.588384  0.412631  
0.155034  0.85374  
0.755547  0.248936  
0.286052  0.727193  
0.636497  0.374895  
0.302412  0.701478  
0.703495  0.303163  
7.74158e-301  1.03657  
0.141881  0.885626  
4.1466e-309  1.05892  
6.47464e-311  1.07683  
6.54416e-311  1.08839  
3.92429e-310  1.07734  
0.421761  0.70041  
3.23743  0  
4.39941e-309  1.06985  
1.54326e-308  1.06499  
2.15023e-308  1.06391  
0.154414  0.887816  
0.470175  0.658394  
1.69056e-301  1.04328  
8.37262e-302  1.04733  
2.34544  1.6405e-014  
1.47629  0.0966363  
1.81632  0.0275739  
1.70355  0.0684777  
0.345945  0.749279  
2.07813  7.72908e-014  
1.53081  0.0906548  
0.00152306  1.02337  
0.106988  0.926763  
0.170643  0.871682  
0.273346  0.825519  
0.84006  0.290582  
3.71075e-312  9.30789  
7.27047e-312  11.3677  
3.27467  0  
2.25201e-310  1.47866  
1.83899  0.14174  
0.919262  0.473125  
2.85451  0.00943442  
2.14373  0.053418  
0.21699  1.07203  
0.430851  0.723141  
2.76729e-310  1.13271  
