4.85151  0  
4.42535e-010  1.57107  
2.95504  0.00679202  
3.63246e-006  1.1059  
1.92588  0.0313539  
0.978527  0.073901  
1.33098e-009  1.55186  
2.16443  0.0235759  
3.75418  0.00272782  
3.82639  0.00252022  
3.58918  0.00399202  
0.0209253  0.598753  
0.110375  0.316692  
1.34093  0.0561269  
1.07325  0.0733496  
3.66051  0.00368225  
0.00156315  0.960963  
0.0491746  0.455832  
3.69344  0.00309746  
4.83689  6.01535e-005  
1.50189  0.0479235  
1.7345  0.039426  
2.32904  0.0222321  
1.87382  0.0340476  
0.132084  0.274278  
1.75006  0.0365579  
0.790683  0.0918691  
0.528571  0.263182  
0.370258  0.473983  
0.332615  0.502629  
0.251111  0.569657  
0.0716641  1.0268  
0.430444  0.447834  
5.04245  0.0397786  
4.84117e-010  1.71869  
3.221  0.0877431  
2.16598e-005  1.42235  
2.02991  0.143534  
0.0456357  1.16618  
0.29404  0.520752  
0.00524527  1.19184  
4.91729  0.0472561  
1.41488  0.184862  
0.10598  0.594929  
0.0912198  0.903665  
2.51937  0.179275  
1.63038  0.392505  
2.26327  0.213608  
1.81802  0.295784  
1.46897  0.407287  
1.63222  0.376177  
4.50498  0.169935  
2.45542  0.18173  
0.00147134  2.30062  
1.29056  0.449574  
0.379188  0.677493  
0.611053  0.537594  
0.00199894  1.86431  
1.73874  0.33068  
2.03879  0.268766  
0.0999005  1.32883  
0.358103  1.02347  
1.17184  0.464128  
1.21879  0.451824  
0.877823  0.530805  
0.0883871  1.75742  
0.279871  1.20683  
0.290187  1.16005  
1.74292e-005  3.45837  
3.93885e-006  3.74528  
1.53947  0.403107  
1.91053e-008  5.02864  
2.13735  0.238068  
1.67416  0.332309  
2.52315  0.186742  
0.00011236  5.93642  
0.000190528  5.0872  
0.465969  1.12578  
0.000254613  4.83111  
0.105327  2.44729  
0.000311398  4.25632  
1.58952  0.422868  
0.00216917  3.75062  
0.0569173  2.9314  
0.253685  2.08948  
0.286056  1.7698  
0.841043  1.07397  
2.30081  0.216009  
1.02292  0.756746  
1.95642  0.318302  
0.460424  1.60508  
0.00382034  3.44317  
0.0019578  4.11333  
0.134221  2.2537  
0.843413  0.880372  
1.50148  0.567272  
2.03555  0.30427  
1.20826  0.651922  
1.29299  0.615236  
0.416775  1.62743  
