1.85399  3.78111e-014  4.02477e-014  
0.947437  0.0214997  0.947437  
0  2.76774  3.48907e-024  
0.000932618  0  1.88052  
2.36359e-005  1.69765  5.37474e-047  
1.02621  0.00104704  0.170821  
0.0140299  0.00113686  1.10997  
0.411867  0.000168263  1.09655  
5.29299e-013  3.16699e-010  1.67826  
0.00217973  0.591471  1.10739  
3.90346e-013  1.94709e-011  1.84701  
0.701  0.332296  0.00778576  
1.03403  0  0.142056  
0.193754  0.168165  0.43818  
3.88078e-013  0.000824658  1.49166  
0.983  0.600571  6.95894e-008  
5.48261e-013  0.000391615  1.51275  
0.519104  0  1.12051  
2.89301e-013  0.000950554  1.71938  
0  1.45332  8.17324e-015  
0.430788  0.55686  0.0666379  
1.30227  0  2.98129e-006  
8.99887e-016  0.87974  0.887555  
1.74894  4.91986e-014  2.86161e-015  
1.5052  4.5475e-015  4.22767e-014  
0.77063  0.468347  3.57211e-005  
1.2023  1.08079e-006  2.75021e-006  
2.34953e-012  1.66937e-011  1.68255  
1.17555  0.00390332  0.0124761  
0  1.27529  0.000128127  
0.00623144  0.517455  1.12801  
1.12687  0.00498504  0.00498504  
0.0146782  0.000626323  1.27984  
0.000287692  1.36983  1.79446e-009  
0  1.37013  1.79485e-009  
1.01337  0  1.01408  
0.0155574  0.000574725  1.20157  
1.24343  1.07426e-006  2.84476e-006  
1.47327  2.74519e-008  3.56461e-008  
1.05948  0  0.0369334  
0.0452947  0  1.18716  
6.60434e-013  2.85196e-010  1.47954  
5.30809e-013  0.000637007  1.1291  
1.15395  1.10781e-005  0.0224899  
1.13259  0.004924  0.0217072  
4.27439e-013  0.000507146  1.45958  
0  1.17793  0.000137428  
0.0125026  0.442033  1.01762  
0.0072216  0.47202  1.08666  
0.0156468  0  1.22543  
0.965422  0.000444022  0.96568  
1.05979  0.0571967  0.00111343  
3.03387e-013  0.000673591  1.93861  
0.124964  0  1.13995  
0.000376323  0  4.02748  
0.00246167  0.53302  1.11923  
1.14122  0  0.0268619  
1.15331  0.0841875  0.00107393  
0  0.687329  1.09489  
0.0463392  0.00453666  1.03898  
0  0.323091  1.1508  
0  1.07746  0.311006  
0.0060679  1.62472e-017  1.51411  
0.0100918  0  1.32857  
0.0205646  0.00112795  1.08206  
0  1.32325  7.57186e-005  
0.00723668  0.450791  1.03779  
0.0156151  0  1.26386  
0  0.511492  1.13694  
0.12225  0  1.18035  
0.00138637  0  1.85367  
0.00645727  0.503188  1.09691  
2.1549e-013  0.000785974  2.24308  
0  0.000726044  2.3659  
0.0126662  0.416143  1.05931  
1.26459  2.5662e-006  2.5662e-006  
1.06757e-012  1.05503  0.0316963  
0  0.137875  1.16067  
0.0240971  0.000520777  1.12676  
3.7085e-013  0.000862061  1.42544  
0  0.00267732  1.28803  
0  0.955374  0.956857  
1.69223  3.87327e-006  1.18544e-006  
1.30466  0  0.165646  
0  0.398729  1.2355  
0.000414914  0  4.44049  
0  2.35204  7.87149e-005  
0.971006  0.856465  0.864869  
0.00104079  0  3.58407  
0  1.11044  0.320524  
0.000614981  0.000534653  1.57819  
2.47967e-013  0.000898346  2.58115  
0.0290524  1.72895  4.06038e-005  
0.908626  0.894558  0.994092  
0  0.000737008  3.31492  
1.24172  0.0587938  0.0587938  
0  0.000885796  2.88647  
0.320363  0.469013  1.08433  
0.524045  0  1.13118  
1.3852  1.41866  3.24773e-006  
