0.0641693  -2.85034e-015  27.5788  
0.324182  1.04471  0.0542272  
28.6428  -2.93925e-016  2.8439  
0.698911  0.698911  1.199e-010  
23.1598  -4.66143e-016  4.51021  
5.81134  -1.11319e-015  10.7708  
17.8293  -4.28758e-016  4.14849  
23.8507  -4.22068e-016  4.08376  
6.34812  -1.51082e-015  14.6181  
0.837985  -2.628e-015  25.4275  
3.10568  -2.27926e-015  22.0532  
5.12376  -1.89028e-015  18.2896  
15.1648  -3.56455e-016  3.44892  
2.72247  -2.21816e-015  21.462  
17.5429  -3.46742e-016  3.35494  
4.73248  -9.41464e-016  9.10923  
5.38821  -1.72735e-015  16.7132  
13.6695  -6.3704e-016  6.16374  
0.5872  -2.69468e-015  26.0726  
6.61551  -1.59387e-015  15.4216  
12.0579  -4.20805e-016  4.07154  
14.0711  -3.44954e-016  3.33763  
9.78734  -5.45811e-016  5.28105  
5.08792  -1.80948e-015  17.5078  
5.47988  -7.65636e-016  7.40799  
10.3439  -6.83705e-016  6.61526  
7.88554  -7.17043e-016  6.93782  
4.28069  -8.51529e-016  8.23905  
9.12791  -5.0573e-016  4.89324  
7.59157  -6.95369e-016  6.72811  
11.4215  -4.0096e-016  3.87953  
4.43122  -8.81457e-016  8.52862  
10.9376  -6.03738e-016  5.84153  
3.8781  -1.85529e-015  17.951  
10.7122  -6.59109e-016  6.37728  
7.24795  -7.49329e-016  7.25021  
4.41088  -1.55425e-015  15.0383  
8.93167  -5.64406e-016  5.46096  
1.11119  -1.14845e-016  1.11119  
8.31025  -4.63131e-016  4.48107  
1.6281  -2.22593e-015  21.5372  
8.66455  -4.80107e-016  4.64533  
0.621082  0.424461  0.138934  
0.450656  0.252942  0.268108  
5.90473  -1.52354e-015  14.7411  
5.14688  -7.4167e-016  7.1761  
11.7513  -5.18483e-016  5.01663  
5.62226  -6.03571e-016  5.83991  
6.74756  -5.23736e-016  5.06746  
1.28814  -1.33133e-016  1.28814  
0.507473  0.0016899  0.642286  
8.47488  -5.75266e-016  5.56604  
6.89978  -5.80594e-016  5.61759  
7.08066  -5.496e-016  5.31771  
0.381852  0.817265  1.40204e-010  
1.57297  -1.62571e-016  1.57297  
0.961744  -9.93989e-017  0.961744  
2.53018  -2.61501e-016  2.53018  
6.10548  -5.19527e-016  5.02674  
6.95329  -6.66887e-016  6.45253  
5.96853  -6.45838e-016  6.24887  
1.38541  -1.43186e-016  1.38541  
0.609551  0.609551  1.02111e-005  
0.624537  0.172153  0.510178  
0.865907  0.133713  0.384995  
4.31333  -6.20341e-016  6.00217  
11.851  -4.64885e-016  4.49804  
4.80185  -3.72981e-016  3.60881  
4.97873  -4.11263e-016  3.97922  
4.49878  -4.64962e-016  4.49878  
0.647482  0.218124  0.393034  
2.21712  -2.29145e-016  2.21712  
2.06998  -2.13939e-016  2.06998  
3.71024  -5.01095e-016  4.84839  
0.892073  -9.21982e-017  0.892073  
3.27482  -4.8076e-016  4.65164  
0.758071  -7.83487e-017  0.758071  
2.63691  -2.72532e-016  2.63691  
1.80882  -1.86947e-016  1.80882  
2.42064  -2.5018e-016  2.42064  
1.72359  -1.78138e-016  1.72359  
2.00866  -2.07601e-016  2.00866  
2.76772  -2.86051e-016  2.76772  
1.88404  -1.94721e-016  1.88404  
0.795807  -8.22488e-017  0.795807  
2.30686  -2.3842e-016  2.30686  
1.64535  -1.70052e-016  1.64535  
2.1444  -2.2163e-016  2.1444  
1.37779  -1.42399e-016  1.37779  
1.95471  -2.02024e-016  1.95471  
2.71196  -2.80288e-016  2.71196  
4.38925  -4.53641e-016  4.38925  
1.76245  -1.82154e-016  1.76245  
2.33329  -2.41152e-016  2.33329  
2.83103  -2.92595e-016  2.83103  
3.39059  -3.50427e-016  3.39059  
2.93431  -3.03269e-016  2.93431  
2.40567  -2.48632e-016  2.40567  
3.15808  -3.26396e-016  3.15808  
3.21816  -3.32605e-016  3.21816  
