0.184318  0.214814  
0.0259116  0.542554  
0.952883  0.0764288  
0.0570509  0.425132  
2.49691  0.0030535  
4.03647  3.19493e-007  
4.76385  1.71425e-012  
0.0112102  1.71408  
3.31644  0.000797334  
9.98986  2.68225e-020  
12.7618  4.22252e-023  
11.0321  3.48449e-022  
0.00779757  1.98731  
0.00920169  1.7699  
0.0195705  1.66751  
1.62011  0.0147824  
3.89325  2.39063e-006  
0.00135095  2.91177  
1.34947  0.0338011  
0.850499  0.809147  
1.13424  0.50641  
0.628395  1.01802  
0.507044  1.11826  
0.795185  0.946642  
0.869172  0.798697  
1.17107  0.351895  
1.43065  0.0438312  
1.41481  0.0722584  
0.272573  1.20118  
0.964569  0.744656  
0.597263  1.04287  
0.991726  0.646374  
0.510375  1.09055  
1.80926  0.0413548  
1.8929  0.0178791  
0.398585  1.17607  
0.870191  0.765614  
1.00294  0.597621  
0.50193  1.17602  
0.502034  1.17106  
0.0205862  1.75405  
0.0185206  1.9228  
2.79454  0.0122206  
1.29317  0.11865  
10.8981  3.57887e-020  
1.19647  0.313817  
3.34809  0.00356378  
1.37679  0.0771249  
1.34846  0.115645  
0.0086192  2.11552  
4.0924  0.000976713  
0.687413  0.96854  
0.0515727  1.28947  
1.18662  0.328826  
0.966139  0.737745  
1.06278  0.537927  
0.919947  0.762169  
1.28383  0.163539  
0.329737  1.19711  
1.23329  0.294036  
3.4021  0.00377543  
0.0248324  1.95575  
2.20203  0.020092  
0.0538997  1.77604  
0.0564338  1.41101  
1.82336  0.0418024  
0.516748  1.10416  
0.190614  1.33676  
1.2574  0.3298  
1.28745  0.17263  
0.41393  1.19599  
0.691398  0.976276  
1.62891  0.0505638  
1.43665  0.064218  
0.600114  1.04664  
1.00903  0.609477  
1.65838  0.0442743  
0.844501  0.973647  
0.273052  1.29309  
0.296168  1.24799  
1.19256  0.359765  
0.402394  1.24309  
1.11162  0.593057  
1.34829  0.125488  
0.656348  1.02742  
1.41663  0.0723514  
1.0033  0.69199  
1.19051  0.439606  
1.14216  0.509743  
0.939427  0.77755  
1.18279  0.484846  
1.13525  0.56938  
1.33022  0.148883  
0.87359  0.865619  
0.861874  0.920876  
0.985299  0.752376  
0.992778  0.737524  
0.897188  0.789367  
0.876602  0.839192  
0.890368  0.80628  
