0  1.00147  
1.00218  2.6935e-064  
0.720779  0.00923009  
0.805971  0.00837343  
0.616233  0.00970318  
0.872702  0.00676643  
0.936263  0.00638487  
0.573419  0.01011  
0.335051  0.179224  
0.148058  0.957837  
0.287737  0.69284  
0.332814  0.237331  
0.336526  0.133994  
0.331938  0.308516  
0.334422  0.214216  
0.33649  0.150502  
0.289136  0.662595  
0.351276  0.0547611  
0.340942  0.106657  
0.43274  0.0230607  
0.539471  0.0105707  
0.348381  0.0758833  
0.321732  0.461896  
0.129287  0.971529  
0.332549  0.273961  
0.320855  0.486309  
0.32829  0.399656  
0.19611  0.91771  
0.328488  0.378339  
0.110461  0.97908  
0.46175  0.0200164  
0.260155  0.788912  
0.332157  0.276239  
0.27516  0.749814  
0.326596  0.415779  
0.299689  0.642392  
0.182038  0.930897  
0.309437  0.583244  
0.302018  0.625967  
0.331214  0.323352  
0.330733  0.341524  
0.324363  0.447059  
0.952096  0.00502502  
0.324498  0.430729  
0.0714613  0.994986  
0.159629  0.950546  
0.286155  0.709737  
0.227406  0.865533  
0.446382  0.0212305  
0.0546486  0.995191  
0.382309  0.03617  
0.966884  0.00333266  
0.518751  0.0165009  
0.40769  0.0273911  
0.222707  0.886019  
0.295451  0.654152  
0.311077  0.566227  
0.23125  0.862391  
0.316549  0.522527  
0.253385  0.795098  
0.393386  0.0314252  
0.366258  0.048246  
0.0963406  0.985813  
0.306561  0.596197  
0.247256  0.825676  
0.266692  0.772875  
0.318502  0.498155  
0.210879  0.89528  
0.0266019  0.998662  
0.0817895  0.989114  
0.535  0.0159408  
0.2735  0.766769  
0.122122  0.974455  
0.316815  0.509767  
0.279992  0.738358  
0.209263  0.905202  
0.200549  0.910649  
0.252919  0.810551  
0.311947  0.555167  
0.236897  0.845148  
0.282627  0.72001  
0.345094  0.0919804  
0.333557  0.224989  
0.316063  0.538006  
0.984015  0.00141064  
0.328901  0.36197  
0.479451  0.0182849  
0.500345  0.017093  
0.330449  0.356799  
0.483165  0.0181224  
0.302914  0.611367  
0.313574  0.543365  
0.372563  0.0421872  
0.218679  0.887634  
0.280209  0.728752  
0.252209  0.819372  
0.0411069  0.996315  
0.0131004  0.999899  
0.980835  0.00226089  
0.171792  0.948459  
