8.13928  -1.59484e-016  
1.70968e-048  1.00101  
1.57486  -3.08584e-017  
6.29562  -1.23359e-016  
5.44296  -1.06651e-016  
7.17243  -1.40539e-016  
4.69742  -9.20428e-017  
5.13511  -1.00619e-016  
6.68994  -1.31085e-016  
1.22465  -2.39962e-017  
4.44394  -8.70762e-017  
6.86199  -1.34456e-016  
7.86162  -1.54043e-016  
1.84386  -3.61292e-017  
6.12314  -1.19979e-016  
4.21069  -8.25057e-017  
7.64372  -1.49774e-016  
2.6252  -5.14391e-017  
2.10627  -4.1271e-017  
7.40097  -1.45017e-016  
2.42379  -4.74926e-017  
5.73368  -1.12348e-016  
2.30186  -4.51034e-017  
5.17636  -1.01427e-016  
8.02643  -1.57273e-016  
2.77918  -5.44563e-017  
3.97008  -7.7791e-017  
1.95008  -3.82106e-017  
3.2796  -6.42617e-017  
4.62373  -9.0599e-017  
3.46274  -6.78501e-017  
7.50501  -1.47056e-016  
3.79589  -7.43781e-017  
3.60388  -7.06158e-017  
3.06149  -5.99879e-017  
5.76161  -1.12895e-016  
5.93093  -1.16213e-016  
3.74392  -7.33597e-017  
1.13652  -2.22693e-017  
6.76824  -1.32619e-016  
5.93077  -1.1621e-016  
2.9222  -5.72585e-017  
4.08476  -8.00383e-017  
3.14099  -6.15456e-017  
2.8991  -5.68059e-017  
3.52473  -6.90648e-017  
3.20766  -6.2852e-017  
1.04435  -2.04634e-017  
0.66828  0.333273  
0.717718  0.295418  
0.931392  0.0921214  
0.640925  0.342226  
4.05845  -7.95226e-017  
0.880078  0.114879  
0.590391  0.37071  
0.088838  0.948763  
0.120623  0.857886  
0.530888  0.508337  
0.109078  0.897127  
0.545299  0.479492  
0.555148  0.448758  
0.767996  0.2565  
0.777317  0.22665  
0.854312  0.122127  
0.824678  0.137754  
0.316403  0.716248  
0.0586047  0.98051  
0.285228  0.720919  
0.385684  0.578497  
0.508174  0.530699  
0.0917411  0.915381  
0.972561  0.0671979  
0.786847  0.19488  
0.81048  0.155835  
0.446392  0.555337  
0.961507  0.0795794  
0.333489  0.668337  
0.345422  0.629989  
0.0345016  0.991751  
0.364237  0.597308  
0.794975  0.175347  
0.565558  0.416048  
0.281394  0.755889  
0.984992  0.0326518  
0.471511  0.54998  
0.490309  0.540956  
0.753843  0.285342  
0.197261  0.786122  
0.582452  0.389624  
0.13366  0.832314  
0.418752  0.564342  
0.230965  0.77654  
1.00479  2.21493e-017  
0.408247  0.567569  
0.168599  0.797571  
0.748331  0.292743  
0.265356  0.766752  
0.327848  0.687079  
0.234167  0.775467  
0.57563  0.407784  
