4.984  2.47158e-049  
0  24.6205  
9.8879e-085  12.3339  
2.5471e-051  9.55649  
6.40194e-024  2.69643  
2.11001  5.74316e-018  
2.63943e-079  10.4485  
1.76876e-082  12.1263  
1.0396  0.000536898  
2.01168  2.33868e-005  
3.2302e-054  10.2152  
5.48754e-022  2.42072  
0.534596  0.0808014  
0.075125  0.949835  
3.33762e-022  2.6368  
0.0783657  0.650521  
0.331765  0.0833941  
0.930514  0.0765247  
0.0751072  1.08868  
1.71506e-054  10.3018  
4.82998e-020  2.29184  
0.638895  0.0797524  
6.41925e-083  12.1744  
3.05477e-019  2.19218  
0.0799582  0.550634  
1.02767  0.0748141  
0.0810873  0.449085  
0.0780534  0.80448  
0.0780912  0.798167  
0.0750893  1.18657  
0.792905  0.0769583  
0.0585352  1.48145  
0.0481128  1.63981  
0.0601489  1.42705  
0.749109  0.0795771  
1.00737e-017  2.08677  
0.06778  1.27995  
0.0313866  1.80094  
0.0610987  1.37227  
0.052855  1.56091  
0.05103  1.56217  
0.0218805  1.90991  
0.0830944  0.388309  
0.0437879  1.71038  
0.0445056  1.6684  
0.0703862  1.22917  
0.0364672  1.75779  
0.0228747  1.87029  
0.0647555  1.34051  
0.0862349  0.318474  
0.0071938  1.96639  
2.04586  7.74526e-007  
0.000270167  2.06032  
0.0701272  1.24997  
0.0845458  0.368689  
0.028849  1.83997  
0.000878328  2.016  
0.00543498  2.00431  
0.0199134  1.95078  
0.216109  0.0997367  
0.0934065  0.260087  
0.296961  0.0880032  
0.247797  0.0946956  
0.267139  0.0926784  
0.13186  0.137174  
0.75976  0.0781332  
0.191459  0.104453  
2.06997  4.17899e-007  
0.229519  0.0962877  
0.0237929  1.84647  
0.100388  0.213877  
0.0414384  1.74037  
0.0646733  1.34204  
0.0918991  0.283624  
0.787417  0.0770352  
0.283596  0.089418  
0.109785  0.170102  
2.08374  1.27282e-010  
0.123312  0.153758  
0.186352  0.118169  
0.0978725  0.228698  
0.166766  0.118974  
0.14283  0.133283  
0.0168854  1.95239  
0.100434  0.19511  
2.10193  5.24063e-013  
0.108908  0.183943  
0.0946246  0.243779  
0.11812  0.161156  
0.088204  0.307911  
0.0412595  1.74366  
0.0836712  0.369072  
0.106371  0.192767  
0.188584  0.110417  
0.0892532  0.298742  
0.0948458  0.237952  
0.0892874  0.290343  
0.00502736  2.01233  
0.150454  0.127299  
0.000127598  2.06885  
