0  1.21421  3.78599e-069  
2.87318  3.57299e-069  4.44325e-138  
9.90314e-088  0  3.12434  
5.01486  0  5.81511e-050  
0  1.75663e-134  6.1232  
2.39422e-093  0  4.21995  
4.6208e-098  0  5.44773  
3.96594  0  1.31237e-048  
4.62961  6.01488e-110  1.44355e-068  
0  1.90944e-130  3.6179  
2.33313e-098  0  6.02504  
3.36541  6.57144e-114  1.61715e-067  
4.48325e-088  0  3.20232  
0  1.48067e-126  2.71604  
3.31293  0  1.19809e-047  
2.90788  4.43375e-103  1.3973e-067  
4.13963e-036  0  2.38876  
6.50951e-097  8.08074e-140  2.08227  
0  0.00172197  1.83205  
2.23509  3.06771e-093  1.074e-067  
1.63332  0  7.949e-022  
1.83657  3.33229e-070  7.59858e-070  
2.01931  6.27192e-069  1.04862e-074  
2.65457  8.27715e-069  2.58088e-137  
2.56179e-032  0  2.23907  
0  2.53465e-130  2.93805  
2.84331  1.479e-099  8.86565e-069  
1.24103  1.46459e-071  5.73971e-068  
0.409062  0  0.829221  
4.86021e-039  3.45164e-005  1.53503  
2.47806  2.56577e-102  1.19076e-067  
4.15962e-037  0  2.87136  
0.00403769  0.957034  6.88355e-007  
0.710321  0.0208175  0.00593589  
2.57881  0  4.61804e-047  
0.00451305  1.07215  1.41288e-016  
6.8431e-040  0.0108166  1.17721  
0.0919368  9.32719e-134  1.09835  
0  0.00185119  1.67866  
0.436053  1.00437e-125  0.436053  
0.0562319  0.113172  0.229255  
0.00348828  0.203639  0.381241  
0.0606227  0.671057  4.03262e-007  
0.0403548  0.135292  0.271147  
0.00071823  0.592624  0.0655651  
0  3.4901e-126  2.30518  
0.932419  0.00115002  0.0115833  
1.49837  0  1.49277e-010  
0.112221  0.259444  0.0975166  
0.30971  1.0468  2.97311e-013  
0.0846005  2.678e-127  0.727247  
2.34633  7.31605e-069  4.80357e-100  
0.00918046  0.866922  5.0826e-007  
0.99363  0.303764  5.77868e-053  
0.0672877  0.737619  1.32816e-012  
2.02605e-094  3.72232e-136  1.75336  
1.12373  2.78316e-069  2.89323e-071  
1.55518  3.3429e-093  7.47294e-068  
0.61414  0.00475709  0.0468535  
1.36689  0  0.000352831  
2.37747  1.14242e-067  5.48958e-135  
1.91236  5.9144e-069  4.73856e-074  
1.01322  0.0101591  3.09105e-014  
0.853451  0.00279569  0.0633034  
0.000157005  0.388403  0.301388  
0.816198  0.0318634  9.69487e-014  
1.40771  0  2.66697e-007  
7.01274e-014  0.00301569  1.2497  
0.156554  0.530824  5.16408e-007  
0.132779  0.462286  1.21532e-006  
0.00428784  2.57937e-005  0.939046  
0.658808  0.00010238  0.083942  
0  0.00391961  1.4768  
0.214467  7.39062e-022  0.690655  
1.14856  1.06122e-069  3.94745e-068  
0.259127  9.83958e-005  0.506898  
0.162743  0.171591  0.125189  
0.340468  0.498556  8.97704e-013  
0  0.786356  0.0256007  
0.355346  0.326598  5.98443e-051  
0.0142343  3.12486e-126  1.0202  
4.5882e-005  0.00144341  1.3008  
0  0.35413  0.35413  
0  0.268049  0.466747  
1.968  7.21608e-092  2.44734e-069  
0.535561  0.375355  2.12555e-052  
0.281977  2.62433e-019  0.629426  
0  0.0775082  0.648835  
0.024667  0.0574694  0.59707  
0.188505  0.421845  0.0187389  
0.565089  0.0347965  0.0232082  
0.483558  0.000314696  0.149404  
6.06079e-005  2.07131e-133  1.41836  
0  0.0208143  0.899321  
0.0145694  2.99752e-127  1.04422  
0.000765116  0.346997  0.190048  
0.203388  0.00961394  0.549526  
0.0144189  0.82632  0.000619541  
0.000264941  9.70288e-134  1.35769  
0.176824  0.0388329  0.172572  
