6.2379e-031  3.39461e-016  5.54382  
6.92951  5.26828e-228  1.86986e-038  
3.55662e-009  0  1.91341  
0.0026371  1.92711  0  
2.29779e-016  3.75258  0.000989403  
2.66661e-029  2.1984e-016  3.59027  
4.40419e-030  2.50199e-016  4.08606  
5.59865  1.37501e-007  5.58358e-094  
4.18975e-029  1.39845e-016  2.28384  
3.72666e-030  3.09224e-016  5.05001  
6.14995  5.58974e-228  2.02144e-038  
4.70964  0.0471823  3.45053e-094  
6.70788  5.41094e-008  1.2179e-093  
1.25678e-014  2.43172  0.00530131  
1.62248e-005  2.95493  1.84892e-035  
4.0847  0.255115  2.25001e-093  
3.13941e-030  3.34438e-016  5.46179  
3.66224  0.0431897  5.86751e-093  
3.20663  1.25184e-005  5.7946e-092  
0.729026  0.571669  0.532504  
1.06324e-012  3.54099  0.00334261  
0.000287768  3.13871  0  
2.58894  0.327848  1.45291e-092  
3.41521  0.097554  4.00798e-092  
1.66685  0.00555448  0.00654428  
0.0218017  0.276391  1.14522  
1.31349  3.06697e-240  0.218307  
3.0052  8.04605e-241  6.71739e-012  
2.37897e-010  5.85747e-019  1.69875  
0.119926  0.747006  0.731886  
0.0777148  0.215536  1.37904  
1.53775  0.43883  0.0029566  
1.48613  0.000808096  0.197054  
6.59919e-013  2.19779  0.010634  
0.561139  0.38357  0.786171  
0.89987  0.339604  0.43452  
1.25771e-016  7.11853e-018  2.05728  
0.00524086  1.47537  0  
1.21345  0.0691133  0.262512  
2.34546  5.51779e-235  7.38947e-007  
0.000406222  2.1695  0  
8.81743e-013  1.67041  0.0988003  
6.63838e-017  1.08413  0.67226  
2.7486e-010  1.95186  0.000286685  
1.89334  4.49185e-231  0.0019779  
0.78203  0.662284  0.0109983  
0.0375794  0.276311  1.31184  
0.0128754  1.33239  0  
0.00019261  3.32463  0  
6.12628e-014  0  2.16776  
0.0051341  1.57767  0.0237138  
2.812  0.316024  4.8717e-092  
2.21309  7.67725e-239  0.182595  
0.232297  0.894979  0.387359  
2.09303  2.04909e-204  4.78682e-029  
1.84809e-005  3.36581  0  
0.0488158  0.388754  0.924835  
0.69593  0.130994  0.756451  
0.329674  0.0179644  0.993689  
0.610047  0.951265  0.0565468  
2.92395  1.29416e-204  6.68717e-029  
0.364394  1.19  0.141255  
0.221972  0  1.45548  
1.99192  1.21684e-202  1.13386e-079  
1.90291  0.591376  7.76115e-034  
1.09217  0.418933  0.248699  
0.3248  1.05904  0.334141  
0.805284  0  1.33121  
2.06455e-005  7.49242e-007  1.52867  
4.55677  4.07448e-227  1.4177e-037  
0.644259  1.00522  0.0400851  
0.144967  0.180442  1.08308  
4.19237  3.62933e-205  1.63414e-039  
3.21632e-017  9.49589e-017  1.63734  
0.41736  0.825441  0.417866  
4.29517  1.12925e-007  1.57931e-093  
2.66311  8.46511e-203  1.03723e-033  
1.61616  1.15896  9.4455e-093  
0.579605  1.26146  0.0104472  
0.18988  0.333454  0.92509  
1.08853e-016  1.7777  0.159112  
1.06919  3.39858e-203  1.06919  
0.537625  0.873464  0.293593  
0.516044  1.22391  0.0419206  
4.70673  5.09548e-228  1.46436e-037  
2.75286  0.000301562  6.75635e-091  
0.444249  0.787224  0.479475  
4.42428  1.14649e-205  2.2306e-080  
0.396213  0.800219  0.490152  
0.949226  0.00815704  0.677816  
0.457318  1.03578  0.0692616  
1.12063e-016  1.83014  0.0961701  
1.01626  0.00896017  0.367344  
1.25375  1.67786e-240  0.247949  
2.28746  1.75062e-017  1.87502e-087  
3.55896  1.06604e-005  3.28094e-092  
0.977428  0.0519096  0.357848  
0.712139  1.15753  0.0132974  
3.53085  6.32531e-227  4.40962e-035  
4.5277  1.63637e-013  3.5381e-088  
