0.000408692  0.999999  
1.01444  1.46951e-037  
0.312479  0.512614  
0.883365  0.00615111  
0.328473  0.33245  
0.319211  0.452976  
0.337572  0.122687  
1.00043  1.78977e-009  
0.769404  0.00881617  
0.284753  0.700752  
0.247886  0.819214  
0.33361  0.210897  
0.954171  0.00266467  
0.36254  0.0373225  
0.42308  0.024185  
0.194955  0.912817  
0.330354  0.281185  
0.834376  0.00807438  
0.331222  0.260596  
0.325158  0.385834  
0.346801  0.0764256  
0.178213  0.93262  
0.487466  0.0118548  
1.00027  7.23684e-009  
0.232272  0.840813  
0.332974  0.214286  
0.614872  0.00961778  
0.276511  0.732917  
0.141927  0.970779  
0.266145  0.748201  
0.648021  0.00950102  
0.973305  0.00222286  
3.30328e-013  1.00008  
0.338874  0.0911198  
0.115009  0.98187  
0.597102  0.00972235  
0.661016  0.00940934  
0.536046  0.0105176  
0.560229  0.010098  
3.18111e-147  1.00399  
0.573545  0.00993365  
0.215112  0.872818  
6.71629e-147  1.00366  
0.814777  0.00814723  
0.0855949  0.986861  
0.142786  0.960574  
0.163243  0.959158  
0.338559  0.1125  
0.788064  0.00857212  
0.324539  0.393505  
0.170773  0.947421  
0.0655007  0.99606  
0.999232  0.00216536  
0.0681236  0.990175  
0.520173  0.0108622  
0.270238  0.735713  
0.0306072  0.997606  
0.110199  0.982974  
0.0977036  0.986762  
0.102478  0.986564  
0.0422614  0.996428  
0.0158875  0.998935  
1.00131  1.35322e-021  
1.01104  2.73118e-029  
0.00874512  0.99922  
0.170525  0.95488  
1.00398  1.51558e-027  
0.00639524  0.99985  
0.00337886  0.999936  
1.00063  1.35622e-021  
0.00185278  0.999972  
0.00792319  0.999805  
1.00301  8.78114e-025  
1.19298e-010  1.00001  
0.00820047  0.999764  
1.00392  4.03214e-025  
0.00112277  0.99999  
0.000140242  1.00001  
0.00163791  0.999987  
8.92132e-017  1.00017  
2.33841e-017  1.0002  
6.13437e-147  1.0307  
1.00198  4.11698e-011  
0.999093  0.296976  
1.00045  5.63954e-009  
0.59883  0.502384  
0.502632  0.515487  
0.838957  0.487759  
0.676853  0.499833  
0.733495  0.498397  
0.949541  0.421385  
0.981266  0.344574  
0.938913  0.432211  
0.460878  0.525686  
0.270189  0.956317  
0.888268  0.467764  
0.974191  0.369231  
0.636076  0.501425  
0.342398  0.67379  
0.336531  0.721345  
