0.32578  0.375712  
0.317774  0.501543  
1.01381  3.69148e-018  
0.332063  0.256116  
0.677441  0.00937747  
0.286429  0.690794  
0.006555  1.00094  
0.364305  0.0378038  
0.942689  0.00481666  
0.792981  0.0085582  
0.0129733  1.0003  
0.436387  0.0153025  
2.51296e-255  1.33733  
0.333536  0.218089  
0.980704  0.00269998  
0.406883  0.0199488  
0.302819  0.583478  
0.31896  0.479571  
0.226149  0.858377  
0.868121  0.00705647  
0.218735  0.877195  
6.79394e-248  1.02845  
0.382729  0.02848  
0.337669  0.110419  
0.329679  0.332124  
0.0589625  0.997377  
0.00235838  1.00148  
0.883376  0.00631114  
1.01514  1.53243e-027  
1.00681  8.47018e-011  
0.00350468  1.00102  
0.0985353  0.988851  
0.253734  0.813269  
0.255457  0.793365  
0.721862  0.00925364  
0.33674  0.131758  
6.32281e-254  1.31685  
0.989935  0.000852857  
1.00692  4.13731e-011  
0.246866  0.820167  
0.0325354  0.99801  
0.271288  0.736366  
0.687111  0.00937322  
0.0597214  0.993795  
0.262281  0.766965  
0.479265  0.012673  
0.131526  0.96761  
0.245615  0.834556  
0.142881  0.957835  
0.100314  0.985167  
0.155681  0.953853  
0.105874  0.984709  
1.00607  4.47888e-005  
1.02451  7.49476e-048  
2.28309e-247  1.00814  
8.77065e-252  1.04095  
1.20514e-245  1.00172  
8.22652e-248  1.02145  
3.93084e-252  1.04168  
1.19439e-252  1.04388  
5.24137e-253  1.05514  
1.08708e-253  1.27757  
1.0852e-252  1.04601  
1.05148e-253  1.31411  
1.1963e-253  1.11513  
3.92655e-252  1.0433  
7.27007e-247  1.00296  
2.6475e-254  1.35479  
1.0064  7.83525e-005  
0.697979  0.0437128  
0.684691  0.500388  
1.0028  0.00604221  
0.409986  0.56772  
8.00696e-253  1.06312  
0.3359  0.764387  
2.75229e-253  1.33475  
0.3292  0.856656  
0.574979  0.506072  
0.534186  0.510121  
0.466118  0.530139  
0.326001  0.946278  
0.10486  1.0001  
0.334402  0.772923  
0.435729  0.53808  
0.0184859  1.00065  
0.181592  0.994452  
0.213234  0.993785  
0.149499  0.995914  
0.316309  0.960423  
0.131211  0.999493  
0.304119  0.974506  
0.240484  0.992933  
8.2821e-248  1.02835  
0.286047  0.974854  
0.258777  0.989921  
2.85307e-252  1.04637  
0.244674  0.990123  
3.66475e-254  1.34297  
0.0141431  1.00184  
2.46286e-247  1.01322  
