9.38044e+126  1.09414e-127  
3.34426e+126  3.12864e-127  
3.03702e+126  3.56768e-127  
1.86622e+126  5.509e-127  
2.80531e+126  3.81225e-127  
2.19888e+126  4.78058e-127  
1.71622e+126  6.27973e-127  
2.29214e+126  4.43175e-127  
2.48944e+126  4.40456e-127  
1.52087e+126  6.83331e-127  
1.17648e+126  8.96304e-127  
1.35893e+126  8.29213e-127  
2.60969e+126  4.13991e-127  
1.44362e+126  7.89484e-127  
2.57603e+126  4.20269e-127  
6.0367e+125  1.72851e-126  
9.17475e+125  1.11136e-126  
8.69286e+125  1.24348e-126  
7.6212e+125  1.4357e-126  
1.0913e+126  9.42339e-127  
6.93539e+125  1.53798e-126  
5.45224e+125  1.90195e-126  
9.77418e+125  1.10745e-126  
8.14107e+125  1.28619e-126  
6.62862e+125  1.6e-126  
3.25385e+125  3.17699e-126  
1.02313e+126  1.02315e-126  
4.05835e+125  2.66527e-126  
3.64092e+125  2.91721e-126  
7.96638e+125  1.33499e-126  
9.90467e+125  1.09874e-126  
3.79481e+125  2.72025e-126  
4.42657e+125  2.30734e-126  
4.74782e+125  2.29872e-126  
1.04585e+126  1.00198e-126  
4.34403e+125  2.51114e-126  
2.68895e+125  3.82561e-126  
5.1387e+125  2.07143e-126  
3.02188e+125  3.46154e-126  
2.91485e+125  3.51748e-126  
1.06008e+126  1.00123e-126  
1.07785e+126  9.72565e-127  
6.69013e+125  1.59226e-126  
4.99119e+125  2.10163e-126  
2.36133e+125  4.38441e-126  
1.96418e+125  5.28165e-126  
4.79699e+125  2.20289e-126  
2.21603e+125  4.82654e-126  
2.08698e+125  5.10112e-126  
2.49764e+125  4.25592e-126  
1.73928e+125  6.16517e-126  
1.84051e+125  5.61593e-126  
2.55723e+125  4.05632e-126  
5.09967e+125  2.07143e-126  
1.25447e+125  8.70292e-126  
1.60824e+125  6.34975e-126  
2.13692e+125  4.86023e-126  
6.47565e+123  1.59672e-124  
1.14753e+125  8.81731e-126  
1.06418e+125  9.51601e-126  
1.36094e+125  7.56761e-126  
1.54442e+125  6.56165e-126  
1.10526e+125  9.32104e-126  
1.43452e+125  7.45956e-126  
1.48464e+125  6.83612e-126  
1.40495e+125  7.56075e-126  
1.00059e+125  1.01363e-125  
1.30082e+125  7.78912e-126  
1.27319e+124  7.934e-125  
1.80122e+125  5.94606e-126  
1.59724e+123  6.49822e-124  
7.33445e+124  1.44247e-125  
1.60612e+125  6.45977e-126  
1.77514e+125  6.13067e-126  
6.89831e+124  1.46651e-125  
1.51073e+125  6.64116e-126  
2.53033e+125  4.18214e-126  
8.5473e+124  1.18449e-125  
4.55648e+124  2.21602e-125  
8.96546e+124  1.18091e-125  
7.97582e+124  1.30964e-125  
1.28817e+125  7.88375e-126  
7.75077e+124  1.32511e-125  
6.33119e+124  1.63316e-125  
1.14701e+125  9.07989e-126  
1.58193e+124  6.41663e-125  
9.46823e+124  1.09241e-125  
7.53907e+124  1.34748e-125  
2.91855e+124  3.4423e-125  
5.811e+124  1.85008e-125  
9.26009e+124  1.127e-125  
8.24193e+124  1.28381e-125  
4.23804e+124  2.38991e-125  
2.3403e+124  4.30203e-125  
2.56627e+124  3.91917e-125  
2.70203e+124  3.75448e-125  
1.7473e+124  5.8191e-125  
6.51469e+124  1.55942e-125  
4.78844e+124  2.12766e-125  
3.18792e+124  3.1438e-125  
