1.04339e-016  1.22508  
22.219  -5.44209e-016  
26.3824  -6.46183e-016  
24.3063  -5.95333e-016  
23.8898  -5.85133e-016  
30.629  -7.50194e-016  
6.54494  -1.60305e-016  
11.2319  -2.75102e-016  
28.1713  -6.89998e-016  
7.02586e-023  1.39913  
8.33492  -2.04147e-016  
7.92132e-023  1.24388  
9.51475  -2.33044e-016  
10.5732  -2.58968e-016  
10.1506  -2.48619e-016  
15.0741  -3.69209e-016  
18.9238  -4.63501e-016  
4.30371  -1.05411e-016  
27.9355  -6.84222e-016  
15.4791  -3.79129e-016  
13.2597  -3.24768e-016  
3.42622  -8.39183e-017  
3.05729  -7.4882e-017  
1.08215e-014  1.01691  
0.592416  0.387799  
0.857411  0.129022  
0.793255  0.178586  
0.669956  0.337147  
1.36538  -1.33768e-017  
0.544422  0.514073  
0.289471  0.763052  
0.33601  0.691569  
1.39188  -2.72729e-017  
2.46678  -4.83349e-017  
1.45221  -2.8455e-017  
1.06712  0.0224448  
2.72149  -5.33259e-017  
0.406234  0.680088  
1.81121  -3.54895e-017  
1.95149  -3.82381e-017  
2.79922  -5.48489e-017  
3.0098  -5.8975e-017  
1.85697  -3.6386e-017  
2.40818  -4.71867e-017  
2.25535  -4.41922e-017  
1.37564  -1.34774e-017  
2.30169  -4.51001e-017  
1.18625  1.45273e-017  
1.33595  -1.30885e-017  
1.26592  -1.24024e-017  
0  1.41595  
1.19722  8.79701e-018  
7.99031e-023  1.25471  
1.21484  8.92649e-018  
0  1.46997  
5.91458e-025  1.43009  
2.66613e-025  1.46994  
19.9675  -1.95626e-016  
15.9149  -1.55921e-016  
18.6627  -1.82842e-016  
0.225814  1.06235  
15.0705  -1.47648e-016  
1.17129  0.036117  
17.8469  -1.74849e-016  
6.49418  -6.36246e-017  
7.35451  -7.20534e-017  
19.2531  -1.88626e-016  
8.7604  -8.58271e-017  
12.485  -1.22318e-016  
0.359593  0.768374  
0.172923  1.08813  
0.979177  0.251729  
16.7692  -1.64291e-016  
4.09228  -4.00927e-017  
17.3842  -1.70316e-016  
1.16747  0.142637  
6.50304e-025  1.42809  
9.48081  -9.28852e-017  
11.9617  -1.17191e-016  
10.0889  -9.88424e-017  
8.27539  -8.10755e-017  
11.6564  -1.14199e-016  
19.8995  -1.94958e-016  
1.59703  -1.56464e-017  
13.4761  -1.32027e-016  
0.714881  0.352539  
0  1.51226  
1.22485  9.00005e-018  
0.424603  0.881007  
0.719268  0.719268  
8.20726e-023  1.28878  
0.235358  1.1911  
1.18232  0.168139  
0.407867  1.09242  
0.777405  0.578424  
1.08227  0.278233  
0.367381  1.13501  
0.875496  0.567957  
1.05748  0.337357  
0.958896  0.416103  
