7.85485e-030  1.49088e-016  2.4348  
4.81522  2.45058e-027  0.00839401  
2.22478e-016  3.63334  2.88175e-017  
1.96222e-005  1.31132  0  
2.43905e-005  4.14485e-036  2.01641  
4.44986  3.22266e-027  0.0458565  
1.9477  0.00121393  6.24233e-021  
2.26866e-008  1.53613  1.19093e-010  
8.87519e-009  2.38974  0.649208  
1.73648e-016  2.83589  0.0569161  
2.07085e-016  3.38195  2.81999e-016  
1.96891e-009  2.51916  0.35897  
1.72628  2.61946e-028  0.815301  
1.4205  0.0247356  4.11249e-020  
1.11769e-029  1.29975e-016  2.12265  
1.9407e-016  3.16941  1.68964e-015  
1.86605e-016  3.04748  3.81357e-012  
0.000188894  5.34172e-033  1.80344  
8.29802e-006  8.09001e-035  1.9933  
1.16228  1.16228  6.87722e-009  
1.81529  0.712119  1.24984e-022  
1.06185e-008  1.40686  0.577793  
1.91475  2.02392e-028  1.09508  
1.09546e-009  1.063  0.937043  
7.78775e-005  1.89275e-024  1.61284  
0.000172232  5.84371e-023  1.46693  
0.0146174  1.26276  1.93787e-022  
0.671175  0.423282  0.702039  
1.9595e-008  1.48953  0.0802016  
1.12001  3.21121e-020  0.722657  
0.134769  0.299529  1.05849  
1.28725  5.88442e-019  0.105372  
0.29454  0.913323  0.479985  
0.478642  9.4334e-030  1.41182  
3.00111e-008  2.39438  4.40618e-011  
0.725995  0.718849  0.249311  
0.08937  1.00928  0.529114  
6.86536e-029  1.05335e-016  1.72026  
0.491672  0.874361  0.131272  
0.785884  0.672318  0.159516  
0.934127  0.374407  0.0656498  
0.837357  0.521474  0.320906  
0.457337  0.763342  0.620814  
0.253087  0.435367  0.902628  
0.0617202  0.804233  0.755764  
1.92833e-029  1.28226e-016  2.09408  
0.589933  0.840024  0.351305  
1.06673  0.00422627  0.445756  
1.34558  1.33425e-026  6.80473e-009  
0.553426  0.767068  0.57601  
0.259789  0.978717  0.0222598  
0.509914  0.353726  0.872231  
0.738146  0.691627  0.0449309  
0.03708  0.293385  1.20367  
0.308135  1.04401e-032  1.76384  
0.807313  0.186851  0.792827  
1.20949  7.88655e-029  1.30557  
0.702145  0.660349  0.363644  
0.623228  0.139726  0.98195  
0.155677  0.92428  0.447109  
0.225127  0.968426  0.403221  
0.439228  0.781099  0.613363  
0.870835  0.0716507  0.684126  
0.648585  0.468861  0.765707  
0.22155  0.467177  0.909378  
0.989633  0.210353  0.085777  
0.0260199  0.549163  1.01912  
0.118003  2.82042e-021  1.33634  
0.11269  0.195438  1.1752  
0.503744  0.606235  0.673713  
0.793149  0.15556  0.804242  
1.00901e-016  5.416e-018  1.65021  
0.156473  0.0105809  1.25894  
0.338158  0.823014  0.577244  
0.92515  0.242459  0.391103  
0.00485802  0.956502  0.574797  
1.22287  0.0001799  0.000481006  
0.208528  0.583338  0.828758  
1.0397  0.336486  0.0115836  
0.197152  0.0151968  1.25376  
0.8309  0.470801  0.435398  
0.419161  0.492936  0.826978  
0.462628  8.63446e-022  1.44126  
1.17252  0.0255762  0.000790846  
0.076357  0.269683  1.14085  
0.824088  0.51321  0.349641  
1.01085  0.0115722  0.212225  
0.311028  0.655859  0.759657  
0.736711  0.66595  0.187424  
0.0800171  0.360462  1.11232  
0.304912  0.965845  0.286773  
0.381537  9.11921e-021  1.29567  
0.898953  0.228514  0.590996  
0.719506  0.539838  0.54961  
0.718089  0.0458223  0.88059  
0.001716  1.04503  0.0148467  
0.06923  0.625643  0.974827  
1.16012  4.35308e-019  0.509484  
0.146312  0.146307  1.13656  
0.958937  0.0988521  0.392499  
