0.999965  0.00037962  
1.78362e-009  1.04411  
0.789398  0.113369  
0.199061  0.565672  
0.325321  0.432853  
0.566702  0.249548  
0.182275  0.576033  
0.546809  0.266112  
0.0848067  0.715819  
0.140891  0.628685  
0.932509  0.0405312  
0.913192  0.0504763  
0.1558  0.610659  
0.805715  0.105861  
0.599905  0.231461  
0.771571  0.126986  
0.39954  0.380186  
0.00638889  0.930414  
0.379772  0.390389  
0.614079  0.218325  
0.109432  0.674099  
0.0113141  0.907916  
0.749364  0.14008  
0.311932  0.454018  
0.944715  0.0320181  
0.101463  0.69736  
0.225253  0.536909  
0.729972  0.145851  
0.821377  0.0974261  
0.662083  0.188325  
0.0750157  0.734843  
0.677407  0.181032  
0.960071  0.023727  
0.877755  0.0699025  
0.458901  0.327011  
1.93764e-009  1.02839  
0.438408  0.355471  
0.499068  0.296644  
0.0457367  0.804492  
0.720569  0.153855  
0.368389  0.395861  
0.0530299  0.775557  
0.025353  0.848885  
0.488201  0.311814  
0.233072  0.521087  
0.00129822  0.980589  
0.519234  0.285264  
0.0482437  0.786525  
0.843599  0.0837203  
0.444248  0.337407  
0.835001  0.0927391  
0.70701  0.16239  
0.0316709  0.838455  
0.210643  0.550163  
0.00271458  0.961617  
0.023215  0.868354  
0.761537  0.132874  
0.11343  0.66392  
0.58479  0.236811  
0.892195  0.0612947  
0.0923954  0.700513  
0.00342837  0.947163  
0.688893  0.17312  
0.350487  0.424721  
0.650717  0.196737  
0.261283  0.494463  
0.335841  0.424779  
0.138066  0.643484  
0.269698  0.485844  
0.479158  0.319217  
0.296002  0.465535  
4.99719e-005  1.00337  
0.0611436  0.760875  
0.901208  0.0581448  
0.161981  0.601708  
0.509016  0.29233  
0.275872  0.476283  
0.536193  0.282176  
0.405223  0.368703  
0.986083  0.0117679  
0.286528  0.471235  
0.579419  0.246241  
0.627947  0.213015  
0.068704  0.741894  
0.245743  0.519813  
0.176265  0.595117  
0.123457  0.652854  
0.0391362  0.817329  
0.70149  0.170675  
0.0359755  0.823735  
0.424172  0.357933  
0.212588  0.54348  
0.305835  0.457908  
0.643937  0.203899  
0.360646  0.41074  
0.54319  0.278194  
0.0634366  0.754062  
0.634651  0.208083  
0.451398  0.332524  
0.97238  0.017687  
