1.11045  8.91924e-013  
0.230384  0.802841  
0.147744  0.889172  
0.920491  0.125317  
0.859174  0.188003  
1.06288  7.88182e-010  
0.872263  0.160089  
0.76344  0.290782  
0.70199  0.350784  
1.21499  8.92758e-018  
0.461624  0.528913  
0.521032  0.498464  
0.390772  0.630756  
1.00224  0.0188945  
8.4733e-021  1.21057  
0.991189  0.0432124  
0.720564  0.32556  
0.80835  0.251656  
0.160435  0.881298  
0.0940705  0.944772  
0.817509  0.227374  
1.11284e-020  1.16379  
0.592215  0.445934  
0.19732  0.862261  
0.956529  0.0729389  
0.602568  0.399587  
0.114658  0.935326  
0.274984  0.802102  
0.833464  0.20957  
0.98111  0.0618379  
0.317829  0.736924  
0.0288935  1.0073  
1.4807e-021  1.22829  
0.869495  0.182052  
0.00770787  1.02345  
0.360544  0.640844  
1.36643e-011  1.06177  
0.0413671  0.991419  
0.767134  0.287934  
1.06617  3.09223e-010  
0.451326  0.564043  
0.335648  0.716401  
0.297621  0.755486  
0.204628  0.838473  
0.0158434  1.00994  
0.0771645  0.952568  
0.970715  0.0673999  
0.0761841  0.963739  
0.929686  0.110304  
0.934979  0.105349  
0.669426  0.363373  
0.858848  0.198513  
0.727802  0.32065  
0.817407  0.24707  
0.0684747  0.979202  
1.69731e-020  1.158  
0.50084  0.513718  
0.0477836  0.986269  
0.120182  0.922084  
0.139672  0.898777  
4.56607e-012  1.12186  
0.478036  0.514825  
0.56993  0.455239  
0.343589  0.699235  
1.11742  2.96025e-016  
2.00417e-020  1.15005  
0.538609  0.457324  
0.654774  0.378269  
5.99837e-023  1.25172  
0.776195  0.265445  
0.598683  0.439789  
0.355426  0.690933  
0.430242  0.575597  
1.34817e-020  1.25323  
1.22925  9.03238e-018  
0.174346  0.964235  
0.974471  0.0766926  
0.317919  0.746649  
1.06515  0.00284896  
0.247002  0.818292  
0.218227  0.870162  
0.0755352  1.01708  
0.603026  0.399891  
0.56148  0.459549  
2.00583e-020  1.151  
0.853424  0.258692  
0.777508  0.279713  
0.529071  0.506154  
0.873646  0.203932  
0.960964  0.160856  
0.366222  0.691438  
0.665898  0.381442  
0.727023  0.354637  
0.46558  0.535446  
1.14096  3.02263e-016  
0.89952  0.174598  
0.0107775  1.09149  
0.482621  0.519763  
0.453649  0.596886  
0.694459  0.377092  
