0.700069  1.08108  
0.982562  0.761244  
12.9844  8.96085e-010  
0.226366  1.99297  
0.25502  1.83773  
5.27461  0.0139105  
3.40498  0.0788475  
0.463348  1.42144  
0.0339617  2.88383  
0.0407491  2.76868  
1.07301  0.670567  
0.867811  0.866963  
0.122498  2.186  
0.0862665  2.43733  
0.722722  1.00737  
2.31653  0.193405  
0.279667  1.77692  
1.1255  0.614189  
6.12058  8.77454e-007  
9.43162e-006  3.60668  
0.702887  1.01316  
1.88386  0.313851  
0.596345  1.16172  
0.00879557  3.20202  
15.4664  1.5822e-016  
1.91022  0.260042  
0.462191  1.45339  
5.06197  0.0467426  
0.48414  1.33963  
0.374266  1.5927  
0.00858879  3.26834  
7.34272  1.19756e-008  
72.7856  1.48666e-019  
2.06657  0.210754  
0.185142  2.02942  
1.72071  0.348494  
0.0904233  2.432  
1.93229  0.250851  
59.3808  5.47368e-018  
0.245706  1.89272  
56.4127  9.09945e-018  
0.214128  1.99343  
0.287543  1.71136  
0.62792  1.13461  
2.88183  0.106616  
0.208896  2.02222  
0.948161  0.782667  
0.0520251  2.68874  
2.54905e-008  4.17158  
0.238923  1.90635  
0.38433  1.53466  
2.50548  0.157547  
1.00692  0.750874  
0.0598681  2.63257  
2.4327e-015  4.48344  
8.8357e-007  3.67179  
1.86406  0.329042  
0.394169  1.48744  
0.0307681  2.96437  
0.0216258  3.02719  
0.177754  2.10999  
0.0182632  3.10872  
0.0725063  2.50874  
0.0077715  3.32401  
0.742413  0.921372  
2.72247  0.146431  
0.0145123  3.15817  
1.51314  0.423074  
0.575876  1.25132  
1.71335  0.372877  
2.13784  0.203634  
0.25688  1.79039  
1.35785  0.492842  
0.412801  1.48358  
1.30351  0.540724  
0.51534  1.29409  
0.000248277  3.50341  
0.00278713  3.4385  
0.911213  0.845557  
0.837157  0.885242  
1.48209  0.457885  
0.433323  1.45618  
0.14443  2.13489  
0.325347  1.62298  
0.282502  1.77261  
1.24349  0.566111  
1.44208  0.467751  
1.6853  0.415038  
0.228018  1.95468  
0.0265167  3.00786  
3.22656e-007  3.7593  
2.87802e-015  5.30417  
36.662  2.03822e-016  
18.8236  2.15548e-014  
13.6434  1.81939e-009  
8.89423  1.57313e-007  
5.89397  0.0465958  
3.68464  0.0853234  
5.39299e-007  3.8477  
2.65497  0.188976  
