0  0.0422649  1.47685  
3.4439  9.62293e-093  4.28271e-069  
2.91276  3.62221e-069  4.50445e-138  
4.19829e-024  0  2.21837  
6.52968e-093  4.61798  2.21903e-067  
2.31097e-052  0  3.55906  
1.10905e-048  0  2.6263  
5.00748e-074  3.93153  4.88911e-069  
2.26332e-087  3.74859  1.16884e-068  
2.13707  2.05261e-092  6.66355e-069  
1.16198e-091  4.29817  2.06536e-067  
2.67111  3.89145e-087  3.3217e-069  
5.56889e-086  2.83532  1.36243e-067  
2.4055  7.50052e-069  2.33872e-137  
0  4.0158e-263  1.99413  
1.18634e-013  1.65386  6.75957e-008  
7.21193e-095  3.42911  1.45907e-065  
0  4.37435  6.78263e-026  
1.28536e-089  3.10863  1.32271e-065  
5.46229e-085  2.47513  1.05316e-065  
7.99914e-068  2.23122  1.07215e-067  
1.77077  3.05514e-070  7.57585e-070  
0  5.06762e-250  1.62321  
1.59315  6.97132e-070  1.71961e-069  
2.49417  1.18552e-094  7.77702e-069  
4.32324e-089  2.68839  1.1439e-065  
0.961738  0.126806  3.9539e-070  
1.96021  0  9.41921e-068  
0.256009  0  1.1661  
3.49886e-011  0  1.79257  
0  2.39314  9.0423e-024  
0  1.45353  6.145e-005  
1.49986  2.54768e-072  4.39935e-069  
0  1.83986  9.53754e-018  
0.803599  0  0.465448  
7.67177e-021  2.09997  8.93528e-066  
0.647341  0.647341  2.75441e-066  
5.77479e-018  0  1.86757  
2.59016e-068  3.25892  4.05268e-069  
8.55666e-038  1.30736  0.000330057  
0.0160548  3.93298e-247  1.06097  
1.88073  0.000435641  2.09334e-071  
0.273705  0.47488  8.74591e-007  
1.43963e-019  1.77777  1.3813e-009  
0.338041  0.28326  0.0251613  
3.29349e-029  2.00106  1.34053e-029  
0.0749345  1.12833e-243  0.986925  
0.528922  0.53457  3.60949e-030  
1.18627e-091  3.42672  1.64661e-067  
1.3638  1.4723e-010  2.32621e-008  
1.10271  0.00176913  0.0923004  
0.454487  1.03668e-009  0.4396  
1.33173  1.19624e-009  0.103283  
0.0926656  0.253898  0.253898  
5.04341e-007  0.692934  0.216827  
3.49098e-006  5.44284e-007  1.37172  
0.000234702  1.4108  1.95419e-010  
7.26667e-073  2.73991  1.31658e-067  
0.718862  0.104788  5.0353e-069  
0.395196  0.0696341  0.0459321  
0.0455704  0.0169864  0.686741  
0.686182  1.71766e-019  0.686182  
9.17506e-023  0.025183  0.934502  
0.034149  0.947629  0.0712539  
2.16884e-025  0.0656541  0.852934  
0.0125133  0.879872  0.0777642  
0  1.19599  0.00823782  
0.527247  0.00107425  0.2842  
0.0327003  0.295905  0.123793  
1.253e-076  1.00894  0.185919  
0.023239  0.412813  0.0832499  
1.22929e-073  0.838831  0.154532  
2.09064e-087  3.14866  1.513e-067  
0.484492  0.161739  0.0147457  
0.135029  0.0810086  0.335261  
8.06466e-019  0.372168  0.519881  
7.98716e-023  0.00379125  1.22981  
0.0979642  2.61414e-007  0.783231  
1.14121  0.0203833  0.0043704  
5.9197e-021  0.000369547  1.51859  
1.3864e-014  0.362329  0.362329  
0  0.379524  0.388041  
3.10454e-012  1.09701  0.00675961  
0.00223904  1.22026  5.19214e-066  
0.568151  0.00564505  0.200782  
0.193845  9.83863e-009  0.794486  
2.46822e-088  3.231  1.55256e-067  
0.00365707  0.771873  0.091457  
0.900971  0.0106197  0.00679822  
1.22946  7.18683e-006  5.37445e-005  
0.029814  1.08303  0.0192897  
0.605047  0.000378837  0.344716  
0.139211  0.517733  0.0235577  
0.105702  0.176427  0.159904  
1.671e-026  0.0377949  1.32685  
4.61244e-030  2.01791  7.4343e-030  
2.99926e-023  0.000551701  1.28313  
0.175784  0.0249349  0.573914  
6.08663e-012  0.202808  0.569999  
1.22412  0.00753849  3.2076e-068  
