0.565653  0.676576  0.547444  
0.94541  0.214875  0.3477  
0.195941  0.943424  0.483471  
0.690446  0.601362  0.453451  
0.183433  0.954524  0.358727  
0.22775  0.494919  0.884721  
0.872968  0.415943  0.313638  
0.792442  0.0869931  0.848161  
0.735311  0.141924  0.890022  
1.42347  0.225419  0.0563262  
0.337319  0.460007  1.24337  
0.561365  0.416533  1.29322  
1.72281  0.832775  0.461862  
0.512722  1.20747  0.989483  
1.86941  0.685144  0.648241  
1.73504  0.466916  0.85856  
0.935322  0.82072  1.50676  
0.934373  1.50591  0.818723  
0.673642  1.1996  1.03705  
0.837563  0.919969  1.18867  
1.38224  0.736679  1.23375  
1.83438  0.758093  0.648035  
0.881808  1.11368  0.987844  
1.10205  1.36213  0.912576  
1.77186  0.512479  0.815849  
1.71  0.871487  0.508891  
0.873261  0.927789  1.17301  
1.79338  0.64867  0.727998  
1.48572  1.14185  0.625996  
1.16445  1.2929  0.928091  
1.03141  1.46205  0.795308  
1.32449  1.28472  0.698877  
1.17877  0.898144  1.30129  
0.932123  0.830321  1.49955  
1.66263  0.983167  0.547792  
1.26252  1.09526  1.06678  
1.62985  0.537711  0.972237  
1.33536  1.15835  0.935682  
0.987276  1.48344  0.809988  
1.46169  0.653057  1.18643  
1.13711  1.33852  0.948313  
1.25091  0.90754  1.2503  
1.59039  1.07314  0.591008  
1.30153  0.747408  1.32843  
1.78589  0.565126  0.78968  
1.33205  1.01918  1.10356  
1.40377  0.974598  1.01886  
1.01198  0.910426  1.40725  
1.41242  0.836955  1.1922  
1.07295  0.883656  1.39058  
1.23581  1.06489  1.15305  
1.35409  1.24893  0.748551  
1.57021  1.05085  0.616219  
1.45595  0.722887  1.13531  
1.29019  1.25235  0.967643  
1.76383  0.772071  0.569275  
1.1452  1.38539  0.775057  
1.51491  0.668875  1.10819  
1.74878  0.54929  0.840403  
1.13421  1.41626  0.819416  
1.0538  1.32763  0.986548  
1.11665  1.38835  0.875392  
1.54835  1.0766  0.607112  
1.68925  0.88254  0.483836  
1.33243  0.691709  1.27216  
1.61942  0.984458  0.539711  
1.55389  0.702541  1.08445  
1.35974  0.917946  1.1617  
1.21175  1.03405  1.17255  
1.23343  0.784262  1.34272  
1.19981  0.767551  1.3676  
1.68971  0.598236  0.886004  
1.31444  1.0477  1.00973  
1.456  1.17433  0.703838  
1.43103  1.19093  0.66787  
1.2715  1.06601  1.09348  
1.75833  0.729444  0.688133  
1.71025  0.484491  0.890836  
1.52418  1.12054  0.632167  
1.56114  0.991099  0.724343  
1.26069  0.793809  1.31519  
1.39056  1.22883  0.714396  
1.56058  0.575812  1.05063  
1.50198  1.12787  0.642064  
1.41613  1.21564  0.744117  
1.62151  0.609971  0.955133  
1.03568  0.846784  1.4303  
1.08157  0.790242  1.45164  
1.28941  1.31424  0.727852  
1.22089  0.743881  1.35611  
1.04841  1.43561  0.830589  
1.66028  0.672295  0.902269  
1.62798  0.965099  0.57197  
1.4311  0.849497  1.08479  
1.60741  0.938098  0.676779  
0.955549  1.44552  0.929271  
1.00306  1.39601  0.935271  
0.998857  0.877225  1.43343  
1.65079  0.837811  0.739269  
1.62021  0.955837  0.656143  
