2.82695  4.22591e-079  0  
1.58569e-016  3.31201e-094  2.58963  
1.46834  0  4.1035e-164  
7.52975e-014  3.48606  2.85798e-015  
4.91586e-033  8.02821e-017  1.31111  
5.1371  5.97538e-080  0  
3.35046  1.67423e-079  0  
1.49585e-015  2.9602  6.83182e-014  
1.05422e-016  2.19956e-017  1.75875  
1.45387e-016  2.37435  1.22562e-013  
2.42528  3.35655e-078  0  
1.13495e-016  1.85351  2.43573e-005  
2.09099e-016  3.41484  7.19141e-014  
1.34115e-011  1.50848  0.00166507  
2.10038  0.41939  0  
7.49706e-016  3.39296e-093  1.48362  
1.80832  0  2.68895e-164  
2.19264  4.21457e-076  0  
1.57905e-010  2.07115  0  
1.83815  0.690171  0  
1.0077e-016  2.39394e-017  1.6915  
3.17138e-010  1.16721  1.07676  
1.88134e-013  2.20488  5.61381e-014  
3.3455e-010  1.38535  0  
0.136812  0.101333  1.0299  
0.426646  0.765374  0.550244  
1.25109  0.00261746  0.189646  
0.249872  0.982308  0.234988  
0.405206  0.858975  0.595551  
1.3721e-005  1.06442  0  
5.17897e-012  1.30285  0.00396842  
1.17781  0.0325248  0.0909924  
0.444718  0.83264  0.486024  
1.16574e-009  1.25305  0  
1.32782e-016  2.16849  2.41158e-013  
0.947144  0.628968  0.143771  
1.21469  1.26864e-005  0.507965  
1.05135  0.000580259  0.439091  
0.352274  0.131362  0.969646  
1.30051  1.83072e-006  0.987292  
0.511116  0.184128  0.869909  
0.164425  1.00833  0.236623  
0.788042  0.275373  0.647136  
0.0353866  0.31166  1.08217  
0.897769  0.0759139  0.489833  
0.323899  0.241729  0.923648  
0.763376  0.805175  0.13446  
0.785422  0.890079  0.048011  
0.0706004  0.437777  0.946885  
1.38697  0.864821  2.5572e-163  
0.576877  0.583629  0.692431  
2.04108e-032  3.33333e-016  1.1767  
0.216288  0.400282  0.89214  
1.43274  0.0143925  0.0118113  
0.102537  0.530882  0.848981  
0.826638  0.479704  0.365203  
1.14155  0.131954  0.219784  
0.293748  0.717523  0.712318  
0.0678913  0.945748  0.324971  
1.33954  0.373838  7.33809e-162  
0.745327  0.909866  0.0732351  
0.996407  0.475581  0.0182041  
3.11842e-016  9.34261e-018  1.10133  
0.926371  0.157302  0.359046  
1.03188  0.0326844  0.344318  
0.654131  0.689948  0.315813  
0.487633  0.788107  0.420019  
0.741181  0.550402  0.390131  
0.56085  0.748187  0.405032  
0.714005  0.595592  0.371086  
0.372355  0.708691  0.825318  
1.09256  0.208233  0.330556  
0.911783  0.0414303  0.747219  
0.68155  0.0443574  0.759502  
0.795525  0.445369  0.430744  
0.752365  0.262906  0.651873  
0.184537  0.757857  0.768364  
1.10795  0.133877  0.0103186  
0.63496  0.669727  0.400324  
0.206117  1.03554  0.0176337  
0.47632  0.842712  0.285634  
0.875605  0.518495  0.273809  
3.41548e-016  8.02573e-018  1.20604  
0.0268684  0.507481  0.893923  
0.283595  0.264096  1.02879  
0.531199  1.0115  0.0289123  
0.606289  0.526527  0.711354  
0.960371  0.339558  0.269666  
1.35796  0.203479  1.43414e-161  
0.763972  0.691303  0.206328  
0.286906  0.93245  0.296748  
0.96336  0.0229495  0.503416  
1.06092e-016  1.14401e-017  1.74266  
0.853113  0.355066  0.412134  
0.194314  0.464513  0.913621  
0.316391  0.265212  0.995289  
0.404234  0.320419  0.857641  
0.31161  0.358678  0.880051  
0.54072  0.217332  0.851362  
0.00935386  0.572065  0.850545  
