0.947291  0.0542326  
0.445713  0.56886  
6.05333e-053  2.60558  
0.548083  0.499038  
7.22783e-049  1.18668  
0.141866  0.904648  
0.327885  0.677192  
0.603503  0.403419  
0.701841  0.310585  
0.0921843  0.912932  
0.37607  0.626708  
0.803655  0.209851  
0.316057  0.701597  
0.625254  0.39108  
0.782534  0.224641  
0.35808  0.664052  
0.872329  0.127824  
0.583242  0.419618  
0.0732046  0.934108  
0.560088  0.441666  
4.75026e-006  1.06003  
0.460567  0.550354  
0.190132  0.810487  
0.061229  0.952669  
0.958056  0.0425966  
0.157273  0.86584  
0.977808  0.0239202  
5.37864e-052  1.88439  
3.23334e-005  1.01317  
0.667179  0.336918  
1.37408e-005  1.04244  
0.554138  0.454511  
0.371684  0.642115  
0.661021  0.345779  
0.856025  0.144087  
0.363257  0.644426  
1.81006e-052  1.96747  
0.756632  0.248976  
0.153412  0.874475  
0.466656  0.545972  
0.271719  0.738239  
0.767198  0.236887  
0.851372  0.151969  
4.24903e-049  1.2107  
0.761102  0.243314  
0.634844  0.373972  
0.577546  0.426876  
0.300608  0.708024  
1.90746  0  
0.00150305  1.01233  
1.84149e-051  1.26118  
7.44505e-007  1.10276  
1.98075e-040  1.16579  
4.16452e-055  3.89566  
3.62718e-055  3.99269  
3.30384e-052  3.23969  
0.29778  0.940609  
1.08388e-053  6.56855  
5.41551e-052  1.89731  
1.87041e-053  3.89947  
1.96251e-048  1.30443  
2.74152e-051  1.79675  
2.35646e-048  1.21053  
4.11169e-040  1.17981  
0.00155468  1.11012  
1.92617  0  
1.27551  0.181409  
1.03382  0.285761  
0.764254  0.49001  
0.913355  0.372605  
0.617552  0.758781  
0.421036  0.805674  
1.23929  0.189482  
1.41747e-050  1.64809  
1.19671e-053  3.97915  
0.516595  0.920199  
5.5283e-051  1.83759  
9.43206e-050  1.69156  
0.335319  0.99583  
0.351462  0.969175  
2.36575e-048  1.2153  
1.87094e-053  3.90059  
7.07574e-052  2.14415  
2.05274e-048  1.34654  
1.54067  0.204866  
1.14474  0.307475  
2.45433  0.00942939  
2.28317  0.0195395  
0.681605  0.836854  
0.0941189  1.16747  
2.65464  0  
3.06749  0  
5.07476e-053  10.58  
1.65596e-052  4.33686  
2.15482  0.386696  
0.533363  0.930953  
1.28658e-051  2.65591  
3.82235e-039  1.24463  
4.66269e-051  2.41692  
0.339381  1.00789  
