0  1.3567  
1.00124  0  
0.172116  0.859704  
0.116585  0.956443  
0.418533  0.616989  
0.0772789  1.05421  
1.86916e-014  1.11456  
1.67535e-026  1.22366  
0.555254  0.450685  
0.354595  0.72545  
0.496465  0.503921  
0.933141  0.111026  
0.454763  0.555856  
0.270364  0.791428  
6.2342e-017  1.13413  
0.852392  0.150982  
0.82065  0.205714  
1.43516e-017  1.21973  
0.105147  0.990389  
0.364695  0.661554  
0.191939  0.824673  
0.0879601  1.04141  
0.31542  0.736526  
0.291786  0.759251  
0.946325  0.0545082  
0.630775  0.378784  
0.224101  0.808996  
0.229933  0.797014  
0.384436  0.636319  
0.72862  0.277247  
0.176025  0.847687  
0.477032  0.524289  
0.602051  0.401368  
0.705889  0.304854  
0.890464  0.111774  
0.300447  0.747296  
0.493597  0.508997  
0.109131  0.973747  
0.375847  0.658386  
0.469129  0.53915  
0.766953  0.233724  
0.779927  0.231316  
0.382022  0.640842  
0.955916  0.0455046  
0.647853  0.358019  
0.561462  0.44021  
0.761538  0.24426  
0.868564  0.133014  
0.876675  0.12405  
0.698035  0.310017  
0.11457  0.960505  
0.804318  0.217339  
0.977278  0.0235794  
0.0794481  1.04714  
0.680139  0.327938  
0.691043  0.317831  
0.741514  0.270365  
0.643782  0.370512  
0.792316  0.227908  
0.591946  0.410017  
0.643576  0.375877  
0.686783  0.321794  
0.584737  0.422092  
0.463845  0.545132  
0.746554  0.263088  
0.813359  0.209168  
0.45832  0.549147  
0.732891  0.272356  
3.71887e-016  1.12198  
0.672077  0.338285  
0.756223  0.250384  
0.59046  0.413969  
0.983253  0.0190475  
0.599558  0.401397  
0.946486  0.0541745  
0.880616  0.119551  
0.67828  0.336372  
0.970783  0.0304534  
0.886346  0.115237  
0.576026  0.42801  
0.862685  0.137425  
0.857275  0.146982  
0.568665  0.435928  
0.987493  0.0145891  
0.802533  0.222904  
0.654259  0.350692  
0.961819  0.0390753  
0.663251  0.345252  
0.664142  0.341543  
0.569998  0.431878  
0.797177  0.22675  
0.859331  0.141022  
0.991033  0.0101581  
0.579289  0.423651  
0.747711  0.256068  
0.65567  0.349356  
0.994311  0.00675204  
0.751368  0.253385  
0.998151  0.00285679  
0.968056  0.0323295  
