3.66375e-169  1.06628  
0.999863  0.000754166  
0.411813  0.364609  
0.197346  0.566164  
0.23645  0.522425  
0.122073  0.659284  
0.929609  0.0408825  
7.0488e-168  1.03335  
0.3666  0.405104  
0.434998  0.351581  
0.588456  0.237888  
0.345901  0.423067  
0.609339  0.229351  
0.701421  0.16626  
0.900976  0.0529455  
0.225109  0.543181  
0.812603  0.102346  
0.180575  0.584731  
0.112541  0.678866  
0.876532  0.068165  
0.00729985  0.938034  
0.247184  0.51076  
0.13249  0.64517  
0.687471  0.179269  
0.156395  0.61832  
5.56011e-006  1.01388  
0.525434  0.283441  
0.0126358  0.894035  
0.898501  0.0549722  
0.0347747  0.843084  
0.743116  0.141487  
0.399432  0.374081  
0.208311  0.557759  
0.000731624  0.993726  
0.0722725  0.738915  
0.852612  0.0790554  
0.094852  0.707552  
0.257799  0.501289  
0.0835515  0.720225  
0.165188  0.60202  
0.384286  0.392733  
0.552964  0.261062  
0.141434  0.637122  
0.10656  0.687476  
0.475024  0.317155  
0.777369  0.121623  
0.390491  0.381471  
0.14751  0.625206  
0.49216  0.306377  
0.656968  0.197642  
0.0252449  0.864382  
0.045606  0.797301  
0.450334  0.334632  
0.618236  0.221863  
0.0367299  0.816033  
0.442077  0.345222  
0.0979107  0.698314  
0.0593732  0.765285  
0.214474  0.545537  
0.335833  0.428056  
0.0264919  0.84543  
0.512033  0.290118  
0.714153  0.160249  
0.322289  0.440214  
0.0550413  0.781016  
0.979891  0.0110844  
0.371898  0.39823  
0.0788272  0.727328  
0.97675  0.0128577  
0.0195605  0.881309  
0.00864511  0.917442  
0.579317  0.247925  
0.275088  0.484037  
0.53604  0.273883  
0.0664479  0.751924  
0.482122  0.310858  
0.464806  0.327609  
0.838048  0.0866381  
0.01047  0.912362  
0.795436  0.111247  
0.786457  0.117699  
0.996832  0.00249222  
0.861632  0.0734184  
0.960309  0.0212584  
0.0516039  0.788125  
0.731818  0.149176  
0.764546  0.129747  
0.667898  0.190397  
0.675978  0.182169  
0.645575  0.201349  
0.0433053  0.813056  
0.29724  0.472158  
0.00259905  0.954317  
0.757385  0.135395  
0.628192  0.215488  
0.00106891  0.977922  
0.0199313  0.872104  
0.00107404  0.971247  
0.501405  0.296818  
0.575853  0.254014  
