8.01115e-018  1.12164  
0.999991  0.000621527  
3.79971e-006  1.00871  
5.7896e-007  1.06447  
0.00345613  0.941994  
0.180055  0.576285  
0.205075  0.548356  
0.464306  0.322151  
0.442308  0.335622  
0.694111  0.167349  
0.111731  0.666461  
0.579575  0.239313  
0.985123  0.0111593  
0.716237  0.154224  
0.156653  0.606963  
0.557908  0.253507  
0.746313  0.137218  
0.0447874  0.788915  
0.0121786  0.890539  
0.00913585  0.909988  
0.168655  0.589969  
0.410934  0.359283  
0.892314  0.0575645  
0.124969  0.652061  
0.96989  0.016086  
0.423527  0.349572  
0.906041  0.0511706  
0.861733  0.0788732  
0.139826  0.626476  
0.069228  0.745585  
0.0802174  0.719569  
0.0739833  0.729607  
0.149961  0.616417  
0.274858  0.477782  
0.650582  0.19403  
0.881733  0.0654223  
0.0359067  0.810901  
0.534723  0.270296  
0.0661571  0.758917  
0.869817  0.0694147  
0.602853  0.225151  
0.434869  0.345393  
0.0886251  0.707139  
0.618056  0.216872  
0.760232  0.131031  
0.730594  0.146114  
0.542468  0.263925  
0.248252  0.507352  
0.401833  0.366571  
0.132673  0.63641  
0.253619  0.496925  
0.487552  0.302628  
0.344407  0.414268  
0.225629  0.525476  
0.103148  0.683639  
0.500861  0.293873  
0.958427  0.0227663  
0.586652  0.235426  
0.318222  0.436619  
0.382589  0.384365  
0.522767  0.277792  
0.596603  0.228407  
0.263768  0.486881  
0.0928393  0.696011  
0.475172  0.312641  
0.81808  0.096181  
0.0566685  0.766495  
0.552487  0.257176  
0.357891  0.405104  
0.105812  0.680461  
0.235726  0.514843  
0.678748  0.176822  
0.663819  0.186304  
0.213503  0.542048  
0.0482314  0.782879  
0.9309  0.0372709  
0.173966  0.584997  
0.0551644  0.773885  
0.0309232  0.828145  
0.511774  0.285428  
0.804211  0.104133  
0.828926  0.0900245  
0.918566  0.046434  
0.684416  0.173002  
0.015342  0.876808  
0.365392  0.39619  
0.1273  0.643698  
0.625669  0.21026  
0.391215  0.37604  
0.0256297  0.844896  
0.638021  0.201473  
0.351288  0.407867  
0.940545  0.0364059  
0.477842  0.309489  
0.844842  0.0817769  
0.0350766  0.81317  
0.494945  0.296907  
0.00645612  0.924193  
0.837531  0.0873153  
0.92043  0.0414465  
