36.9834  -9.05833e-016  
5.24367e-028  1.13922  
25.4315  -6.22892e-016  
28.7858  -7.05048e-016  
23.1199  -5.66274e-016  
12.4884  -2.44703e-016  
16.2692  -3.98481e-016  
24.633  -6.03336e-016  
8.0347  -1.96793e-016  
18.7101  -4.58265e-016  
4.91277  -1.20328e-016  
20.2903  -4.9697e-016  
19.2976  -4.72655e-016  
6.34752e-030  1.22284  
3.89773e-043  1.56223  
14.4898  -3.54897e-016  
13.8666  -3.39634e-016  
4.67269  -1.14448e-016  
4.2696  -1.04575e-016  
1.40409  -3.43904e-017  
1.04721  -2.05195e-017  
0.165601  0.806714  
1.01183  0.100642  
0.561785  0.425201  
8.60932e-044  1.77117  
0.804647  0.169489  
12.7121  -2.49085e-016  
12.9777  -2.54289e-016  
0.865278  0.122938  
3.91551  -7.6722e-017  
0.921326  0.108002  
1.79203e-023  1.01751  
2.32807  -4.56171e-017  
3.59636  -7.04684e-017  
0.778166  0.246874  
4.18022  -8.19086e-017  
0.709592  0.289133  
3.45961  -6.77889e-017  
1.18391  -2.3198e-017  
3.75933  -7.36616e-017  
3.31531  -6.49613e-017  
13.2517  -2.59658e-016  
13.1869  -2.58389e-016  
12.8773  -2.52322e-016  
0.120208  0.859646  
6.23152  -1.22103e-016  
8.29629e-038  1.22679  
0.0955848  0.953325  
5.152e-026  1.08571  
0.721579  0.247852  
2.50155  -4.90162e-017  
0.355624  0.629348  
4.00316  -7.84393e-017  
2.94986e-029  1.20107  
1.17425e-039  1.30019  
2.35949e-040  1.44862  
9.43927e-044  1.94191  
20.0226  -1.96165e-016  
13.3032  -1.30333e-016  
18.872  -1.84892e-016  
19.6913  -1.92919e-016  
17.359  -1.70069e-016  
0.0910481  1.10837  
17.9327  -1.7569e-016  
13.8251  -1.35447e-016  
14.3635  -1.40722e-016  
16.1934  -1.5865e-016  
18.4195  -1.80459e-016  
0.698071  0.465716  
15.6971  -1.53787e-016  
0.254356  0.863884  
12.465  -1.22122e-016  
8.11841  -7.95375e-017  
0.500049  0.646743  
1.015  0.225858  
7.59191  -7.43792e-017  
4.57648  -4.48366e-017  
4.08122  -3.99844e-017  
1.1424  0.0702099  
8.27425e-030  1.67406  
16.8511  -1.65093e-016  
16.6851  -1.63466e-016  
7.10714  -6.96299e-017  
11.9384  -1.16963e-016  
14.8436  -1.45425e-016  
4.87926  -4.7803e-017  
8.96622  -8.78436e-017  
10.0248  -9.82149e-017  
6.65149  -6.51658e-017  
6.13603  -6.01157e-017  
9.55053  -9.35682e-017  
12.4357  -1.21835e-016  
15.3005  -1.49902e-016  
6.54441  -6.41167e-017  
8.56023  -8.38661e-017  
3.23048  -3.16496e-017  
1.47648  -1.44654e-017  
10.7823  -1.05636e-016  
5.9913  -5.86978e-017  
8.45548  -8.28398e-017  
