4.16959e+175  2.75866e-176  
9.25737e+174  1.12237e-175  
7.71634e+174  1.44239e-175  
4.9489e+174  2.28023e-175  
3.8445e+174  2.91637e-175  
2.69089e+174  4.43366e-175  
3.50021e+174  2.97879e-175  
2.39419e+174  4.63322e-175  
2.20958e+174  4.97526e-175  
1.79085e+174  6.25276e-175  
1.92564e+174  6.10027e-175  
1.47752e+174  7.3236e-175  
3.72196e+174  2.96343e-175  
1.23156e+174  8.99716e-175  
1.40656e+174  7.5978e-175  
8.92028e+173  1.1706e-174  
1.0994e+174  1.00842e-174  
7.46099e+173  1.4659e-174  
9.67868e+173  1.16714e-174  
1.02474e+174  1.15319e-174  
4.9428e+173  2.12854e-174  
5.56907e+173  1.86662e-174  
6.1537e+173  1.77891e-174  
6.73412e+173  1.61814e-174  
6.88106e+173  1.58366e-174  
4.32669e+173  2.57522e-174  
4.21611e+173  2.59159e-174  
3.81884e+173  2.8943e-174  
2.3442e+173  4.55138e-174  
3.71784e+173  3.06469e-174  
3.40091e+173  3.15803e-174  
2.12335e+173  4.90229e-174  
2.56093e+173  4.42352e-174  
2.91721e+173  3.68659e-174  
3.16297e+173  3.42984e-174  
3.08028e+173  3.48715e-174  
2.82059e+173  3.81506e-174  
3.33534e+173  3.17046e-174  
1.645e+173  6.53412e-174  
2.01533e+173  5.44629e-174  
1.90951e+173  5.48742e-174  
1.52051e+173  6.92053e-174  
1.1392e+173  9.52518e-174  
1.74222e+173  6.25384e-174  
1.81592e+173  5.89389e-174  
2.67504e+173  3.83184e-174  
1.45795e+173  7.27937e-174  
1.27336e+173  8.43773e-174  
1.24163e+173  9.19613e-174  
2.67069e+173  3.95549e-174  
1.38079e+173  8.15755e-174  
9.89344e+172  1.08508e-173  
7.26642e+172  1.4485e-173  
1.06559e+173  9.91804e-174  
1.38554e+173  7.52231e-174  
1.06113e+173  1.03476e-173  
6.03374e+172  1.83383e-173  
6.61172e+172  1.59459e-173  
7.907e+172  1.37846e-173  
7.53764e+172  1.38723e-173  
9.50989e+172  1.11481e-173  
8.71711e+172  1.23712e-173  
6.31623e+172  1.72217e-173  
9.09383e+172  1.18605e-173  
1.21736e+172  8.93665e-173  
8.29464e+172  1.25669e-173  
4.5112e+172  2.36663e-173  
1.57562e+172  6.63206e-173  
5.61716e+172  1.88573e-173  
4.81509e+172  2.19237e-173  
5.41046e+172  1.98078e-173  
8.22138e+172  1.29966e-173  
8.83359e+172  1.19971e-173  
3.92749e+172  2.66815e-173  
5.22133e+172  2.03208e-173  
4.18402e+172  2.52368e-173  
1.25519e+173  8.5204e-174  
3.21146e+172  3.2089e-173  
3.82055e+172  2.72296e-173  
4.3919e+172  2.39518e-173  
6.56601e+172  1.69545e-173  
1.8602e+172  5.63498e-173  
9.27884e+172  1.11887e-173  
3.65788e+172  2.93647e-173  
1.99496e+172  5.53559e-173  
2.79153e+172  3.81034e-173  
2.67802e+172  4.10519e-173  
2.90104e+172  3.61964e-173  
4.92949e+172  2.14243e-173  
4.24514e+172  2.45993e-173  
9.97839e+171  1.08627e-172  
5.61494e+172  1.94524e-173  
3.37666e+172  3.20715e-173  
3.0799e+172  3.43805e-173  
8.54569e+171  1.28523e-172  
5.06424e+172  2.07443e-173  
4.40832e+171  2.47335e-172  
9.27269e+172  1.17337e-173  
3.00979e+172  3.53638e-173  
3.41573e+172  3.17103e-173  
