2.71858e-007  1.03485  0.0282738  
0.162957  0.0101366  1.11722  
1.17106  0.500029  2.44748e-008  
0.643918  0.5653  0.538235  
0.589517  0.485791  0.660479  
0.192844  0.945821  0.277588  
0.367856  0.651132  0.696834  
0.93488  0.195794  0.31616  
0.0834508  0.802983  0.599038  
0.889061  0.0654579  0.758548  
0.414293  0.873231  0.271206  
0.83668  0.288195  0.496817  
0.906279  0.0385917  0.47921  
0.787388  0.234477  0.827689  
0.87589  0.104125  0.777503  
0.780853  0.24067  0.607719  
0.545911  0.846624  0.0369599  
0.440005  0.776272  0.477665  
0.066656  0.219817  0.988283  
0.0334591  0.7336  0.692652  
0.277234  0.173737  0.979136  
0.159294  0.267552  0.963904  
1.04198  0.513923  0.152449  
1.06019  0.49067  0.0961352  
0.919037  0.711939  0.114129  
1.31838  0.212697  0.0347405  
1.89428  0.708361  0.79321  
1.92705  0.693529  0.787302  
1.76976  0.839525  0.700312  
0.515466  0.874096  1.2376  
0.890276  0.348609  1.13784  
0.560353  1.26068  0.806151  
1.14945  0.231871  0.952741  
1.76762  0.736788  0.805908  
1.17106  0.494758  0.835805  
1.96068  0.81846  0.682939  
1.07245  0.585108  1.08146  
1.11391  0.838606  0.919924  
1.922  0.775849  0.719273  
1.03394  0.667156  1.08363  
0.768924  1.28505  0.574213  
1.2507  0.87089  0.214812  
1.09201  1.00838  0.773056  
1.80413  0.481632  0.854512  
0.852235  0.904844  1.02345  
0.761906  0.536094  1.14389  
1.03361  0.710129  1.04149  
0.668209  1.0516  1.20481  
0.981688  1.13059  0.890645  
1.80118  0.660993  0.810183  
0.751471  1.18731  0.982376  
0.693302  0.846851  1.16506  
0.970752  0.902439  1.13662  
0.65501  1.19792  1.02765  
1.90962  0.709253  0.758997  
0.706743  1.12046  1.09987  
1.92673  0.790362  0.691282  
1.02  1.06153  0.906287  
0.673457  1.0397  1.22786  
0.821324  1.02954  1.10973  
0.822373  1.01101  1.12518  
0.746578  1.50841  0.682818  
0.744183  0.679369  1.504  
2.08074  0.679413  0.647006  
2.0318  0.494056  0.771502  
2.00286  0.605654  0.669884  
2.05163  0.731705  0.566017  
1.89319  0.726878  0.786893  
1.76703  0.76545  0.778229  
1.88991  0.866174  0.5527  
1.98584  0.720844  0.803754  
1.80892  0.502415  0.845489  
0.932579  1.50651  0.820243  
0.851154  0.760668  1.50925  
0.743805  1.15247  1.17986  
1.77007  0.892695  0.402562  
1.6336  1.06463  0.536154  
1.57156  1.11192  0.501362  
1.49529  0.74463  1.09649  
1.44766  1.23322  0.670523  
0.89654  1.4308  0.861619  
1.85106  0.852003  0.781914  
1.66834  0.622372  1.00475  
1.59952  0.675401  1.16761  
1.06409  1.29458  1.04027  
1.3723  1.3274  0.732535  
0.850745  0.760698  1.50832  
1.40706  0.680639  1.24709  
1.71931  1.02524  0.595747  
1.76345  0.717718  0.881936  
1.48962  1.0536  0.965713  
1.39677  1.25932  0.636029  
1.8055  0.584625  0.924763  
1.72723  0.563622  0.938427  
1.3073  0.775269  1.38275  
0.965646  1.46945  0.854333  
1.31737  1.37366  0.841023  
1.2652  1.19457  1.01751  
1.54791  1.08856  0.930656  
1.89347  0.783897  0.811602  
