1.60319  0.625047  
7.00009  0.14286  
6.88763  0.145193  
1.68975  0.594181  
6.03822  0.165627  
3.48365  0.291373  
4.09999  0.244383  
6.7384  0.148404  
3.38268  0.302617  
2.6053  0.386389  
2.52512  0.400311  
1.99407  0.502108  
2.88524  0.35165  
2.35056  0.429346  
6.16101  0.162574  
6.47888  0.154357  
4.00552  0.25012  
2.44075  0.420349  
4.17663  0.240437  
5.82859  0.17176  
3.3347  0.305195  
2.30823  0.435533  
1.94994  0.513546  
6.31561  0.158883  
3.6935  0.271815  
5.76903  0.173347  
2.66233  0.378172  
2.07341  0.484099  
5.71326  0.175041  
4.33075  0.232222  
3.05638  0.329857  
3.14494  0.32819  
4.38449  0.229094  
6.25345  0.15992  
3.24043  0.317052  
4.4356  0.225747  
3.16538  0.326194  
3.25742  0.308461  
2.9657  0.340304  
6.42258  0.155793  
2.48227  0.417579  
2.80909  0.35941  
3.75503  0.269287  
2.70979  0.373269  
3.04288  0.339846  
4.88462  0.204761  
2.15081  0.474872  
5.0692  0.19782  
4.27516  0.23443  
4.94128  0.202445  
6.96773  0.144033  
3.88806  0.260501  
4.71682  0.2127  
2.75738  0.371479  
3.55737  0.281759  
5.02088  0.199352  
2.94425  0.346082  
2.24753  0.448334  
6.56506  0.152439  
3.63694  0.278254  
4.48786  0.224454  
5.6571  0.177601  
4.52019  0.221368  
5.62712  0.177729  
4.6685  0.215324  
1.74925  0.57193  
3.54938  0.283633  
4.97971  0.200955  
4.636  0.216191  
1.89848  0.527853  
3.83205  0.263407  
5.90325  0.169402  
5.11711  0.195957  
1.82831  0.552862  
5.57419  0.179416  
5.97657  0.167324  
4.81377  0.208613  
5.14454  0.194433  
4.84515  0.206849  
1.77287  0.564172  
2.23534  0.454404  
5.43367  0.184547  
3.92219  0.25607  
6.67435  0.149828  
5.46701  0.183729  
1.8512  0.541143  
2.09608  0.478095  
6.7107  0.149022  
5.55154  0.180139  
5.30138  0.188745  
2.79007  0.359984  
4.5689  0.219189  
5.34755  0.187059  
6.37081  0.157021  
3.64257  0.276573  
4.23248  0.237936  
5.2053  0.192148  
2.18886  0.460677  
3.791  0.266211  
1.88737  0.533027  
