2.05554e-007  1.4364  
7.6847e-015  10.1734  
2.45585e-006  1.42289  
0.74241  1.268  
0.865497  1.15189  
3.80029e-007  1.43007  
0.851887  1.15764  
7.33904e-008  1.43934  
3.05551e-006  1.42012  
9.78166e-007  1.42778  
9.10984e-006  1.41124  
2.58035e-013  1.49262  
6.71831e-006  1.41363  
1.2885e-011  1.45261  
1.51141e-005  1.40275  
7.09245e-006  1.41306  
1.32752e-006  1.42716  
1.04209e-005  1.40839  
1.39665e-006  1.42551  
1.72557e-007  1.43811  
4.60163e-008  1.44323  
2.1721e-006  1.4234  
5.57872e-008  1.44284  
1.76674e-005  1.40221  
9.43208e-007  1.42975  
1.96873e-010  1.44559  
1.20094e-005  1.40746  
2.88352e-013  1.47522  
2.90963e-013  1.46208  
6.40291e-006  1.41386  
3.92956e-006  1.41928  
1.26604e-005  1.40696  
4.68393e-006  1.41622  
6.54218e-008  1.44571  
1.46865e-005  1.40715  
5.50285e-006  1.41704  
4.14759e-006  1.42041  
5.17864e-006  1.41875  
9.70113e-007  1.42982  
1.29104e-011  1.45547  
3.44365e-010  1.44728  
2.25237e-008  1.44603  
2.84143e-006  1.42376  
8.95594e-007  1.43139  
1.53068e-005  1.40324  
7.01304e-008  1.4456  
2.41726e-006  1.42661  
1.48967e-006  1.42865  
2.63656e-013  1.52513  
8.81569e-006  1.41323  
6.94198e-006  1.41659  
1.05421e-005  1.41176  
7.48548e-006  1.41393  
7.34197e-008  1.43991  
5.88361e-008  1.44573  
3.51019e-007  1.4385  
2.00726e-006  1.42845  
3.22278e-006  1.42372  
3.91555e-006  1.42206  
3.89439e-007  1.43396  
1.2661e-005  1.40818  
2.91392e-013  1.46424  
5.26169e-006  1.41788  
2.71267e-008  1.44596  
2.92334e-013  1.46897  
5.34156e-006  1.42203  
1.33888e-005  1.40821  
8.23926e-007  1.43442  
7.97405e-006  1.41444  
1.49399e-005  1.40803  
5.96078e-007  1.43637  
6.33486e-007  1.43528  
4.48706e-006  1.42246  
4.80803e-006  1.42212  
2.31083e-010  1.45625  
1.30867e-006  1.43224  
1.18364e-005  1.41183  
1.3645e-006  1.43029  
4.37929e-009  1.44866  
6.39789e-006  1.41751  
5.82633e-009  1.44741  
2.99312e-006  1.42439  
1.85416e-006  1.42953  
9.79198e-007  1.4324  
1.56609e-005  1.40557  
2.51552e-008  1.44663  
9.48367e-007  1.43272  
2.86272e-006  1.4251  
1.76797e-007  1.44027  
2.82799e-006  1.42666  
1.20267e-007  1.44092  
2.42121e-006  1.42894  
5.39287e-006  1.41801  
2.68165e-013  1.55122  
1.7767e-005  1.40522  
1.02392e-007  1.44108  
6.11664e-010  1.45015  
7.70547e-006  1.41734  
7.36161e-008  1.44376  
3.82271e-007  1.43851  
