0.30364  0.579079  
0.530342  0.0106123  
0.292751  0.641195  
0.666813  0.00946025  
0.307858  0.549628  
0.0875517  0.99487  
0.567346  0.0101948  
1.00468  4.89119e-024  
0.319927  0.488269  
0.147139  0.9842  
0.102341  0.993311  
0.1397  0.985143  
0.136234  0.985835  
0.334656  0.153444  
0.333421  0.196915  
0.432871  0.0155741  
0.954342  0.00254797  
0.289044  0.665664  
0.337566  0.102294  
0.149042  0.954953  
0.181966  0.924282  
0.407845  0.0284861  
0.935877  0.00365208  
0.397639  0.0322089  
0  1.00162  
0.251055  0.808259  
0.244444  0.83161  
0.161469  0.954055  
0.33626  0.146443  
0.178345  0.951504  
0.214586  0.888615  
0.0353164  0.997495  
0.12119  0.989276  
0.0316034  0.99918  
1.01328  1.98788e-025  
0.130554  0.98792  
0.031083  1.00024  
0.110096  0.992271  
1.01066  9.74929e-025  
0.115634  0.991952  
0.107704  0.992351  
0.0950868  0.99342  
1.01885  1.53803e-027  
0.0925519  0.994371  
1.00782  3.34166e-024  
0.0736414  0.996431  
3.34906e-005  1.0005  
2.24416e-005  1.00065  
1.01271  6.68073e-025  
1.02077  1.54093e-027  
0  1.0021  
1.00036  0.0338733  
0.973333  0.125972  
0.0878828  0.995382  
0.241889  0.933328  
0.169349  0.976202  
0.67953  0.166462  
0.902689  0.140145  
0.831543  0.156329  
0.871204  0.148027  
0.944187  0.129723  
0.618798  0.169113  
0.203054  0.961122  
0.717583  0.166121  
0.306327  0.80617  
0.260061  0.903744  
0.562927  0.17343  
0.347428  0.336066  
0.757511  0.164057  
0.27324  0.887448  
0.341534  0.371948  
0.0447456  0.999689  
0.31764  0.770078  
0.598532  0.16959  
0.289433  0.863505  
0.333149  0.572124  
0.332084  0.603034  
0.334961  0.499738  
0.294017  0.840737  
0.46763  0.18891  
0.79651  0.161173  
0.329955  0.625591  
0.325721  0.691205  
0.388425  0.236788  
0.339895  0.417774  
0.328921  0.653346  
0.337412  0.44362  
0.321161  0.726173  
0.447728  0.195486  
0.339927  0.395208  
0.0631288  0.999224  
0.312473  0.778946  
1.01037  4.7483e-024  
2.24592e-005  1.00144  
0.365843  0.302587  
0.353188  0.31111  
0.783993  0.16237  
0.372688  0.27489  
0.407346  0.220943  
0.491747  0.185622  
