36.7763  -9.0076e-016  
6.42096e-009  2.41316  
9.28497e-009  1.00002  
29.0232  -7.10863e-016  
29.7278  -7.28121e-016  
5.83128  -1.42825e-016  
15.2266  -3.72943e-016  
0.463758  0.623115  
3.8651  -9.46676e-017  
14.5186  -3.55602e-016  
6.28578  -1.53957e-016  
4.48147  -1.09764e-016  
0.100079  0.899664  
32.2898  -7.90873e-016  
23.8972  -5.85313e-016  
36.2493  -8.87852e-016  
23.3266  -5.71337e-016  
18.9455  -4.64031e-016  
31.9126  -7.81633e-016  
22.5897  -5.53287e-016  
5.25927  -1.28815e-016  
23.1282  -5.66477e-016  
27.8798  -6.82858e-016  
20.7108  -5.07268e-016  
12.5356  -3.07035e-016  
27.1468  -6.64906e-016  
7.52832  -1.84391e-016  
28.4632  -6.97149e-016  
11.1869  -2.74e-016  
33.347  -8.16765e-016  
31.5248  -7.72135e-016  
18.0035  -4.40958e-016  
9.27135  -2.27083e-016  
7.14186  -1.74925e-016  
0.608953  0.424238  
31.2413  -7.65192e-016  
32.749  -8.02118e-016  
19.5451  -4.78718e-016  
24.9956  -6.12216e-016  
15.5902  -3.81851e-016  
24.1381  -5.91213e-016  
20.4116  -4.9994e-016  
16.1552  -3.95688e-016  
14.3081  -3.50448e-016  
28.3372  -6.94062e-016  
0.725385  0.253176  
0.905426  0.142415  
21.4956  -5.26491e-016  
34.3029  -8.40179e-016  
25.8331  -6.3273e-016  
8.14326  -1.99452e-016  
1.64778  -4.03591e-017  
22.3746  -5.48019e-016  
36.6819  -8.98449e-016  
13.932  -3.41234e-016  
8.79126  -2.15324e-016  
10.7939  -2.64373e-016  
12.1921  -2.98621e-016  
21.7462  -5.32628e-016  
13.3172  -3.26176e-016  
9.9184  -2.42931e-016  
8.46067  -2.07227e-016  
33.8659  -8.29475e-016  
30.8945  -7.56697e-016  
11.6213  -2.8464e-016  
21.1359  -5.17681e-016  
25.3575  -6.21079e-016  
6.71731  -1.64527e-016  
3.11035  -7.61816e-017  
32.727  -8.0158e-016  
16.3036  -3.99323e-016  
17.3321  -4.24514e-016  
30.1449  -7.38337e-016  
17.6676  -4.32732e-016  
11.4713  -2.80966e-016  
34.8267  -8.53009e-016  
26.2299  -6.42447e-016  
16.6472  -4.0774e-016  
1.92999  -4.72711e-017  
35.0746  -8.5908e-016  
33.8094  -8.28092e-016  
10.2043  -2.49934e-016  
5.08314  -1.24501e-016  
35.5712  -8.71244e-016  
27.5588  -6.74997e-016  
3.46311  -8.48218e-017  
9.70544  -2.37715e-016  
18.3185  -4.48673e-016  
11.956  -2.92837e-016  
2.99937  -7.34635e-017  
7.83838  -1.91985e-016  
24.4992  -6.00057e-016  
12.9137  -3.16293e-016  
33.4448  -8.19162e-016  
16.7743  -4.10853e-016  
22.0597  -5.40308e-016  
15.5435  -3.80706e-016  
1.39201  -3.40944e-017  
4.74894  -1.16315e-016  
35.8887  -8.7902e-016  
