0.602022  0.542035  
0.790573  0.298318  
0.00750531  1.00552  
0.176644  0.928086  
0.300016  0.836606  
0.115266  0.961483  
0.80398  0.283663  
0.826756  0.253924  
0.714264  0.398209  
0.769646  0.325533  
0.920998  0.116167  
0.352517  0.790829  
0.229348  0.892803  
0.322169  0.817424  
1.49101e-010  1.43862  
4.7594e-008  1.30575  
2.04969e-010  1.42404  
2.11534e-013  2.6506  
1.16973e-015  2.76412  
1.94051e-014  2.72817  
4.58625e-017  2.82882  
0  2.89718  
0.798069  0.497504  
0.843241  0.328103  
0.420913  0.801901  
0.30879  0.881767  
0.34319  0.835336  
0.606747  0.609996  
0.988803  0.252064  
4.22748e-010  1.55845  
0.258711  1.39319  
8.9628e-006  1.4884  
0.221734  1.40348  
0  2.91475  
1.20827e-015  2.83465  
0  4.4242  
3.37615e-017  4.26856  
1.69422e-016  4.14869  
3.21856e-018  4.28984  
0.322725  1.01161  
0.469524  0.900604  
0.99798  0.835975  
0.100076  1.97213  
2.02753e-016  3.49  
4.58666e-014  3.38231  
3.23499e-016  3.4746  
0.00420056  2.65958  
6.25898e-014  3.37739  
1.65779e-014  3.4074  
6.23208e-015  3.45512  
9.37737e-015  3.44501  
2.02753e-016  4.14696  
5.59138e-017  4.2837  
3.89691e-017  4.28947  
7.11077e-018  4.29654  
3.61537e-018  4.35526  
0.628963  1.16731  
0.510526  1.29916  
0.825273  1.00563  
0.331414  1.41027  
8.90719e-014  3.39403  
1.23738e-015  3.48821  
7.47761e-017  4.28211  
1.75472e-016  4.20922  
0  4.44705  
4.3722e-020  4.74092  
1.38322e-020  4.92136  
0  4.94804  
2.02753e-016  4.22531  
0.412007  1.9081  
0.00420056  4.03997  
0.709969  1.79919  
0.897335  1.71688  
0.805865  1.76394  
0.584106  1.85664  
0.937341  1.61236  
0.516106  1.86311  
0.44363  1.90315  
2.84072e-015  4.10023  
7.21381e-018  4.35598  
3.61537e-018  4.42783  
4.98492e-014  4.06388  
1.65665e-014  4.65493  
4.3722e-020  4.84173  
2.03218e-018  4.79341  
4.94021e-018  4.77386  
0  4.95102  
2.21135e-013  4.63642  
2.5624e-014  4.65112  
0.0041746  4.60489  
1.64065e-016  4.73728  
3.28146e-015  4.6854  
0.00153304  4.6102  
0.206003  4.0445  
2.9903e-014  4.64078  
0  4.97109  
0.653972  4.61293  
0.206003  4.61617  
4.58666e-014  4.64663  
0.149757  4.63368  
