1.24226  0  
0.221684  0.781956  
1.20322e-098  1.06042  
1.00044  7.78188e-011  
0.0578675  0.950263  
0.328224  0.673097  
0.444006  0.56432  
0.362402  0.650235  
0.808066  0.202162  
0.392334  0.61235  
0.410494  0.595955  
0.438319  0.575599  
0.49519  0.512358  
0.0569109  0.951129  
8.78868e-132  1.19099  
1.10567  1.84131e-015  
0.86065  0.140143  
1.46919e-006  1.04175  
7.41993e-132  1.60866  
0.666123  0.33469  
0.075295  0.930465  
0.571311  0.429221  
0.186297  0.819455  
0.686232  0.316911  
0.0950231  0.916708  
0.893513  0.107079  
0.97039  0.0297453  
0.0967429  0.914256  
0.470067  0.537938  
0.0684087  0.938832  
0.963306  0.0369774  
0.660751  0.34147  
0.784794  0.216748  
6.93109e-132  1.72993  
4.26765e-006  1.00836  
0.548259  0.475232  
0.0989471  0.908578  
0.107344  0.899567  
0.281912  0.72107  
0.418397  0.59269  
0.421186  0.586733  
1.68169e-006  1.0317  
0.170092  0.836544  
1.99735e-110  1.13489  
2.8021e-106  1.12168  
5.41964e-129  1.17456  
2.74498e-132  1.74453  
6.34145e-133  1.77574  
1.049e-132  2.75053  
1.43428e-132  1.89203  
7.14341e-130  1.24928  
2.38706e-125  1.20895  
4.76007  0.00118741  
3.24978e-126  1.22586  
4.71893e-131  1.62614  
8.5518  0  
0.220233  0.836008  
1.00059  0.203722  
0.676722  0.436413  
1.14616  0.176459  
1.48385e-006  1.05215  
0.0896919  0.977826  
0.5404  0.531635  
0.381814  0.785062  
0.447028  0.591033  
0.669498  0.505257  
1.13224  0.197324  
0.47322  0.541546  
0.213741  0.911245  
0.35895  0.811277  
0.422415  0.645605  
0.13612  0.921468  
6.73956  4.86709e-006  
3.3854  0.00881995  
4.7154e-128  1.22672  
7.68196e-132  1.62767  
6.8377  4.07904e-006  
3.81418e-132  2.06978  
1.76557e-132  2.29456  
3.82952e-132  2.01079  
1.16287e-132  3.25627  
8.14526e-132  1.72584  
1.2067e-131  1.63416  
8.80448  0  
7.68752  5.99644e-006  
3.57491  0.00931399  
2.89623  0.26378  
5.65992e-132  1.98828  
0.563182  0.584975  
3.27476  0.178544  
3.06013e-129  1.53699  
0.429478  0.685643  
0.23423  0.838312  
4.0125e-112  1.21712  
0.15229  1.04198  
5.79534e-129  1.25598  
0.210202  0.93782  
0.163129  0.977125  
0.498997  0.643108  
0.224647  0.852764  
