0.999791  0.00044933  
0.867994  0.0738376  
0.645497  0.205818  
0.94036  0.0324056  
7.12952e-009  1.0005  
0.560558  0.255745  
2.78695e-019  1.53771  
0.831544  0.115131  
0.503501  0.30419  
0.903679  0.0531461  
0.484916  0.311978  
0.533779  0.275681  
1.60576e-016  1.19639  
0.92941  0.0393588  
0.595202  0.235766  
0.277135  0.479684  
0.0311433  0.823677  
0.513074  0.285928  
0.321321  0.434566  
0.39871  0.375984  
0.422329  0.363731  
0.611007  0.228517  
0.293875  0.464069  
0.0539867  0.767876  
0.503608  0.302329  
0.424674  0.349084  
0.00407568  0.936236  
0.00038541  0.987541  
0.0200234  0.858874  
0.0598741  0.756413  
0.0352783  0.81276  
0.377684  0.394469  
0.17001  0.587961  
0.0184681  0.866692  
0.13484  0.634409  
3.50378e-015  1.02585  
0.0102677  0.89927  
0.181172  0.575563  
0.214266  0.538872  
0.596531  0.235031  
0.388597  0.383333  
0.615338  0.220161  
1.07184e-018  1.22183  
0.157266  0.604574  
0.00227667  0.952714  
0.139765  0.626201  
0.365168  0.398671  
0.219342  0.533156  
0.015863  0.879897  
0.3095  0.444239  
0.524422  0.283377  
0.0772188  0.722993  
1.15384e-018  1.20127  
0.0499163  0.777827  
0.0881303  0.704525  
0.239776  0.510851  
0.364242  0.401948  
0.00804184  0.912113  
0.0385147  0.803979  
0.18781  0.566701  
3.10691e-019  1.49419  
0.506885  0.299719  
0.705968  0.200124  
3.51298e-020  1.69401  
0.252465  0.503494  
0.384132  0.390632  
0.119843  0.657956  
2.32385e-015  1.17582  
0.109528  0.670889  
0.0817863  0.717179  
0.228318  0.532157  
0.00195098  0.956499  
0.100788  0.685838  
0.202354  0.551212  
0.0014941  0.966561  
0.493517  0.308186  
0.721053  0.183236  
0.499104  0.307738  
0.735215  0.175591  
1.81236e-019  1.63827  
4.85632e-020  1.78298  
0.958503  0.151273  
0.697118  0.216976  
1.15384e-018  1.26909  
8.35725e-020  1.70797  
0.556911  0.27624  
0.244114  0.530522  
0.171016  0.681216  
0.316598  0.48242  
0.473589  0.360494  
2.32385e-015  1.18523  
1.2818e-014  1.04882  
0.0684215  0.836684  
0.101793  0.770574  
0.0259787  0.887162  
0.142174  0.724219  
0.367435  0.426316  
0.443279  0.387484  
0.00378176  0.9769  
0.38554  0.400507  
