23.6019  -5.7808e-016  
2.39821e-027  4.93905  
14.6281  -3.58286e-016  
11.0501  -2.70649e-016  
8.04722  -1.971e-016  
10.07  -2.46644e-016  
6.28039  -1.2306e-016  
3.79517  -9.29548e-017  
6.64371  -1.30179e-016  
3.87158e-026  3.92291  
1.35952e-022  2.22107  
4.64173e-024  3.21544  
1.02354e-025  3.23791  
2.61346e-019  1.79668  
5.45816e-021  2.11863  
0.335224  0.682929  
8.42988e-019  1.51979  
0.437058  0.567858  
0.931938  0.116328  
7.28644e-017  1.25638  
0.534579  0.532958  
1.98978e-018  1.43751  
0.261276  0.768696  
0.805546  0.299771  
0.726776  0.357975  
1.04284  0.0188775  
0.918246  0.22927  
0.652057  0.489539  
0.891043  0.28464  
0.161379  0.904973  
0.693891  0.41411  
0.130743  0.9629  
0.00133021  1.04165  
3.15043  -3.85816e-017  
3.0644  -3.75281e-017  
2.93432  -3.5935e-017  
0.254412  0.863087  
1.32175e-016  1.13244  
3.70112  -7.25211e-017  
0.217547  0.868681  
0.0654949  1.0267  
1.41303  -1.73046e-017  
1.50335  -1.84107e-017  
0.664354  0.459565  
1.62582  -1.99106e-017  
1.11543  0.00697343  
3.4121  -4.17861e-017  
0.000328858  1.11355  
1.14528  1.12205e-017  
3.27315  -4.00845e-017  
2.47758  -3.03416e-017  
3.23593  -3.96287e-017  
1.82247  -2.23188e-017  
3.08501  -3.77804e-017  
1.05475  0.014716  
3.34711  -4.09903e-017  
1.76989  -2.16749e-017  
2.07881  -2.54581e-017  
2.04293  -2.50187e-017  
2.26103  -2.76897e-017  
0.106745  1.00653  
1.56414  -1.91552e-017  
3.32948  -4.07743e-017  
1.31564  -1.6112e-017  
2.19448  -2.68747e-017  
1.19918  -1.46857e-017  
3.45099  -4.22624e-017  
2.12439  -2.60162e-017  
3.58425  -4.38944e-017  
1.68488  -2.06339e-017  
1.94463  -2.38149e-017  
0.0993784  1.00743  
1.91541  -2.3457e-017  
3.63822  -4.45553e-017  
1.99929  -2.44842e-017  
2.69757  -3.30357e-017  
1.21641  -1.48967e-017  
1.67064  -2.04594e-017  
3.48302  -4.26547e-017  
2.91882  -3.57452e-017  
1.27201  -1.55777e-017  
3.65278  -4.47337e-017  
2.42594  -2.97092e-017  
2.65504  -3.25149e-017  
1.73633  -2.12639e-017  
1.25878  -1.54156e-017  
1.37179  -1.67996e-017  
3.53607  -4.33043e-017  
1.88423  -2.30752e-017  
2.43369  -2.9804e-017  
2.37732  -2.91138e-017  
2.8399  -3.47787e-017  
2.33983  -2.86546e-017  
2.56266  -3.13836e-017  
2.71465  -3.32449e-017  
2.87629  -3.52244e-017  
2.52089  -3.0872e-017  
2.14644  -2.62863e-017  
2.16905  -2.65632e-017  
2.82135  -3.45515e-017  
