0.325241  0.40307  
0.0551101  0.996027  
0.313047  0.521602  
0.808674  0.00837889  
0.00371274  1.00119  
0.446861  0.0152394  
1.08476  3.14625e-025  
2.41643e-162  1.07428  
5.59834e-164  1.32668  
0.342175  0.083031  
0.356353  0.0544883  
3.64711e-169  2.45419  
0.288116  0.694096  
2.13528e-011  1.00303  
0.331116  0.288312  
1.49023e-005  1.00203  
0.250381  0.797321  
0.127013  0.990039  
3.80577e-163  1.28385  
6.84032e-143  1.00832  
0.7864  0.0088729  
0.320977  0.457125  
5.52262e-167  2.15972  
0.594965  0.00992856  
0.249459  0.828855  
0.0858025  0.994677  
0.564754  0.0100695  
1.20623e-166  1.85831  
3.69859e-153  1.02865  
0.939967  0.00347363  
1.25321e-166  1.84147  
0.875694  0.00680919  
1.82256e-164  1.34627  
1.07273  3.81841e-021  
0.00144067  1.00153  
0.167181  0.955076  
0.042071  0.997588  
1.14343e-012  1.00336  
1.00923  9.9231e-018  
0.200996  0.904058  
0.236952  0.834864  
0.177044  0.927715  
1.15963e-154  1.04673  
1.02182  1.4396e-018  
0.229529  0.862319  
0.236317  0.847639  
0.0373213  0.998572  
6.33976e-157  1.05384  
0.169657  0.947811  
0.149919  0.956984  
0.151261  0.956833  
1.25833e-008  1.00222  
1.00666  1.96326e-015  
1.01826  2.31262e-018  
0.0308617  1.00043  
7.36388e-144  1.02655  
6.8563e-143  1.00622  
1.79064e-154  1.04168  
0.131325  0.98795  
1.47674e-165  1.70461  
6.08681e-014  1.00376  
3.39156e-165  1.5486  
1.57576e-162  1.23817  
2.10505e-162  1.19509  
1.2287e-143  1.00878  
1.02736  2.54008e-020  
3.61926e-169  3.29793  
5.81172e-157  1.05403  
1.17586e-166  1.9514  
1.03002e-143  1.01305  
1.29227  1.28899e-022  
9.75442e-169  2.75429  
4.7775e-167  2.67301  
5.64489e-167  2.21196  
2.38093e-166  1.84617  
1.0344e-166  2.1871  
0.811298  0.1617  
0.616273  0.172955  
0.334445  0.512963  
1.51679e-165  1.81616  
3.00177e-164  1.42811  
3.45991e-165  1.57981  
2.32094e-162  1.20929  
1.6973e-163  1.33236  
0.115351  0.996288  
0.327763  0.680844  
1.10785  3.9434e-021  
1.26735  8.74094e-022  
0.179387  0.972337  
0.301837  0.826637  
0.32532  0.707084  
1.0802e-164  1.57665  
0.499466  0.184666  
0.98796  0.083425  
0.339425  0.412707  
0.540042  0.177443  
0.000850571  1.00323  
0.942197  0.114223  
0.99994  0.0361053  
1.02471  9.64024e-018  
