0.410363  0.0364115  
0.208242  7.98616  
2.3154e-023  9.94803  
0.471459  0.0354089  
33.0752  2.93198e-046  
0.265851  0.999993  
0.366082  0.999961  
0.304664  0.999985  
0.0472783  9.28785  
0.0842905  8.85315  
0.00466534  9.62607  
11.9929  2.47004e-025  
0.193437  8.04353  
0.0464724  9.46943  
2.77383e-024  9.99837  
0.125553  8.72777  
4.73024e-036  10.3765  
36.963  1.833e-048  
3.84801e-036  11.9521  
10.9549  1.46243e-020  
2.37178e-039  12.2318  
3.305e-040  13.1156  
0  17.7261  
3.37406e-047  14.1844  
1.3583e-047  15.8458  
11.6924  1.77436e-022  
10.1704  0.0205203  
16.8798  4.11555e-037  
12.1416  4.03733e-030  
23.7063  1.21866e-043  
18.3012  1.98407e-037  
13.5219  7.3886e-032  
24.8029  1.27503e-043  
19.0968  3.80151e-037  
16.9408  4.13042e-037  
13.1976  2.31825e-028  
33.1578  2.93931e-046  
12.2052  3.72141e-025  
11.563  1.5436e-020  
11.9676  1.81619e-022  
11.4373  6.98909e-005  
7.25096e-047  14.7861  
6.47315e-039  12.8581  
11.1367  0.000123579  
0  19.0468  
0.368089  4.49699  
0.380685  2.90679  
0.321288  5.94034  
0.416397  2.53688  
0.446245  1.26435  
2.95044e-025  10.4764  
0.348914  5.23359  
0.156718  8.76124  
0.357845  5.05685  
0.323405  5.90113  
0.908194  0.505268  
0.0913418  9.14906  
1.01233  0.209948  
1.47676e-047  17.2278  
0.748418  0.600627  
0.0808149  9.39437  
0.116599  8.93034  
0.597487  0.681078  
0.0469995  9.57683  
0.477664  1.04904  
0.454502  1.17554  
0.00509868  9.63689  
2.74959e-039  14.5107  
1.16851  1.14217  
17.8814  4.35975e-037  
13.1155  0.0414271  
13.3738  1.00472e-022  
26.0878  1.34108e-043  
25.0393  1.47656e-038  
14.4116  6.11073e-027  
17.7517  1.53186e-035  
17.6612  4.1177e-029  
16.5158  2.03958e-027  
8.82101e-036  17.325  
0.0072371  16.471  
13.7988  7.73897e-023  
11.9082  0.252304  
0  27.264  
4.69759e-040  17.8209  
14.0598  1.35107e-023  
33.3639  2.95758e-046  
4.27024  0.688259  
0.596046  8.1411  
0.641484  1.371  
4.63856e-048  19.1536  
5.95774e-005  16.5376  
26.4978  1.36216e-043  
0  27.9374  
0.984005  11.5271  
19.26  9.64284e-037  
0.0113545  17.206  
1.34431e-045  21.5846  
1.01788  3.49618  
8.95733  0.829848  
4.7245  1.01132  
