3.84499  1.63603e-065  3.34891e-128  
3.22653e-041  0  1.83315  
1.84544e-036  2.02831  5.86534e-056  
0  1.53321  5.0852e-037  
0  8.05801e-025  3.99411  
3.39305  1.63043e-067  2.33964e-113  
8.41767e-154  1.54216e-207  3.1579  
2.46254  9.6254e-060  3.99962e-109  
0  6.56773e-023  2.63094  
2.13621  4.14128e-063  4.45308e-106  
1.97782  7.73076e-060  8.4679e-101  
1.30712  4.33533e-037  5.3122e-064  
1.60959e-115  2.11772e-156  2.3184  
1.68896  0  2.01021e-016  
1.56666  0  6.77091e-009  
2.64337e-054  1.96367e-073  2.0298  
4.52526e-055  1.65173e-019  1.76637  
0.995642  0.491452  0.0161555  
0  2.17242e-009  2.1999  
1.40947e-005  0.358858  1.17958  
0.183986  1.02959  0.0582638  
1.83391e-052  3.71699e-019  1.56801  
1.13479  1.14438e-015  1.14438e-015  
0.0117677  0.510718  0.911992  
0.879963  0.0099634  0.171926  
0.352873  0.186927  0.40191  
1.104  0.00248896  0.321796  
0.0623443  0  1.38293  
0  1.06518  0.635187  
0.323129  0.251223  0.506975  
0.806303  0.00579173  0.395771  
0.222012  0.925756  0.0273222  
0.0339228  1.39044  0.0249944  
0  0.750862  0.750758  
0.523443  3.35852e-006  0.987943  
0.0614364  0  1.49041  
0.137827  0.720111  0.203022  
0  8.05297e-009  1.91476  
0.615934  0.154486  0.154486  
0.78261  0.225272  0.135752  
0.441564  0.0697264  0.482493  
0.664615  6.76559e-006  0.460321  
0.795284  2.50321e-007  0.802254  
0.115006  0.307222  0.618203  
0.467376  0.217975  0.217975  
0.0294263  0.092869  1.09447  
1.0449  0  0.456159  
0.00296484  0.863217  0.257666  
1.0716  0.66711  3.34489e-005  
0.0596007  1.30479  0.0030461  
0.00817442  0.572549  1.04727  
6.5635e-093  0.131253  1.21812  
0.0969357  1.1366  0.0862839  
1.59717  3.87726e-037  1.08813e-078  
0.958108  0.0035372  0.279127  
0.0401435  1.68815e-005  1.15384  
5.43031e-080  0.54847  1.06014  
0.737462  0.588302  0.00162707  
0.296556  0.800769  0.062591  
0.00901348  0.763645  0.609458  
0.41381  0.0838302  0.557569  
0.145319  0.107777  0.95066  
0.323038  0.504139  0.542367  
1.6806  1.05939e-051  1.14531e-088  
0.951748  0.812644  0.000601854  
0.241237  1.17621  3.34632e-008  
0.207928  1.45733  5.41324e-006  
0.0834737  0  1.30939  
0.889719  0.879123  1.53416e-022  
0  1.55469e-022  2.26613  
1.07734  0.337743  1.17352e-027  
0.740529  1.25506e-008  0.953081  
0  1.03522e-008  1.86998  
0.599139  0.621868  0.0223514  
0.154451  1.13825  0.0829983  
7.54445e-006  1.46481  4.85836e-037  
0.111948  1.21248  0.00496597  
0.925776  1.90001e-006  0.788876  
7.08165e-053  4.27197e-019  1.33576  
0.297431  1.29541  2.80047e-008  
0  1.74671e-008  1.54139  
0.450552  0.903437  2.11719e-005  
0.265517  1.29624  6.17283e-010  
0.56219  1.08665  2.34498e-008  
0.567709  3.94125e-006  0.567707  
0.391708  1.09049  0.0152198  
0  0.630458  0.756457  
0.380645  1.10471  6.88642e-007  
0.494564  1.13744  1.27916e-007  
0  9.06653e-008  1.28232  
0.448416  1.25089  6.38101e-010  
0.37888  1.15131  1.8199e-006  
0.207373  1.2474  3.29226e-005  
0.573638  1.07112  1.9513e-008  
0.0163565  0.000302997  1.25041  
2.50793e-054  3.80986e-073  2.28546  
0.00168491  0.601865  0.76631  
0  1.2215  0.0353541  
0.932545  0  0.771502  
0  1.16649  0.0434015  
