0.0488862  3.7758e-033  3.77306  
3.80079e-033  0.299691  2.88355  
5.50265e-033  5.50265e-033  5.87043  
1.20857  1.20857  0.000793109  
1.27541  0.0260106  2.41089  
0.487064  1.23541  0.840861  
5.33692e-033  1.84806e-027  5.69363  
1.07178e-031  5.00776e-033  5.34246  
4.81683e-033  6.91983e-025  5.13878  
4.57084e-033  1.72222e-023  4.87634  
0.194418  0.0202773  3.35122  
0.378823  0.89035  1.28272  
0.0169046  2.71795e-023  4.25601  
1.00009  1.00689  0.110491  
0.0243157  0.0753247  3.85111  
0.00320942  1.05447e-018  4.43278  
0.0769143  0.130547  3.20487  
4.36411e-033  3.99102e-020  4.65579  
4.09456e-033  0.272967  3.94898  
0.303401  1.08608  1.50672  
0.506806  1.05359  0.671094  
4.466e-033  2.91062e-020  4.7645  
0.0584169  0.168893  3.54315  
0.983408  1.01786  0.227481  
2.15099e-006  8.62273e-019  4.55468  
0.423394  1.55362e-006  3.08541  
0.297466  5.17412e-029  3.65747  
0.909614  0.610963  0.732432  
0.604271  0.370937  1.18959  
0.962604  0.0423831  2.25056  
1.00337  0.951632  0.382728  
1.52997e-029  0.24756  3.61352  
0.0449745  3.98809e-033  4.18694  
0.223396  0.0141583  3.02473  
0.692538  0.315978  1.42109  
1.05563  0.474863  0.589608  
3.83645e-033  9.46779e-013  4.09287  
0.592748  0.548757  1.07898  
0.08242  0.273034  2.8069  
0.17688  0.403232  2.6779  
0.869404  0.500754  1.12685  
0.266894  0.444995  2.12803  
0.628095  0.936522  0.840308  
0.179191  0.0205391  3.4589  
0.460608  0.818526  0.980944  
0.248022  2.09851e-007  3.7541  
0.656384  0.180715  1.67843  
0.941565  0.00269896  2.50939  
0.317252  1.6132e-006  3.48446  
1.04622  1.0464  0.0144306  
0.986817  1.00934  0.316586  
1.14622  0.219233  1.32117  
0.139318  0.980419  1.58315  
0.767097  0.742424  0.764698  
1.15846  0.203496  1.39909  
0.477701  0.798623  0.925529  
0.0158484  0.777612  2.74147  
0.817204  0.742373  0.894059  
1.04961  0.629855  0.449354  
1.19107  0.118411  1.79827  
0.153138  0.626038  1.76498  
0.240409  7.09251e-005  3.16395  
0.406776  1.17057  0.851746  
0.535232  0.199901  1.8489  
1.05293  0.0275253  1.9589  
0.00063856  4.19541e-033  4.47486  
0.116984  0.683235  2.3011  
0.413267  0.192834  2.37885  
0.980397  1.04518  0.264485  
0.20789  0.527273  2.16656  
0.808449  0.143326  2.32353  
0.180167  1.1509  1.56373  
0.790874  0.00818311  2.44656  
0.105299  1.03338  2.02126  
0.396158  0.416567  1.91085  
1.11487  0.121405  1.65258  
0.898913  3.45293e-009  2.85943  
1.12707  0.58716  0.556437  
1.18466  0.10019  1.87469  
0.356098  0.369216  2.08764  
0.47622  0.00113337  2.95979  
9.08775e-028  4.5476e-033  4.85155  
1.84699e-028  4.94864e-033  5.27939  
0.582916  1.12029  0.538659  
4.90368e-033  1.05389e-026  5.23143  
0.617482  1.06329  0.509153  
1.15431  0.148581  1.60728  
0.68414  0.559608  1.02925  
0.829642  1.10287  0.412958  
0.0344723  0.00663032  4.03138  
0.113298  0.706373  2.09347  
1.08448  0.334333  1.00253  
0.99026  0.422825  1.15821  
0.680854  1.03388  0.482817  
0.20068  0.217279  2.53077  
1.02998  0.338017  0.798693  
0.85239  0.574983  0.796398  
0.0752982  1.05695  2.20947  
4.8473e-033  4.86096e-026  5.17129  
0.720464  3.18226e-005  2.66356  
