3.3386e-146  1.12078  
0.376302  0.643564  
0.516056  0.499135  
1.29865e-171  7.19709  
0.894782  0.105545  
0.543757  0.481242  
4.00488e-192  7.34005  
0.192555  0.828704  
0.859171  0.143584  
0.0652967  0.94319  
3.0088e-194  7.39926  
0.284601  0.798518  
3.45507e-180  7.33637  
2.60306e-127  1.06245  
7.85128e-157  1.24009  
5.12089e-165  3.42836  
2.84222e-189  7.33641  
5.00564e-164  3.42705  
2.6379e-154  1.23249  
8.68668e-170  6.93997  
6.67148e-169  6.92091  
9.99908e-170  6.92107  
4.31568e-194  7.38142  
1.56144e-172  7.20951  
1.26458e-181  7.33638  
1.45082e-150  1.19307  
4.52783e-147  1.16139  
1.28216e-142  1.08332  
0.714034  0.429475  
5.11245e-171  7.05329  
4.30913e-171  7.06728  
6.28092e-170  6.98809  
0.191509  0.914166  
3.24042e-170  7.05257  
3.66375e-189  7.33641  
7.51783e-192  7.33844  
5.04889e-194  7.37433  
6.06367e-194  7.35884  
6.67941e-194  7.35118  
2.60244e-189  7.33719  
6.4592e-192  7.33866  
5.10081e-181  7.33638  
1.03738  0  
1.03738  0.0325664  
7.31001e-192  7.33855  
1.01225e-193  7.34033  
1.76871e-190  7.33811  
1.04208  0  
4.91912e-191  7.33873  
4.41573e-194  7.42006  
1.82058e-180  7.33638  
4.57788e-190  7.33813  
1.22395e-192  7.3416  
1.03888  0.0326136  
5.59101e-194  7.4015  
1.47829e-193  7.34231  
1.48333e-191  7.34102  
3.77665e-191  7.33952  
1.73568e-180  7.3364  
3.30637e-190  7.33863  
1.29919e-193  7.38943  
2.80536e-172  7.33637  
7.34107e-189  7.33647  
4.18395e-189  7.33669  
1.41039e-180  7.33641  
9.99928e-170  6.92121  
6.29622e-165  3.4716  
1.63635e-162  3.42713  
2.98176e-144  1.13359  
0.331887  0.847222  
1.50974e-154  1.2565  
0.906136  0.193491  
0.525392  0.592663  
0.444369  0.722272  
3.31175e-156  3.42696  
6.04535e-165  3.48108  
3.59531e-154  1.2434  
1.5557e-191  7.34066  
1.09696e-170  7.10223  
1.26554e-144  1.16834  
3.70445e-189  7.33752  
8.76173e-194  7.39341  
4.47981e-194  7.45456  
1.04224  0  
6.79757e-165  3.55924  
0.997206  0.218834  
1.03111e-169  6.92665  
1.00333e-170  7.33637  
1.03915  0.0326219  
1.29921e-193  7.38955  
6.808e-194  7.40778  
1.63257e-193  7.34331  
1.27864e-193  7.39934  
4.32453e-191  7.33995  
2.50165e-191  7.3432  
4.82391e-189  7.33682  
4.65902e-190  7.33938  
4.91963e-191  7.3395  
6.0015e-180  7.33638  
1.82693e-171  7.33637  
