0.0358956  0.475085  
1.275e-007  1.21349  
0.619545  0.0320673  
7.22681e-116  11.6587  
3.58599e-099  4.05553  
0.0703542  0.0848191  
5.27304e-008  1.4873  
0.402144  0.0361876  
0.854513  0.0158085  
0.0414104  0.13754  
0.156147  0.0402906  
3.63627e-099  4.02463  
0.0994222  0.0470509  
0.923803  0.00836319  
0.0550657  0.110126  
16.8  5.49026e-010  
50.6928  2.34147e-029  
27.0057  8.39946e-017  
33.1667  2.19868e-023  
2.35118e-007  1.15611  
7.83166e-008  1.30053  
1.11142e-007  1.21684  
6.49367e-008  1.40019  
0  15.9365  
0  16.3268  
34.2395  2.2698e-023  
18.7378  6.12351e-010  
3.22551  0.0695945  
29.664  9.22627e-017  
6.33938e-023  13.9793  
6.6199e-008  8.70384  
6.93635e-008  1.41326  
5.10115e-008  8.84933  
1.00216  0.114366  
0.14054  1.04097  
2.48805e-007  1.19001  
0.203411  1.01143  
0.383965  1.00155  
0.999994  0.257373  
0.999952  0.399373  
1.17056e-007  1.28378  
8.86202e-008  1.37242  
0.533393  0.999908  
0.999999  0.179673  
0.472893  1.0006  
0.430378  1.00096  
0.594454  0.99951  
0.721493  0.996157  
1  0.141248  
1.26402e-007  1.22211  
0.680265  0.997936  
0.988688  0.760549  
0.999583  0.570018  
0.794809  0.968572  
0.632801  0.99929  
0.999846  0.478084  
0.996605  0.704218  
0.666374  0.99867  
0.999933  0.41104  
0.999791  0.507278  
0.779548  0.981727  
0.999892  0.447588  
0.751892  0.99269  
0.993537  0.736226  
0.999689  0.54094  
0.980633  0.780061  
0.900956  0.804157  
0.824103  0.843469  
0.998096  0.674907  
0.85658  0.815574  
0.99939  0.595745  
0.616667  0.999352  
0.817255  0.861563  
0.880009  0.807555  
0.831068  0.834493  
0.805276  0.895509  
0.995232  0.722115  
0.80346  0.914525  
0.99871  0.651014  
0.999768  0.525965  
0.998978  0.632556  
0.869406  0.810551  
0.999881  0.457263  
0.79972  0.951304  
0.974706  0.789576  
0.810907  0.8687  
2.38388e-007  1.2002  
0.767275  0.987552  
0.918619  0.803625  
0.924911  0.802649  
0.998335  0.665749  
0.99918  0.619033  
0.999276  0.608465  
0.843433  0.823766  
0.842213  0.82466  
1.27983e-007  1.21809  
0.942162  0.802424  
0.802568  0.926682  
0.76002  0.988817  
0.966358  0.794736  
