1.27775  -2.38995e-015  23.1242  
12.5052  -7.77489e-016  7.52267  
0.950535  0.150261  7.23953e-015  
0.00224813  -9.98888e-017  0.966484  
0.00269922  1.09789  1.70545e-012  
5.24168  -2.18384e-015  21.13  
5.20362  -1.30145e-015  12.5923  
10.9289  -7.33035e-016  7.09255  
4.61171  -1.15394e-015  11.165  
4.68147  -9.28616e-016  8.98491  
8.18424  -4.34776e-017  0.420671  
11.4741  -4.91731e-016  4.75779  
0.0186583  -7.96664e-016  7.7082  
5.522  -1.59346e-016  1.54176  
0.0843252  -7.57006e-016  7.32448  
1.58568  -5.93802e-016  5.74539  
7.87062  -4.76297e-017  0.460846  
3.81239  -2.59497e-016  2.51079  
0.526736  0.385317  0.0919299  
2.89925  -2.82053e-016  2.72903  
4.47455  -1.74569e-016  1.68906  
6.35842  -8.59993e-017  0.832095  
3.71347  -2.93462e-016  2.83942  
1.91546  -1.87173e-016  1.81102  
4.11639  -2.08027e-017  0.201279  
4.01403  -3.33399e-016  3.22583  
6.62248  -1.40494e-016  1.35936  
0.146401  0.860527  0.00131613  
0.555818  -6.17022e-016  5.97005  
0.625321  0.572541  8.60874e-013  
4.41626  -2.46882e-016  2.38873  
5.35905  -4.44999e-017  0.430563  
1.77689  -5.1093e-016  4.94356  
0.619594  -6.51138e-016  6.30015  
8.02349  -6.30698e-017  0.610238  
5.81383  -1.30471e-016  1.26238  
1.4792  -4.73303e-016  4.57949  
0.201252  -4.53983e-016  4.39255  
1.662  -5.24172e-016  5.07168  
6.19853  -6.17317e-017  0.597291  
3.62926  -1.96391e-016  1.9002  
0.742117  -5.69655e-016  5.51175  
4.52537  -3.03994e-016  2.94133  
7.19393  -1.20847e-016  1.16927  
0.792708  0.131296  0.0313248  
3.07995  -4.16839e-016  4.03317  
4.27878  -3.97948e-016  3.85039  
0.523382  0.253296  0.253296  
6.10574  -1.17626e-016  1.1381  
2.04552  -1.50046e-016  1.45179  
0.418979  -5.79186e-016  5.60397  
2.58536  -5.33327e-016  5.16025  
1.22926  -5.15513e-016  4.9879  
0.28277  0.968582  8.41109e-012  
0.0437182  -7.13788e-016  6.90633  
1.69852  -6.31612e-016  6.11122  
7.10061  -8.14232e-017  0.787818  
3.18436  -2.53161e-016  2.44948  
1.34957  -6.74513e-016  6.52632  
5.68847  -1.40594e-016  1.36033  
4.18041  -3.74151e-016  3.62014  
2.1358  -3.87872e-016  3.7529  
0.331684  -6.66803e-016  6.45172  
1.41229  -4.82915e-016  4.67249  
5.09473  -2.19664e-016  2.12538  
2.60039  -4.47123e-016  4.32618  
7.74042  -7.5207e-017  0.727672  
6.97567  -9.4895e-017  0.918165  
0.466495  -4.3873e-016  4.24498  
6.91987  -1.33783e-016  1.29443  
3.7551  -3.38919e-016  3.27924  
0.364784  -5.03184e-016  4.86861  
5.97068  -1.14933e-016  1.11205  
0.140261  0.988847  0.00155982  
3.27226  -3.64984e-016  3.53144  
0.0433462  -7.00615e-016  6.77886  
5.0342  -1.48544e-016  1.43725  
7.52353  -9.86448e-017  0.954448  
2.98798  -3.81709e-016  3.69326  
3.37135  -1.90521e-016  1.84341  
7.35742  -1.20198e-016  1.16299  
1.00768  -4.88902e-018  0.0473042  
3.28148  -3.11797e-016  3.01682  
0.323426  0.645447  0.645447  
7.38981  -1.0607e-016  1.02629  
4.97016  -3.26342e-016  3.15755  
1.13892  -2.23919e-016  2.16655  
2.66478  -5.37966e-016  5.20514  
2.18971  -4.62609e-016  4.47602  
8.12055  -5.97909e-017  0.578513  
1.33493  -2.32328e-016  2.24791  
6.47851  -1.10955e-016  1.07355  
0.51098  -6.29437e-016  6.09018  
7.67518  -9.08491e-017  0.879019  
5.64551  -3.61103e-017  0.349389  
0.0150314  -6.42926e-016  6.2207  
0.342512  0.314866  0.314866  
5.88129  -5.98426e-016  5.79013  
3.14994  -4.26311e-016  4.12482  
0.671499  0.37071  1.78607e-014  
