0.241023  -2.73557e-015  26.4683  
0.150503  0.981744  0.0268189  
1.16196  0.288981  4.0392e-028  
24.3598  -4.23873e-016  4.10122  
3.18917  -2.08861e-015  20.2086  
21.1622  -4.13906e-016  4.00479  
0.760226  0.049393  0.276392  
1.37085  -2.69944e-017  0.261187  
10.0673  -1.04138e-015  10.0759  
2.15421  -1.42796e-015  13.8164  
15.4057  -7.52289e-016  7.27884  
4.49396  -1.97368e-015  19.0966  
10.9847  -1.2152e-015  11.7578  
2.82208  -1.79253e-015  17.3438  
6.0811  -6.58785e-016  6.37414  
9.68432  -1.92562e-016  1.86315  
20.6953  -4.08131e-016  3.94891  
6.48452  -1.47305e-015  14.2526  
2.74792  -1.67584e-015  16.2147  
15.1423  -7.18914e-016  6.95592  
0.502541  -5.86404e-017  0.567381  
3.31858  -1.11809e-016  1.08182  
11.4011  -9.15283e-016  8.85591  
6.68939  -1.38125e-015  13.3644  
17.7657  -4.49827e-016  4.35235  
12.3376  -9.51323e-016  9.20462  
0.948837  -7.26021e-017  0.702469  
9.44277  -1.84935e-016  1.78936  
4.26271  -1.32884e-015  12.8574  
5.36728  -1.41006e-015  13.6431  
0.357647  -1.53622e-016  1.48639  
18.2173  -3.91369e-016  3.78673  
10.392  -8.79759e-016  8.51219  
19.8894  -3.89009e-016  3.7639  
17.2338  -3.91598e-016  3.78895  
3.92813  -2.07539e-015  20.0807  
2.5147  -1.60693e-015  15.548  
13.756  -2.70995e-016  2.62204  
1.74091  -6.0812e-016  5.88393  
19.4996  -3.82463e-016  3.70056  
10.8101  -1.16181e-015  11.2412  
16.9373  -3.43182e-016  3.32049  
10.5162  -1.18251e-015  11.4415  
3.71355  -1.91032e-015  18.4835  
3.77662  -2.0365e-015  19.7043  
6.29414  -1.65015e-015  15.9662  
5.12397  -7.08948e-016  6.8595  
20.2795  -4.18562e-016  4.04983  
3.31071  -1.53839e-015  14.8849  
4.87807  -1.4538e-015  14.0664  
2.39456  -1.35199e-015  13.0813  
16.1178  -5.33141e-016  5.15846  
3.78704  -1.94813e-015  18.8493  
7.53267  -1.74776e-015  16.9106  
5.78509  -1.6185e-015  15.66  
17.6007  -4.32945e-016  4.189  
9.59547  -1.09123e-015  10.5583  
8.86042  -8.36429e-016  8.09296  
3.49571  -1.99464e-015  19.2993  
3.06588  -1.82641e-015  17.6716  
8.78139  -1.11883e-015  10.8253  
14.5012  -5.6186e-016  5.43634  
11.6972  -7.74152e-016  7.49038  
5.68386  -1.25621e-015  12.1546  
7.84399  -1.85212e-015  17.9203  
7.34116  -1.51092e-015  14.6191  
7.24786  -1.88713e-015  18.2591  
13.5852  -1.14347e-015  11.0638  
8.50777  -1.27573e-015  12.3435  
14.3203  -8.15824e-016  7.89359  
16.6306  -4.02982e-016  3.89909  
4.13735  -2.01096e-015  19.4573  
15.5902  -3.31243e-016  3.20498  
13.2961  -7.81672e-016  7.56314  
7.6815  -1.83905e-015  17.7939  
20.9811  -4.1189e-016  3.98529  
13.4479  -4.88872e-016  4.73013  
18.4208  -3.60509e-016  3.48814  
2.25895  -1.51678e-015  14.6757  
14.5119  -6.88986e-016  6.66635  
9.08851  -1.24383e-015  12.0348  
0.232856  -1.32025e-016  1.27742  
4.75279  -9.06806e-016  8.77389  
7.42003  -1.00629e-015  9.73649  
1.81265  -3.97587e-016  3.84689  
7.37801  -1.56644e-015  15.1563  
4.98095  -1.30856e-015  12.6611  
8.03143  -6.41017e-016  6.20222  
0.838067  -2.21028e-016  2.13857  
7.54079  -1.28792e-015  12.4614  
11.6189  -3.05062e-016  2.95166  
6.25283  -2.01763e-015  19.5218  
3.95216  -9.37275e-016  9.0687  
11.8995  -2.38474e-016  2.30738  
15.8237  -8.01061e-016  7.75074  
14.909  -6.14469e-016  5.94535  
15.474  -3.22252e-016  3.11798  
2.94931  -5.42624e-016  5.25021  
20.1379  -4.15638e-016  4.02154  
5.46233  -1.23903e-015  11.9884  
