2.41025  2.41025  6.18143e-103  
6.73458e-033  1.79496  3.63985  
1.94751e-032  1.94751e-032  20.7768  
0.786206  6.84181e-033  5.96146  
1.81821e-028  6.80239e-030  19.8276  
8.39514e-005  9.34634e-033  9.96956  
7.33809e-033  5.18821e-013  7.82855  
4.02479e-030  1.0924e-028  17.8605  
6.61626e-027  1.52412e-026  14.9831  
1.33726e-027  8.05356e-023  13.3123  
1.00745e-032  5.87066e-014  10.7479  
6.17411e-027  8.89186e-028  15.9388  
5.49179e-026  8.38104e-022  11.9239  
1.27378e-027  1.22623e-026  15.2662  
1.92791e-032  1.31299e-030  20.5676  
6.74088e-028  3.94703e-026  16.6707  
1.42116e-027  2.3822e-028  17.4542  
2.25499  2.25499  1.0471e-102  
1.40064e-029  7.61661e-026  16.5916  
1.90873  1.90873  0.002315  
0.0937344  0.0113378  6.8286  
0.000470341  0.100322  6.40042  
1.35432e-026  6.31739e-024  12.186  
1.14077  0.235611  3.30615  
7.16247e-033  0.768029  6.22198  
1.0127  0.116746  4.48007  
0.356092  1.1451  1.3061  
7.32749e-019  9.88539e-033  10.5461  
0.763279  0.121918  4.77614  
0.0421408  0.416833  5.39804  
1.39706e-026  4.48462e-025  12.5706  
0.523215  0.20919  3.69249  
1.84663  0.337453  1.57317  
1.45379e-026  1.19531e-026  13.081  
9.36524e-015  9.6236e-033  10.2668  
7.0707e-033  0.918397  6.08612  
0.503093  6.98694e-033  5.6169  
1.36271  0.611918  3.10316  
7.2715e-033  0.044311  7.06725  
0.0741238  1.01864  4.558  
0.0209276  7.44114e-005  7.39336  
2.13982e-027  1.96306e-025  12.6224  
0.0566954  0.322004  5.07786  
1.41847  1.43895  0.909528  
1.28429  4.15934e-011  5.2789  
0.279081  1.47695  1.94694  
0.00650083  1.82214  3.53449  
0.0949541  1.75041  2.6174  
0.298037  0.298  3.39023  
1.40436e-026  4.17031e-026  12.8926  
1.77346  1.79439  0.198407  
2.13844e-028  5.79113e-029  17.7362  
3.53921e-009  1.52652  4.33327  
0.147157  0.683285  4.56262  
1.47382  1.54266  0.721233  
0.00152486  0.0209797  7.61742  
2.32412  2.32412  7.93112e-103  
0.335107  0.196118  4.10347  
1.25034e-007  1.27994  4.88688  
0.127905  0.491386  4.66366  
0.187084  1.28893  3.15028  
1.52143  0.148405  3.92503  
0.104434  1.65562  2.49936  
1.37709  0.254613  2.39436  
3.55577e-026  3.23173e-022  12.0014  
0.266855  1.8794  1.62574  
1.68902  1.79779  0.470483  
1.56179  1.49695  0.63176  
0.0298336  7.65594e-005  7.17086  
1.49199  0.523767  2.33822  
0.0689167  1.20874  4.16665  
0.51311  0.165661  3.79506  
0.253692  1.63871  1.79222  
0.176215  1.36053  2.70738  
0.440388  0.0378037  4.85083  
1.30381  1.69517  1.03934  
2.75452e-029  1.49577e-028  17.5766  
1.41189  1.83913  0.823059  
1.80631  1.23877  1.18752  
7.41922e-033  0.0376436  7.31704  
0.200055  1.59646  2.15494  
1.74377  0.220718  1.99748  
1.89321  1.581  0.33481  
1.62719  0.455737  2.05942  
1.81377  1.81365  0.0156155  
1.60898  0.134332  2.80542  
0.319133  1.60515  1.75444  
1.56923  1.37633  1.15806  
1.44517  3.65081e-007  4.40076  
2.51983e-011  9.52815e-033  10.165  
0.181102  1.77048  2.29635  
1.53295  0.084666  2.9312  
6.12203e-005  9.43821e-033  10.068  
0.127026  1.18471  3.88344  
0.21879  0.0316043  5.30157  
1.81427  0.0572042  2.84781  
2.45839e-027  3.04361e-026  12.9139  
0.00214928  7.20337e-033  7.64742  
7.30581e-033  1.13515e-009  7.79411  
0.313634  1.18487  3.01713  
