4.81714e-011  2.13545  0.00297337  
0.584396  -2.77801e-015  26.8789  
0.448201  0.636662  0  
27.239  -3.69503e-016  3.57516  
0.463537  -2.61864e-015  25.3369  
6.16361  -2.24232e-015  21.6958  
5.06827  -1.80379e-015  17.4528  
24.8262  -4.42388e-016  4.28037  
6.62019  -2.16404e-015  20.9384  
21.1998  -4.1477e-016  4.01315  
22.5624  -4.57947e-016  4.43091  
15.5118  -3.64641e-016  3.52812  
11.5466  -4.17837e-016  4.04283  
18.8672  -3.94915e-016  3.82104  
13.4897  -8.2197e-016  7.95305  
5.59613  -1.31118e-015  12.6865  
4.52909  -1.58834e-015  15.3681  
17.784  -3.58187e-016  3.46567  
4.77595  -1.69938e-015  16.4425  
0.400132  0.770161  0  
4.70953  -1.17329e-015  11.3523  
10.3698  -4.75372e-016  4.59951  
7.04903  -1.44915e-015  14.0213  
5.68773  -1.41604e-015  13.701  
13.7629  -6.37646e-016  6.16961  
8.09754  -5.87345e-016  5.68291  
6.4122  -6.96584e-016  6.73987  
14.4277  -3.38594e-016  3.2761  
7.29658  -7.50729e-016  7.26375  
8.36961  -5.11561e-016  4.94966  
9.79363  -5.42473e-016  5.24875  
4.6369  -8.42746e-016  8.15407  
5.22387  -1.07884e-015  10.4384  
7.34659  -5.70149e-016  5.51653  
18.4883  -3.6235e-016  3.50595  
9.47426  -5.2507e-016  5.08036  
4.68352  -9.15297e-016  8.85605  
9.0213  -5.59504e-016  5.41354  
8.7772  -5.79211e-016  5.60421  
3.50872  -1.11837e-015  10.8209  
4.02778  -7.99823e-016  7.73877  
17.9463  -3.73667e-016  3.61545  
4.09847  -1.01946e-015  9.86386  
14.2537  -3.39165e-016  3.28162  
2.11824  -2.18926e-016  2.11824  
4.86754  -9.65281e-016  9.33967  
4.526  -1.03537e-015  10.0178  
6.1661  -4.82363e-016  4.66715  
6.85091  -5.3198e-016  5.14722  
1.80928  -1.86994e-016  1.80928  
4.86864  -9.62067e-016  9.30857  
4.7605  -9.31543e-016  9.01323  
2.35001  -2.4288e-016  2.35001  
1.60936  -1.66332e-016  1.60936  
0.525271  0.524706  0.0154691  
0.61377  0.417481  0.141841  
5.44824  -4.23166e-016  4.09439  
7.10359  -5.51289e-016  5.33405  
2.95696  -3.0561e-016  2.95696  
4.44178  -1.10047e-015  10.6477  
0.833926  0.105725  0.162322  
3.05439  -3.1568e-016  3.05439  
1.04991  -1.08512e-016  1.04991  
0.602974  -5.60024e-017  0.541857  
0.938486  -9.69952e-017  0.938486  
0.5465  0.27325  0.27325  
0.752251  -7.77473e-017  0.752251  
2.00435  -2.07155e-016  2.00435  
0.579986  0.135436  0.480692  
2.50855  -2.59266e-016  2.50855  
2.61643  -2.70415e-016  2.61643  
0.683318  0.188934  0.330319  
2.72986  -2.82139e-016  2.72986  
2.85067  -2.94625e-016  2.85067  
3.73677  -3.86206e-016  3.73677  
0.630419  -6.51555e-017  0.630419  
4.21343  -4.3547e-016  4.21343  
4.11599  -4.25399e-016  4.11599  
1.1044  -1.14143e-016  1.1044  
1.92124  -1.98566e-016  1.92124  
1.31805  -1.36224e-016  1.31805  
4.48788  -4.63835e-016  4.48788  
4.42741  -4.57585e-016  4.42741  
0.476831  0.226835  0.396583  
1.2252  -1.26628e-016  1.2252  
2.49478  -2.57843e-016  2.49478  
3.81321  -3.94106e-016  3.81321  
0.687467  0.262888  0.262888  
1.40262  -1.44964e-016  1.40262  
0.87096  -9.00161e-017  0.87096  
4.30453  -4.44885e-016  4.30453  
2.4181  -2.49918e-016  2.4181  
1.50919  -1.55979e-016  1.50919  
4.34386  -4.4895e-016  4.34386  
1.98389  -2.05041e-016  1.98389  
3.1255  -3.23029e-016  3.1255  
1.18256  -1.22221e-016  1.18256  
3.38031  -3.49365e-016  3.38031  
4.2195  -4.36097e-016  4.2195  
0.668198  0.22655  0.396084  
