4.28974e-028  1.06415  
0.440021  0.337001  
0.045721  0.796633  
0.364665  0.398104  
0.957439  0.0249157  
0.0345966  0.822662  
0.460729  0.327731  
0.633177  0.207409  
0.174728  0.589026  
0.402926  0.365748  
0.102688  0.685519  
0.0211865  0.860389  
0.382624  0.382899  
0.862836  0.076479  
0.185581  0.572297  
0.613846  0.222752  
0.21968  0.540678  
0.2697  0.492018  
0.847678  0.0827447  
0.150334  0.616449  
0.206995  0.55284  
0.83127  0.09133  
0.720383  0.154088  
0.644329  0.200342  
0.781929  0.116584  
0.473598  0.31438  
0.977856  0.0141155  
0.77043  0.131538  
0.00176361  0.967543  
0.0913868  0.703512  
0.307534  0.449858  
0.196539  0.561601  
0.938184  0.0323035  
0.883087  0.0708818  
0.685679  0.182015  
0.887121  0.0660429  
0.593692  0.232459  
0.000451599  0.996747  
0.817429  0.0965474  
0.811173  0.109807  
1.86909e-026  1.026  
0.0746194  0.73417  
0.901242  0.0575004  
0.391777  0.375674  
0.243082  0.51567  
0.663955  0.194425  
0.915106  0.0440383  
0.792901  0.110313  
0.335271  0.43554  
0.985465  0.0099778  
0.0124259  0.90405  
0.562822  0.252592  
0.581385  0.241991  
0.904516  0.0536497  
0.52684  0.279599  
0.931595  0.0390801  
0.23267  0.531835  
0.0142077  0.885538  
0.885927  0.0690928  
0.665498  0.184636  
0.121787  0.67151  
0.112945  0.674876  
0.0113474  0.917956  
0.0194929  0.876838  
0.313607  0.443136  
0.692271  0.171722  
0.0523466  0.781035  
0.064789  0.749762  
0.282295  0.476353  
0.000739275  0.988063  
0.603835  0.224917  
0.326348  0.436572  
0.57718  0.250833  
0.704717  0.169148  
0.548257  0.265542  
0.274334  0.476578  
0.74124  0.146881  
0.136908  0.639948  
0.740374  0.147271  
0.758096  0.136766  
0.344931  0.419323  
0.554422  0.263074  
0.242804  0.529074  
0.0564779  0.769853  
0.0609719  0.756015  
0.882901  0.0756204  
0.8964  0.0601288  
0.949713  0.0303568  
0.885867  0.0694249  
0.978083  0.0237264  
0.00111272  2.37396  
0.0012949  1.48357  
0.514115  0.347728  
0.3595  0.554295  
0.235421  0.894133  
0.315929  0.696144  
0.674309  0.240625  
0.0126762  1.3126  
0.0454867  1.18697  
0.109648  0.959991  
