0  0  3.55536  
3.34357  1.27193e-017  4.83859e-035  
0  1.08679  4.13429e-018  
2.73168  1.03916e-017  2.04965e-034  
0  1.49522e-015  2.32101  
0.207121  0.56156  0.871614  
0.578949  0.023067  0.904891  
1.86277  7.08619e-018  1.64247e-028  
0.952307  0.338633  0.133086  
1.575  5.99149e-018  3.00638e-028  
0.841164  0.360585  0.496252  
1.92499e-019  0  2.65597  
2.0389  7.75621e-018  5.30384e-029  
2.40375e-019  0  2.00151  
0.893056  0.30932  0.473968  
2.24283  0  6.32159e-015  
0.0571641  1.02917  0.0012324  
0.458863  0.861615  0.491344  
6.49087e-017  0.784043  0.696783  
0.709057  0.488344  0.488344  
0.96633  0.132109  0.345069  
0.373588  0.884534  0.343122  
0.952539  0.133539  0.338553  
4.54408e-020  0  3.27438  
0  6.3089e-016  3.09099  
0.329303  0.203589  0.707605  
0.297445  0.496834  0.970414  
5.75882e-020  0  2.86201  
2.90635e-005  0.689201  0.960204  
1.40691e-019  0  2.71612  
2.54382  9.67699e-018  8.77281e-034  
0.761477  0.734063  0.00455482  
1.42294  5.41301e-018  1.1238e-026  
2.39564  0  9.11329e-018  
2.54235  9.67139e-018  2.51622e-029  
2.39633  9.11592e-018  4.65627e-029  
6.08229e-019  0  1.83403  
1.43468e-022  5.53219e-019  3.00404  
0  1.67944e-010  1.41841  
5.25577e-020  6.18212e-023  1.7557  
1.61165e-022  2.76318e-019  3.3746  
0.873796  0.542378  4.44255e-008  
0.759903  0  0.761909  
7.57275e-018  9.88111e-024  1.31344  
2.40004e-013  0  1.51115  
0  1.4705e-010  1.55514  
5.67925e-020  5.2118e-023  1.89717  
0  1.29776e-013  1.71344  
0.805824  0.725075  1.19832e-011  
1.13805e-023  3.21184e-019  3.41017  
1.40857e-022  1.80778e-018  2.94937  
1.58778e-022  2.162e-019  3.49203  
7.84816e-019  8.84606e-024  1.44485  
0.023095  1.03036  1.70451e-006  
1.02024  0.000124121  0.000123974  
3.52358e-020  1.01869e-013  1.65332  
0.000315406  1.06378  5.17698e-011  
1.56488e-016  0.736091  0.736091  
7.82924e-019  0  1.62037  
5.57669e-012  0  1.22455  
0.000113591  0  1.02615  
1.26298  3.58822e-016  8.80178e-026  
8.54162e-008  0.712062  0.712062  
0  0.000974286  1.03542  
0  1.10681e-014  1.9466  
9.2144e-021  0  3.50496  
5.50133e-013  0  1.26231  
1.46121e-008  0  1.11823  
1.17203  4.45856e-018  4.40153e-022  
0  8.88789e-016  2.958  
1.39114  5.29208e-018  4.25195e-022  
0  0.761146  0.761146  
1.31186  9.48903e-017  1.95182e-025  
1.05572  2.97118e-014  3.88715e-017  
0.734758  0.734356  6.75928e-013  
7.66637e-024  5.1945e-019  3.54986  
0.757873  0.757897  2.88313e-018  
2.07573e-022  2.6052e-030  1.9413  
7.64422e-012  0  1.19442  
4.89798e-005  0  1.06441  
1.35441  1.0614e-015  2.95952e-026  
1.07142  3.6033e-016  3.6033e-016  
1.32772  0  3.73668e-014  
1.13714  4.32582e-018  4.57559e-022  
1.22788  1.20104e-015  6.45031e-026  
1.37038  1.46012e-015  1.19691e-026  
1.19216  1.1661e-015  2.30316e-025  
1.20841  0  5.61559e-009  
9.86566e-024  6.75359e-019  3.39397  
1.10555  0  0.000596534  
1.24724  1.11171e-015  5.803e-026  
1.44882e-021  5.45179e-010  1.15046  
1.09786  9.40806e-012  1.16245e-019  
0  3.68588e-006  1.09341  
1.32083e-022  3.8498e-011  1.6248  
1.13218  1.20632e-015  9.00785e-026  
2.90382e-013  0  1.30631  
8.87552e-018  1.02082e-023  1.28177  
0  3.07727e-009  1.17569  
7.0726e-021  2.59704e-010  1.28703  
