6.45022e-030  3.85904e-016  6.30229  
2.33353e-014  7.36162  1.4344e-009  
2.56734  8.38397e-026  6.18634  
6.91218  3.16375e-016  6.13225e-005  
5.3589  0.000446678  5.34225e-032  
0.0377593  4.26324e-025  4.80802  
3.30104e-014  6.38714  1.5231e-009  
5.84197  3.26551e-016  0.000103084  
0.125319  1.47793e-024  3.91797  
8.24259e-013  5.47289  2.17235e-008  
1.06471  1.35293e-025  4.65192  
6.53305  1.31425e-011  2.99046e-014  
0.000216977  4.90859  6.56174e-026  
3.88737  3.02811e-025  2.90239  
1.95383  2.40502  2.27595e-024  
2.32879e-016  3.80321  1.06152  
0.289511  2.10283e-023  3.42222  
2.38213  4.33109e-025  1.68894  
0.000871448  4.4306  1.77911e-025  
4.12913  1.49608  6.583e-027  
9.70182e-013  1.3065  2.08345  
0.0388779  3.39713  0.0144113  
7.28251e-005  3.99523  1.98411e-025  
3.67619e-016  6.00367  2.7971e-006  
2.99163  0.457761  1.10651e-016  
3.31823  7.35169e-006  0.00150326  
2.14405  1.85659e-022  2.21733  
0.638881  0.00531604  1.78004  
1.48677  2.94114  3.53186e-031  
0.306454  2.84228e-024  3.6252  
5.2211  0.428338  2.95395e-030  
3.57464e-016  5.83782  4.09442e-006  
6.64585  3.13435e-025  1.25958  
0.386576  1.19543  0.681406  
0.259773  0.0685292  1.59824  
0.0971944  1.79527  0.000108792  
4.86885  1.27476e-013  0.000126464  
4.60298  1.86715  5.88578e-032  
1.51387e-029  1.53116e-016  2.50057  
2.8507  2.5967  2.4628e-030  
1.06602  0.0709022  1.36083  
0.044237  2.2956  0.0956656  
1.03098  0.439654  0.529049  
0.794028  0.728785  0.781321  
0.64304  3.17641  9.95399e-031  
4.30816  3.89162  1.17162e-031  
1.69524  0.826376  0.000680604  
0.905426  0.237864  1.11728  
3.72054  2.46776  7.09419e-031  
1.34346  0.420327  0.4234  
1.22768  0.986242  0.249575  
2.9274  2.03728  1.36978e-028  
3.54943  0.314917  4.81164e-017  
3.90819  1.13311e-025  3.79678  
1.90554e-016  5.2981e-021  3.11198  
0.0383163  2.72915  0.113723  
0.445046  0.860149  0.911248  
1.10886  2.84718  3.83112e-025  
0.595984  0.533545  0.954747  
1.29906e-013  4.52556  2.51175e-007  
4.37944  0.585151  4.28481e-027  
2.21565  1.34018e-005  0.0507196  
1.51809  0.647378  0.327496  
2.77643  1.21999  3.80247e-025  
0.935146  1.02364  0.163068  
3.94952  0.299312  3.48719e-025  
0.544603  0.816618  1.17964  
0.728485  6.73408e-023  3.07999  
0.108836  2.0827  7.187e-005  
0.000166058  4.73241  1.08567e-025  
6.89815  1.3877e-011  2.16936e-014  
1.6127  9.75479e-006  0.287433  
6.58858e-011  0.939493  2.36951  
1.16245  0.388171  0.853323  
0.0120732  1.40437  0.994349  
2.6353  2.00769e-023  0.0289547  
0.193753  1.09839  1.00236  
3.45498  1.80609e-011  0.000433724  
0.499639  1.27553  0.0895873  
0.00802168  0.746195  2.40132  
0.206691  3.34827  1.5845e-031  
0.943297  0.691689  0.370805  
1.39942  0.682172  0.0054349  
4.49424  5.66528e-025  0.85179  
3.73248  0.012323  1.22308e-023  
0.358625  0.0334596  2.1427  
0.0036556  3.25181  0.0244606  
4.11126  0.00355389  1.34719e-023  
1.51801e-016  1.02097e-016  2.98765  
1.35878e-015  4.79665  4.20721e-006  
4.70728  0.00406911  1.67528e-024  
0.00389103  5.9145  4.90037e-026  
0.0091  0.183735  1.30864  
0.00320169  1.11032  1.21964  
1.18698  0.00148001  2.17041  
4.53627  0.181431  1.51499e-027  
1.09336e-012  1.47238  0.362339  
3.89729  0.14029  3.68886e-024  
0.102848  0.923126  1.23358  
0.371704  1.07101e-022  2.48949  
