1.65005  0.284627  
1.23751  0.295171  
0.464438  0.464428  
0.577005  0.419424  
27.152  4.96309e-048  
0.328796  0.849027  
0.402744  0.603747  
3.37299e-242  10.3685  
0.554947  0.442199  
5.8955e-022  7.32989  
0.378655  0.672767  
22.7285  6.79885e-024  
22.3314  7.07726e-020  
18.8184  0.000466648  
26.7426  2.57721e-030  
5.24969e-023  9.05028  
0.810227  0.344669  
21.5897  1.52945e-007  
3.40596e-029  9.2712  
1.84541  0.274975  
18.517  0.0324055  
4.55596e-022  8.49417  
7.97241e-032  10.2438  
2.05389e-017  7.29474  
0  12.9161  
0.751323  0.363806  
0.954839  0.329242  
0.0633586  7.28643  
26.8108  4.27382e-024  
1.65831  0.286053  
3.64525e-242  11.2055  
26.9041  1.15878e-027  
1.80984e-017  7.56583  
1.09573e-022  9.2099  
22.9665  0.147823  
1.08061  5.48297  
1.09595  2.59523  
0  26.0291  
68.9312  2.10086e-039  
26.5179  2.20955e-013  
40.1718  2.87754e-023  
12.4873  0.804886  
0.677002  13.3133  
2.11379e-033  19.6446  
2.99927  1.12893  
79.8194  3.68681e-029  
38.1839  0.0899656  
0  50.7905  
87.7144  1.30834e-034  
50.4686  6.44564e-019  
49.1574  7.56668e-019  
42.9319  2.33944e-016  
2.18837e-022  40.4028  
4.74624  10.854  
21.4424  2.23592  
31.0621  2.06901  
3.24237  28.2741  
47.3635  6.08208e-017  
7.76656  3.39772  
4.93972  4.78474  
5.17504  4.28469  
57.8287  3.83357e-023  
46.5003  7.87127e-017  
7.65594e-150  64.9829  
83.5977  3.86133e-029  
0  67.3325  
2.05929e-026  61.8505  
1.6092e-119  64.1904  
21.1717  2.84028  
17.7765  3.02602  
45.8147  2.08617e-016  
9.18584e-018  32.1557  
56.245  5.68909e-018  
55.568  2.28694e-016  
45.8195  2.4968e-016  
3.67488  44.9366  
0  70.257  
64.9617  3.72151e-021  
2.46524e-018  45.4075  
5.00124  24.462  
4.99716  43.608  
21.8979  2.51769  
89.5135  4.13457e-029  
6.52894  7.33922  
44.8061  0.138393  
44.3674  0.962882  
69.6437  4.6168e-023  
8.37111  9.63607  
69.7158  4.62158e-023  
49.171  2.67942e-016  
65.6241  1.86506e-016  
19.4415  8.41914  
19.4072  9.58958  
30.3694  3.27502  
6.58921e-018  47.0782  
0  81.4287  
5.26182  37.3223  
25.4648  5.1518  
1.86267e-119  76.9755  
6.36958  32.3677  
