1.21551  0.000216865  
0.732119  0.424686  
0.0605335  1.05504  
0.104227  1.04199  
1.70068  2.61729e-016  
0.822241  0.352448  
0.00071026  1.1806  
0.21303  0.987258  
0.163165  1.00122  
0.317292  0.827399  
0.380307  0.685247  
0.370821  0.81265  
0.28391  0.902945  
1.0165e-021  1.45532  
2.82517  6.91967e-018  
1.04203  0.0279369  
0.816156  0.424437  
0.0248574  1.09864  
0.861086  0.2737  
0.208413  0.990347  
1.3021  7.5789e-014  
0.575257  0.487044  
0.502199  0.65262  
0.545468  0.519563  
2.55436e-019  1.18678  
1.20377  0.00757941  
1.24195e-021  1.44828  
1.54727e-025  3.10417  
2.31744e-020  1.3832  
0.205449  1.00007  
2.27918  1.67471e-017  
0.511638  0.622764  
0.276692  0.920644  
9.59896e-026  4.41416  
1.27621  2.2968e-013  
0.000900873  1.1089  
0.607255  0.431602  
0.959641  0.174863  
1.23139  5.00082e-008  
0.42098  0.681924  
0.454839  0.680627  
0.849826  0.278524  
3.79251e-024  1.46036  
6.22817e-025  2.88217  
1.10348e-024  2.69573  
2.56749e-023  1.57891  
1.52258  2.74018e-013  
0.880817  0.336975  
0.941876  0.306193  
1.9598e-019  1.41054  
0.000918076  1.13007  
0.850308  0.347399  
0.939715  0.322899  
3.85541e-024  2.66104  
0.559595  0.611974  
2.16853e-024  2.79377  
1.42699e-024  2.99312  
0.712729  0.436273  
1.08948e-023  1.7155  
1.95684e-019  1.54856  
1.34259  4.44691e-013  
1.08903  0.0291971  
0.345143  0.853562  
1.66019  2.33293e-013  
0.0760537  1.05636  
0.495069  0.685224  
0.623614  0.443229  
1.33967  6.17756e-009  
1.53398e-025  4.57792  
0.52455  0.681666  
1.06086e-025  5.38363  
2.40126  1.76442e-017  
2.01326e-025  3.51728  
1.83762  2.6494e-015  
0.000433234  1.1907  
2.35282  1.91894e-015  
2.68837e-025  3.32432  
1.27199e-025  5.13729  
1.05228  0.154853  
0.845316  0.360527  
0.988739  0.245203  
0.0230393  1.11035  
2.59471e-019  1.26991  
0.444571  0.726294  
4.31238e-021  1.55702  
0.22843  1.01619  
0.399394  0.799723  
1.07692  0.0477734  
0.210193  1.03458  
0.968085  0.25781  
0.57094  0.591227  
0.334759  0.889198  
0.277044  0.921816  
0.529675  0.652967  
0.476265  0.687495  
1.21583  0.00386802  
1.30216  5.22748e-008  
0.382993  0.839325  
1.42804e-024  3.13893  
2.77784  9.82651e-014  
