1.26515  0  
0.638708  0.390591  
0.591081  0.427783  
0.584053  0.43393  
1.07448  2.38583e-016  
0.292932  0.723354  
0.163764  0.842863  
0  1.89944  
0.127959  0.87381  
3.74501e-022  1.18668  
0.355613  0.655822  
0.275323  0.729438  
0.445827  0.556885  
0.261132  0.778894  
0.145393  0.864011  
0.642038  0.387512  
0.875522  0.124949  
1.9071e-008  1.0499  
0.470283  0.533106  
0.65172  0.37252  
0.27458  0.767421  
0.344659  0.666761  
0.284703  0.729038  
0.654839  0.362962  
0.898246  0.103138  
0.920942  0.0813052  
0.822525  0.184527  
0.368978  0.647826  
0.366609  0.647892  
0.80367  0.202676  
0.785666  0.226332  
0.832557  0.175373  
0.868287  0.149524  
0.493381  0.514866  
0.758196  0.242833  
0.342985  0.668619  
1.0814e-008  1.06253  
0.327476  0.69586  
7.44752e-009  1.06303  
3.02521e-008  1.03314  
5.14674e-008  1.03258  
1.43067e-011  1.11506  
3.71579e-011  1.1094  
5.73925e-009  1.08725  
1.49848e-024  1.21805  
4.25375e-022  1.16506  
4.29801e-022  1.17718  
0.530405  0.598626  
1.02674  0.229683  
1.2739e-022  1.25635  
1.08271  0.206237  
1.35781  0  
0.726191  0.528861  
0.772667  0.414574  
1.51396e-011  1.12173  
0.961778  0.365817  
1.26566  0.0663677  
1.29457  0.0323363  
0.222157  0.956883  
0.390184  0.689557  
0.487064  0.623314  
1.08659  0.0808594  
0.457904  0.655905  
0.294155  0.753243  
0.234787  0.947372  
0.196572  1.09131  
0  2.01185  
7.9817e-013  1.18499  
1.11032e-012  1.18043  
1.60235e-021  1.21246  
0.335909  0.998776  
1.47859e-022  1.30369  
1.13428  0.260832  
1.04339  0.36739  
0.451069  0.824621  
0.541573  0.811017  
0  2.09189  
1.14177  0.255417  
0.629916  0.64881  
0.81947  0.501244  
0.341847  0.950938  
0.754099  0.549185  
1.40168  0  
0.800789  0.676601  
9.59906e-013  1.19234  
5.94721e-021  1.22055  
0  2.11847  
1.47899  0  
0.484497  0.835646  
1.54787e-022  1.93325  
1.29571  0.266665  
2.39652e-022  1.31123  
0.640608  0.735951  
0.911336  0.64983  
1.46109  7.99714e-014  
0.995798  0.63179  
1.04768  0.377522  
1.10324  0.369123  
0  2.42153  
2.23414  0  
