8.34125e-019  7.14845e-017  1.16751  
4.35191  2.98282e-079  0  
6.32837e-017  1.1198e-101  1.0335  
4.42548e-016  7.22735  7.06107e-007  
6.25399  5.85014e-080  0  
3.67843e-016  6.00734  2.42954e-006  
3.13888e-016  5.12619  4.20156e-006  
3.49191  5.95002e-098  2.99172e-005  
4.20437  4.9036e-098  3.23968e-005  
1.92759e-005  4.57378  5.63116e-164  
0.000188321  3.27259  2.03037e-163  
7.58649e-016  2.67812  4.39994e-006  
0.00129476  4.40339  2.74861e-164  
0.0473761  4.05043  1.26409e-163  
2.73762  2.62981e-095  0.0882733  
0.016638  1.45168  1.97994e-012  
0.000173482  4.15603  9.17495e-164  
0.000811863  1.70291  1.42751e-163  
8.38853e-012  3.76233  2.38788e-016  
2.30003  3.36652e-097  0.125498  
2.48457  7.10941e-099  0.112855  
3.19721  9.0679e-098  4.55193e-012  
7.13369e-016  2.51827  0.00550278  
0.542282  2.10882  4.15679e-164  
0.823841  2.2849  0  
0.485813  0.774021  0.557104  
0.408536  0.222909  0.943131  
0.819535  0.247365  0.689261  
2.81779  3.94766e-094  8.65159e-010  
1.12606  0.533903  0.0371995  
1.03881e-014  1.36492  0.00103363  
3.09776  5.41136e-096  2.05776e-010  
5.52105e-009  3.47173  1.25978e-015  
1.72923  1.11095e-084  0.06227  
0.531611  0.828757  0.278015  
1.59363  1.25065e-097  0.305981  
2.03263  4.95045e-093  0.0788741  
2.13742  9.67717e-093  6.66125e-010  
7.59515e-017  1.24038  0.209747  
3.06453e-015  1.8969  0.000572172  
3.39241e-010  3.32756  2.13951e-015  
9.23616e-009  2.38671  3.64853e-014  
2.44459  6.86169e-099  0.245234  
0.763747  0.128568  0.730215  
1.25174  0.0829577  3.45622e-164  
1.06089e-011  3.71346  7.542e-019  
9.64534e-011  3.58718  2.27672e-016  
1.176  0.459191  0.163374  
0.351709  0.8867  0.309552  
4.24607e-009  2.67  2.03384e-015  
2.95822  1.74683e-094  6.78734e-010  
0.162537  0.96624  0.380806  
0.634895  0.669658  0.400283  
1.90918  6.6448e-079  0  
0.575435  0.757161  0.413848  
0.67387  0.439912  0.609786  
0.970016  0.142818  0.460138  
0.455126  0.190187  0.880756  
0.748608  0.621975  0.436059  
1.02375  0.311145  0.230805  
0.0747016  1.02244  0.233776  
1.21323  0.0236636  0.752935  
1.05887  0.713607  0.18472  
0.934261  0.345359  0.253431  
0.686318  0.423237  0.740919  
0.111029  0.999201  0.250447  
0.0380439  1.09164  0.109425  
1.44612  0.480594  1.15204e-164  
0.8521  0.0166199  0.787505  
2.97609  8.89132e-093  3.59866e-010  
0.303082  0.911592  0.377941  
1.33829  1.75527e-097  0.327405  
6.00361e-005  2.00413  8.22417e-017  
5.02674e-018  7.06256e-017  1.15632  
0.887805  0.275432  0.452997  
2.0921  2.15053e-094  0.0283216  
6.86102e-017  1.12049  0.600148  
1.52995  7.17407e-079  0  
0.43232  0.233122  0.902676  
0.258412  0.435003  0.869126  
1.38075  1.24398e-084  0.0143501  
0.926371  0.157302  0.359046  
1.02544  0.0509317  0.513067  
0.216046  0.477432  0.856338  
2.51882e-005  3.54154  3.79823e-016  
5.75746e-016  2.03245  0.0135671  
0.370259  0.43521  0.823167  
0.897769  0.0759139  0.489833  
0.706369  0.652072  0.378206  
0.645787  0.703771  0.297481  
1.1044e-016  1.80362  0.0594283  
0.930914  0.597956  0.241469  
6.47713e-006  2.32217  1.58359e-012  
2.10725e-015  1.79883  0.000998557  
3.19145  6.57682e-097  0.000305281  
1.8446  4.74263e-087  0.245158  
1.07904  1.16603  9.58808e-164  
0.0219645  1.18658  0.139207  
0.936206  1.20689  9.21836e-164  
0.196574  0.931499  0.414286  
