36.2975  -8.89031e-016  
24.2922  -5.94986e-016  
1.16486e-011  1.52957  
32.8805  -8.05339e-016  
14.4512  -3.53953e-016  
7.38286  -1.80828e-016  
34.69  -8.49659e-016  
27.1985  -6.66172e-016  
31.0154  -7.59658e-016  
17.8075  -4.36159e-016  
20.213  -4.95077e-016  
29.4747  -7.21922e-016  
11.4136  -2.79553e-016  
30.8431  -7.55439e-016  
12.4727  -3.05493e-016  
13.7466  -3.36694e-016  
21.3292  -5.22416e-016  
28.3539  -6.94471e-016  
25.1657  -6.16383e-016  
4.8609  -1.19058e-016  
26.2723  -6.43486e-016  
6.11726  -1.19864e-016  
12.9507  -3.172e-016  
16.8404  -4.1247e-016  
6.28262  -1.5388e-016  
10.4888  -2.56901e-016  
19.6027  -4.80128e-016  
10.887  -2.66654e-016  
19.2804  -4.72234e-016  
28.6435  -7.01562e-016  
29.2075  -7.15377e-016  
3.15735  -6.18663e-017  
0.195895  0.828162  
0.334832  0.691955  
0.121058  0.87327  
5.14602e-011  1.22111  
0.455578  0.590359  
0.819179  0.141914  
4.23682  -8.30177e-017  
0.0662821  0.994354  
4.42294  -8.66647e-017  
0.968219  0.107429  
0.339411  0.647782  
1.36175  -2.66826e-017  
0.784641  0.201416  
3.36968  -6.60267e-017  
1.03027  -2.01875e-017  
0.561114  0.46603  
3.24969  -6.36756e-017  
0.617941  0.359897  
4.6009  -9.01516e-017  
3.45505  -6.76994e-017  
0.983437  0.0640068  
0.744177  0.275613  
1.52681  -2.99168e-017  
1.49053  -2.9206e-017  
0.575885  0.41585  
1.83703  -3.59954e-017  
0.681065  0.339159  
3.94182  -7.72374e-017  
4.00728  -7.852e-017  
4.79469  -9.39488e-017  
1.27728  -2.50276e-017  
4.14964  -8.13096e-017  
4.09431  -8.02254e-017  
3.54231  -6.94093e-017  
2.18523e-006  1.07402  
3.69295  -7.23609e-017  
0.715033  0.299449  
1.11017  -2.1753e-017  
3.85176  -7.54728e-017  
2.04284  -4.00281e-017  
3.74415  -7.33642e-017  
4.71203  -9.23292e-017  
4.49982  -8.8171e-017  
2.29483  -4.49656e-017  
3.81669  -7.47855e-017  
2.21663  -4.34334e-017  
5.37498e-008  1.13443  
3.61636  -7.08602e-017  
1.95168  -3.8242e-017  
3.1853  -6.24139e-017  
1.51999e-011  1.46828  
1.53557e-011  1.59999  
1.14541  1.96381e-017  
0.27847  0.830316  
0.519924  0.647022  
7.87705e-011  1.44371  
0.787919  0.506358  
0.976771  0.151018  
0.214849  0.911353  
0.15854  1.09229  
0.567391  0.567391  
0.697292  0.536954  
0.896342  0.382814  
0.922814  0.253752  
2.08702e-010  1.24642  
5.66178e-008  1.145  
0.188394  1.04585  
1.12957  0.147551  
