7.35965e-017  1.20192  0  
8.43342e-016  1.09943e-099  13.7728  
4.13324e-017  0.675009  0.996592  
2.06722  2.87918e-012  0.0117864  
1.69269  1.84535e-085  4.92774  
5.35514e-016  2.45423e-099  8.74561  
1.01453e-016  6.6373e-065  1.65685  
4.46768e-016  1.0078e-079  7.29628  
4.72868e-016  6.78301e-081  7.72253  
5.26939e-016  7.25093e-085  8.60557  
0.248015  2.06015e-057  1.27973  
0.0406668  0.415486  1.51086  
1.03271  1.79885e-009  0.000408864  
1.35093  4.89857e-012  0.382338  
0.412329  0.0791873  1.04778  
1.46533  1.38031e-011  0.00519405  
6.31128e-017  1.03071  5.06747e-006  
0.10002  0.371362  0.978976  
5.29927e-016  8.64258e-089  8.65436  
0.178063  0.473844  0.947697  
0.90442  0.15035  0.484913  
0.957455  0.261813  0.247606  
0.849952  0.619036  0.141282  
0.988768  0.3348  0.102157  
0.475875  0.917776  0.0292555  
0.979186  0.179251  0.35092  
0.135719  0.984394  0.209457  
5.34172e-016  4.0233e-089  8.72369  
0.824166  0.558105  0.189924  
1.00807  0.054625  0.000992245  
0.674957  0.451129  0.642386  
6.13596e-017  1.00208  0.0813616  
0.959079  0.221837  0.288465  
0.60007  0.571402  0.572449  
0.716331  0.636677  0.488116  
0.54873  0.282384  0.808342  
0.805585  0.597263  0.331411  
1.42891  4.25873e-012  0.296146  
0.216251  0.802517  0.614477  
0.546909  0.387092  0.795193  
0.0835902  0.863483  0.503573  
0.799503  0.199037  0.672063  
0.656027  0.567767  0.531994  
0.6782  0.863431  0.0384977  
0.11773  0.668571  0.765553  
0.0576725  0.968171  0.38418  
1.36534  7.95393e-012  0.124724  
0.68974  0.749914  0.22352  
0.00714947  0.516024  0.87082  
0.622355  0.538625  0.633624  
1.38096  3.29916e-012  0.763248  
0.677365  0.100659  0.742939  
0.415126  0.833665  0.42372  
0.695174  0.341581  0.72506  
0.437621  0.680902  0.702432  
0.283383  0.932381  0.354417  
0.906493  0.00907512  0.427393  
0.162495  0.715786  0.732873  
0.450717  0.813194  0.394079  
0.299232  0.778397  0.626662  
0.391221  0.737909  0.670464  
0.724973  0.29269  0.68571  
0.0207377  1.00331  0  
0.433896  0.699431  0.593696  
0.562589  0.874272  0.000888415  
0.870888  0.0133502  0.892071  
0.585375  0.868472  0.19784  
0.505674  0.0936547  0.885235  
0.365191  0.894105  0.373524  
0.155054  0.49476  0.857377  
0.438178  0.314339  0.84661  
0.927327  0.392952  0.192624  
0.853933  0.0870594  0.513469  
0.639889  0.528045  0.613361  
0.350199  0.857898  0.455116  
0.497621  0.59065  0.749246  
0.116843  0.856116  0.543377  
0.174496  0.647882  0.824893  
0.739198  0.0990229  0.835312  
0.320236  0.95095  4.60298e-130  
0.384016  0.605417  0.744639  
0.758497  0.463339  0.459882  
0.310683  0.760652  0.609705  
0.765815  0.677967  0.304718  
0.772175  2.36245e-085  0.921543  
0.847168  0.031672  0.53737  
0.236391  0.65599  0.762434  
0.799958  0.249108  0.552504  
0.539868  2.20932e-083  0.903251  
0.753382  0.53549  0.473253  
0.410849  0.343156  0.847864  
0.33059  0.784945  0.555207  
0.526348  0.55591  0.754275  
0.965816  0.0164125  0.376454  
0.843226  0.074429  0.536574  
0.399458  0.870088  0.370273  
0.27175  0.767331  0.659261  
0.222813  0.489344  0.851629  
0.356627  0.929737  0.237632  
0.263032  0.792389  0.651951  
