0.767084  0.137061  
0.652323  0.207739  
0.598899  0.245642  
0.998837  0.009117  
0.687261  0.183316  
0.493542  0.312797  
1.46212e-025  1.28293  
0.864682  0.0941554  
0.374027  0.404819  
0.502422  0.295358  
0.544277  0.280815  
0.381499  0.393698  
4.23781e-026  1.36973  
0.766661  0.14004  
0.46779  0.321657  
0.514352  0.29462  
0.734916  0.164136  
0.56242  0.270447  
0.464421  0.324471  
3.74039e-007  1.14681  
0.621508  0.220278  
0.341226  0.441012  
0.396846  0.378937  
0.776325  0.130258  
2.72193e-026  1.3832  
0.42379  0.356066  
0.278181  0.484307  
0.462913  0.32606  
0.808829  0.11472  
0.442365  0.342106  
0.092563  0.698149  
0.0826849  0.720345  
0.00536424  0.929093  
0.0665083  0.743761  
0.24923  0.501579  
0.293492  0.46704  
0.421263  0.356121  
0.436254  0.351707  
0.679083  0.1836  
0.66657  0.196915  
0.0350456  0.814215  
0.217636  0.535281  
0.678517  0.190047  
0.715192  0.167265  
0.501284  0.311309  
0.662821  0.200095  
0.690793  0.172241  
0.189141  0.567772  
0.29933  0.459186  
0.7481  0.148889  
0.184208  0.574069  
0.111612  0.669069  
0.158713  0.606514  
0.44309  0.340658  
5.57522e-006  1.12225  
0.975413  0.0255482  
0.763825  0.14442  
0.0259086  0.842213  
0.342598  0.428431  
0.146781  0.624114  
0.824434  0.113195  
0.167499  0.593521  
0.93581  0.0563446  
0.00233531  0.951735  
0.647289  0.20916  
0.0366569  0.809264  
0.141507  0.625199  
0.373215  0.410739  
0.615456  0.233754  
0.909142  0.0857747  
0.764148  0.14191  
0.93237  0.0753444  
0.638594  0.212523  
0.163691  0.600437  
0.840225  0.100861  
0.163882  0.600255  
0.342899  0.427985  
0.00081593  1.10305  
0.868712  0.0872217  
0.407576  0.371501  
0.759733  0.146921  
0.621491  0.224624  
0.432609  0.352835  
0.404322  0.37212  
0.848169  0.0957433  
0.797528  0.11647  
0.569709  0.265939  
0.668274  0.191082  
0.739384  0.152297  
0.825206  0.103054  
0.614345  0.23474  
0.712772  0.169002  
0.985767  0.0636477  
1.92379e-006  5.05442  
5.36395e-006  2.74994  
3.40063e-006  5.00624  
2.36683e-005  1.56385  
6.41775e-006  2.50186  
0.116837  0.833112  
0.00227215  1.23374  
