3.62055  0  2.97283e-112  
0.000642084  6.37615e-058  6.8867  
8.45553e-029  1.38089e-012  2.30224  
2.84946e-010  4.41327  0  
2.50485e-012  6.85234  2.51174e-109  
0.00393813  7.68904e-059  5.54838  
0.0104293  3.05102e-057  5.35912  
0.00576108  1.26143e-056  4.21676  
1.00287e-011  5.90607  5.48638e-108  
8.60533e-012  4.85573  3.68605e-107  
3.12173  1.18244e-054  0  
1.12491e-011  6.62475  4.53692e-108  
3.0294e-010  4.21667  0  
9.27192e-010  3.60437  0  
7.82527e-012  5.3712  1.28968e-107  
2.668  0  2.70143e-111  
0.442567  1.85176e-055  1.31957  
2.99158e-011  5.43168  0  
9.77371e-005  0.000198707  1.6961  
1.86641e-016  3.50765e-019  3.04808  
2.65161e-009  2.43226  0  
2.36309e-016  5.16546e-020  3.85922  
1.49768e-026  2.17645e-016  3.55442  
2.00557e-012  2.82676  0.245661  
0.271254  1.69078e-057  3.34655  
0.265589  1.12421e-053  2.48145  
2.05012e-011  2.07061  0.0387118  
2.21986  0  1.22086e-108  
2.44301  1.06841e-050  0  
1.73094e-009  3.44403  0  
0.135974  1.23333e-056  3.99401  
1.42115e-012  3.18378  0.0643153  
1.93315  0.181056  3.59555e-107  
0.102872  1.4585  0  
0.611049  1.11156e-055  1.82192  
1.69821e-012  3.27501  0.0612292  
1.4717e-010  1.84491  0.176012  
0.0655575  1.63745  0.0808685  
1.68697  0.390877  0.171458  
7.83609e-018  1.17638e-016  1.92543  
1.3139  1.27502  3.4015e-108  
6.95737e-026  1.76429e-016  2.8813  
4.67144e-012  2.98235  0.00385024  
1.02925  0.152979  0.249052  
1.58124e-016  2.35657e-017  2.61088  
5.00545e-013  6.76394  6.17582e-109  
0.3016  0.310803  1.00049  
2.55695  0  4.85981e-109  
1.24652e-016  2.63773e-017  2.0808  
0.518513  0.842613  0.469897  
2.53801e-016  1.4161e-020  4.14489  
2.13751e-011  2.36417  0.00448881  
3.71498e-013  2.94932  0.399158  
1.08917  1.33368  0  
1.32524e-010  1.66131  0.217976  
1.20872  1.30079  1.31567e-108  
9.16813e-017  9.45082e-017  2.15035  
1.54682  0.844823  1.80105e-109  
0.0630854  2.22002  3.42052e-109  
2.08232  0.421316  3.22549e-107  
2.09414e-016  2.82731e-019  3.42  
1.44063  0.00230923  0.382768  
0.000100989  0.000116355  1.18006  
0.0973668  0.122838  1.1183  
0.432139  0.906746  0.3364  
2.69029e-025  1.66081e-016  2.71231  
0.90272  0.184348  0.522274  
0.166753  0.464654  0.938551  
0.73807  0.238329  0.646847  
1.8192  0.569531  2.30232e-107  
0.00324638  1.81141  4.62257e-109  
0.693572  0.316915  0.674664  
1.25026  1.24125  0.00204312  
0.345026  1.00225  0.145864  
0.452688  0.882191  0.556401  
2.28753e-011  2.16434  0.0246548  
0.19236  0.764765  0.626934  
0.220173  1.16493  0.109441  
2.09021  0.0226747  0  
1.70498e-016  1.9819e-017  2.80319  
0.39234  0.755558  0.599223  
0.679204  0.378867  0.708059  
0.948042  0.539348  0.39535  
1.46483  1.13692  0  
0.827751  0.698919  0.392679  
0.484776  0.0688737  1.09234  
1.33362e-018  1.40293e-016  2.29126  
0.211334  1.3622  0  
1.00308  0.570699  0.361396  
0.0564724  1.07664  0.350451  
1.77691  0.754911  0  
0.559835  0.0408651  0.877653  
0.318795  0.496109  0.881283  
0.619973  0.472406  0.807949  
0.113156  0.449872  1.03776  
0.752505  0.204739  0.650404  
0.0364894  1.20136  0.195318  
0.0533325  0.92716  0.773586  
0.145022  1.02254  0.510853  
0.016024  0.739141  0.852039  
