1.13733e+000	2.73207e-001	
1.02252e+000	3.28798e-001	
9.67799e-001	4.10414e-001	
1.65805e+000	1.71609e-001	
1.66934e+000	9.43738e-004	
1.02120e+000	3.30115e-001	
9.97446e-001	3.56524e-001	
8.99594e-001	5.92995e-001	
9.57944e-001	4.53738e-001	
1.45601e+000	2.66138e-001	
2.39479e-002	8.99465e-001	
9.07412e-001	5.81920e-001	
1.03811e+000	3.18623e-001	
9.88415e-001	3.71566e-001	
4.18343e-002	8.77652e-001	
9.05425e-003	9.35990e-001	
9.33842e-001	5.24936e-001	
3.74369e-001	7.69647e-001	
3.50591e-001	8.39952e-001	
1.02908e+000	3.21532e-001	
6.39046e-002	8.76336e-001	
1.07103e+000	2.97810e-001	
4.18912e-001	6.47970e-001	
3.93436e-001	6.80694e-001	
1.66349e+000	1.91503e-002	
9.92986e-001	3.66852e-001	
9.74151e-001	4.06017e-001	
3.88029e-001	6.86656e-001	
9.42345e-001	4.92961e-001	
3.86285e-001	7.09336e-001	
1.64396e+000	1.83395e-001	
1.01158e+000	3.40329e-001	
6.71070e-003	9.45587e-001	
9.16576e-001	5.61661e-001	
9.03245e-001	5.85720e-001	
9.23564e-001	5.57564e-001	
1.00994e+000	3.43199e-001	
3.75782e-001	7.55619e-001	
8.41473e-002	8.67095e-001	
9.10174e-001	5.80176e-001	
1.58172e+000	2.27089e-001	
9.66509e-002	8.63243e-001	
4.24898e-001	6.43079e-001	
1.66107e+000	6.51412e-002	
1.01903e+000	3.37008e-001	
4.67817e-001	6.20690e-001	
1.05245e+000	3.05580e-001	
8.86229e-001	6.03258e-001	
3.84230e-001	7.17687e-001	
1.99623e-002	9.05110e-001	
9.69676e-001	4.07824e-001	
3.78636e-001	7.26452e-001	
3.56671e-003	9.61852e-001	
1.20189e-002	9.17440e-001	
1.00638e+000	3.44658e-001	
1.09860e+000	2.81429e-001	
4.01925e-001	6.57143e-001	
3.65529e-001	8.01732e-001	
1.38667e-002	9.13955e-001	
3.63240e-001	8.34859e-001	
9.85546e-001	3.80831e-001	
1.06505e+000	2.99595e-001	
3.65538e-002	8.79806e-001	
2.57579e-003	9.67163e-001	
1.66990e+000	6.25259e-004	
4.70349e-001	6.24049e-001	
1.46093e+000	2.67036e-001	
8.86240e-001	6.03265e-001	
1.13733e+000	2.73208e-001	
3.53028e-001	8.50499e-001	
9.72967e-002	8.63335e-001	
1.65772e+000	1.84929e-001	
1.66476e+000	3.83701e-002	
1.58348e+000	2.35919e-001	
1.59573e+000	2.28134e-001	
9.60425e-001	4.54913e-001	
4.19433e-001	6.48776e-001	
1.05250e+000	3.04701e-001	
9.42024e-001	4.92794e-001	
3.66823e-001	8.03445e-001	
9.33908e-001	5.24973e-001	
1.10277e+000	2.84558e-001	
9.94942e-001	3.67575e-001	
8.41013e-002	8.66620e-001	
9.74549e-001	4.06183e-001	
4.19088e-002	8.79215e-001	
9.68151e-001	4.10563e-001	
1.20355e-002	9.18705e-001	
4.03339e-001	6.59456e-001	
3.73967e-001	7.76169e-001	
3.85763e-001	7.08379e-001	
1.00749e+000	3.45012e-001	
1.99897e-002	9.06350e-001	
9.25527e-001	5.58749e-001	
3.67521e-002	8.85042e-001	
1.02636e+000	3.31783e-001	
3.77539e-001	7.56619e-001	
1.66857e+000	1.92088e-002	
3.94074e-001	6.82390e-001	
1.11220e+000	2.81002e-001	
