1.00136e+000	9.19325e-005	
7.85866e-004	1.00017e+000	
6.41324e-001	6.31931e-001	
6.23317e-001	6.49259e-001	
2.30503e-001	9.03810e-001	
9.55670e-001	1.10898e-001	
2.24489e-002	9.92375e-001	
4.74218e-001	7.69779e-001	
7.13814e-001	5.50730e-001	
2.49713e-001	8.95277e-001	
8.88946e-001	2.62576e-001	
8.77704e-001	2.85752e-001	
6.76552e-001	5.94327e-001	
6.55255e-001	6.17473e-001	
3.10253e-001	8.65839e-001	
2.66187e-001	8.87058e-001	
5.50422e-002	9.78887e-001	
6.90120e-001	5.79930e-001	
9.63790e-001	9.28056e-002	
3.95380e-002	9.84694e-001	
5.23211e-001	7.35089e-001	
2.11177e-001	9.12501e-001	
3.64134e-001	8.37298e-001	
6.66115e-001	6.06745e-001	
9.33310e-002	9.63082e-001	
7.25783e-001	5.35456e-001	
3.26533e-001	8.57964e-001	
6.10368e-001	6.61926e-001	
5.09153e-001	7.45203e-001	
7.80159e-001	4.59281e-001	
2.94164e-001	8.73901e-001	
5.90125e-001	6.80792e-001	
9.93502e-001	1.82480e-002	
5.57939e-001	7.07818e-001	
9.83320e-001	4.30798e-002	
2.81764e-001	8.79776e-001	
9.69227e-001	7.83403e-002	
5.35115e-001	7.25696e-001	
8.58818e-001	3.23822e-001	
5.46001e-001	7.17086e-001	
4.35711e-001	7.95563e-001	
4.86422e-001	7.61897e-001	
8.65999e-001	3.09216e-001	
4.98275e-001	7.53493e-001	
5.78904e-001	6.90090e-001	
6.01122e-001	6.70882e-001	
9.04425e-001	2.29678e-001	
5.68672e-001	6.98560e-001	
7.58883e-001	4.90211e-001	
3.46647e-001	8.46870e-001	
1.57979e-001	9.36011e-001	
7.33139e-001	5.25800e-001	
9.47048e-001	1.31484e-001	
9.13187e-001	2.12864e-001	
9.33611e-001	1.63193e-001	
4.13778e-001	8.08591e-001	
4.54177e-001	7.83702e-001	
7.71661e-001	4.71825e-001	
3.86948e-001	8.24600e-001	
3.98628e-001	8.17618e-001	
8.00307e-001	4.27873e-001	
7.27887e-002	9.71175e-001	
1.99172e-001	9.17920e-001	
3.75830e-001	8.30924e-001	
8.10560e-001	4.10264e-001	
8.72174e-001	2.96956e-001	
8.32701e-001	3.72204e-001	
8.94723e-001	2.50767e-001	
7.41944e-001	5.13598e-001	
7.01731e-001	5.65444e-001	
1.11688e-001	9.55457e-001	
1.86630e-001	9.23618e-001	
8.47244e-001	3.45551e-001	
9.27993e-001	1.76382e-001	
8.52141e-001	3.36112e-001	
9.39151e-001	1.49749e-001	
3.39332e-001	8.50945e-001	
7.65331e-001	4.81083e-001	
1.45076e-001	9.41199e-001	
9.00064e-001	2.38825e-001	
7.88521e-001	4.46182e-001	
9.75113e-001	6.31895e-002	
8.00397e-002	9.68193e-001	
8.18419e-001	3.96942e-001	
7.49460e-001	5.03780e-001	
1.28414e-001	9.48427e-001	
9.24601e-001	1.88056e-001	
6.98424e-001	5.70049e-001	
9.95126e-001	1.36597e-002	
8.26156e-001	3.84328e-001	
1.72020e-001	9.29834e-001	
9.16220e-001	2.03670e-001	
8.40372e-001	3.58490e-001	
9.19993e-001	1.94707e-001	
4.38851e-001	7.93282e-001	
1.36313e-001	9.45332e-001	
1.17506e-001	9.52907e-001	
7.91980e-001	4.41224e-001	
9.77372e-001	5.76908e-002	
7.97401e-001	4.32808e-001	
