9.17703e-002	1.00015e+000	
8.56455e-001	3.23083e-004	
3.28093e-001	9.98058e-001	
6.52676e-001	3.49967e-001	
6.55106e-001	2.05158e-001	
6.48311e-001	4.68652e-001	
6.56771e-001	1.37309e-001	
6.43374e-001	5.53171e-001	
6.46485e-001	5.04507e-001	
3.73373e-001	9.96071e-001	
4.04798e-001	9.94078e-001	
8.01719e-001	3.09085e-002	
7.47857e-001	3.30328e-002	
4.46524e-001	9.89493e-001	
7.29581e-001	3.44344e-002	
6.40499e-001	5.88881e-001	
5.97926e-001	8.53287e-001	
6.35361e-001	6.45031e-001	
6.59291e-001	1.04580e-001	
6.24391e-001	7.32536e-001	
7.01835e-001	4.00130e-002	
6.28587e-001	7.02547e-001	
6.12039e-001	7.99475e-001	
6.60368e-001	9.67571e-002	
6.65291e-001	7.56007e-002	
6.33136e-001	6.73086e-001	
4.68916e-001	9.85537e-001	
6.36694e-001	6.31309e-001	
5.90796e-001	8.73953e-001	
6.38215e-001	6.15505e-001	
6.32061e-001	6.74459e-001	
6.29698e-001	7.01421e-001	
6.08048e-001	8.18273e-001	
6.39359e-001	6.01992e-001	
8.19127e-001	2.79372e-002	
6.21242e-001	7.51707e-001	
6.02203e-001	8.38850e-001	
5.06827e-001	9.74941e-001	
4.91126e-001	9.79826e-001	
6.14307e-001	7.88946e-001	
6.23276e-001	7.38902e-001	
4.78099e-001	9.83401e-001	
4.95406e-001	9.78225e-001	
5.76617e-001	9.05973e-001	
6.19833e-001	7.59883e-001	
6.15939e-001	7.80944e-001	
8.30649e-001	2.36276e-002	
6.18601e-001	7.67474e-001	
5.11933e-001	9.71480e-001	
5.20651e-001	9.66873e-001	
5.87542e-001	8.82234e-001	
6.17163e-001	7.74442e-001	
8.23233e-001	2.67015e-002	
5.27639e-001	9.62575e-001	
8.34962e-001	2.11607e-002	
5.80075e-001	8.99148e-001	
6.05204e-001	8.28002e-001	
6.67727e-001	6.94031e-002	
8.39910e-001	1.74988e-002	
6.03334e-001	8.35423e-001	
5.73622e-001	9.11108e-001	
5.17405e-001	9.68728e-001	
8.42767e-001	1.46532e-002	
6.69680e-001	6.55825e-002	
5.67687e-001	9.21146e-001	
6.06272e-001	8.23919e-001	
5.84828e-001	8.88459e-001	
8.49723e-001	1.50632e-003	
5.71783e-001	9.14851e-001	
5.81408e-001	8.96267e-001	
5.64276e-001	9.26621e-001	
5.89601e-001	8.77012e-001	
5.59637e-001	9.32603e-001	
8.45918e-001	1.05244e-002	
4.73890e-001	9.84425e-001	
5.83730e-001	8.90972e-001	
5.55958e-001	9.37176e-001	
5.69156e-001	9.18850e-001	
6.77292e-001	5.46014e-002	
5.35934e-001	9.56650e-001	
6.72207e-001	6.11184e-002	
5.32433e-001	9.59456e-001	
6.80660e-001	5.13349e-002	
5.40673e-001	9.52873e-001	
5.54902e-001	9.38445e-001	
5.51602e-001	9.42085e-001	
5.43221e-001	9.50670e-001	
6.98079e-001	4.13527e-002	
6.75673e-001	5.63835e-002	
8.48641e-001	4.82043e-003	
5.38045e-001	9.55057e-001	
8.47427e-001	7.92908e-003	
6.85279e-001	4.78893e-002	
6.92514e-001	4.37032e-002	
6.73403e-001	5.95209e-002	
6.89649e-001	4.51538e-002	
6.82283e-001	5.00189e-002	
6.95330e-001	4.24415e-002	
5.30286e-001	9.60773e-001	
5.48187e-001	9.46065e-001	
