1.96273e-004	9.99649e-001	
1.68076e+000	4.97682e-004	
1.03995e+000	5.26334e-001	
6.54085e-001	5.41944e-001	
1.37914e-001	8.32166e-001	
3.47922e-001	8.29913e-001	
1.20333e+000	4.08309e-001	
1.56780e+000	1.40106e-002	
1.22828e+000	3.53864e-001	
1.05884e+000	5.20252e-001	
1.26218e+000	2.46098e-001	
1.63883e+000	4.60477e-003	
1.27662e+000	2.16532e-001	
1.53826e+000	1.87037e-002	
1.28925e+000	1.84784e-001	
1.12994e+000	5.16030e-001	
1.19848e+000	4.70246e-001	
1.25151e+000	2.90420e-001	
1.14480e+000	4.92535e-001	
1.49447e+000	2.76793e-002	
1.18331e+000	4.83615e-001	
6.36635e-001	5.43703e-001	
4.77123e-001	6.66018e-001	
1.46117e+000	3.69790e-002	
4.65773e-001	6.93308e-001	
1.07305e-001	8.35717e-001	
1.34080e+000	1.10138e-001	
1.40798e+000	6.01573e-002	
1.43057e+000	4.94177e-002	
1.30388e+000	1.57896e-001	
6.03883e-001	5.49640e-001	
1.65476e+000	3.01962e-003	
1.23892e+000	3.36455e-001	
1.35354e+000	9.63673e-002	
1.44289e+000	4.46166e-002	
1.48329e+000	3.06368e-002	
1.24674e+000	3.07298e-001	
5.02232e-001	6.16141e-001	
1.32929e+000	1.22812e-001	
4.41680e-001	7.53928e-001	
1.13749e+000	5.13294e-001	
9.63728e-003	9.37905e-001	
1.31332e+000	1.41294e-001	
1.24308e+000	3.23569e-001	
1.45586e-002	9.18591e-001	
6.92507e-002	8.47898e-001	
4.34591e-001	7.68605e-001	
4.04791e-001	8.03770e-001	
4.47238e-001	7.41765e-001	
4.93693e-001	6.29602e-001	
1.32225e+000	1.31667e-001	
8.08651e-002	8.42254e-001	
9.32965e-002	8.38334e-001	
4.58554e-001	7.13361e-001	
1.37874e+000	7.92261e-002	
5.28302e-001	5.85936e-001	
3.96275e-001	8.11477e-001	
3.46479e-003	9.75172e-001	
5.68215e-001	5.61292e-001	
3.86367e-001	8.16034e-001	
5.39397e-001	5.76802e-001	
5.84017e-003	9.57978e-001	
3.75860e-001	8.20900e-001	
1.19164e+000	4.76068e-001	
5.95777e-001	5.51405e-001	
4.14808e-001	7.94953e-001	
2.10477e-003	9.84680e-001	
4.88778e-001	6.37257e-001	
4.62255e-001	7.02514e-001	
1.38614e+000	7.25677e-002	
1.30646e+000	1.53131e-001	
1.36779e+000	8.53820e-002	
4.81659e-001	6.52588e-001	
5.09797e-001	6.04913e-001	
1.36279e+000	8.88811e-002	
5.74532e-002	8.54356e-001	
5.44880e-001	5.72944e-001	
4.02080e-002	8.69813e-001	
5.81404e-001	5.55579e-001	
5.22657e-001	5.91026e-001	
8.05156e-003	9.50341e-001	
4.28757e-001	7.76494e-001	
3.60077e-001	8.26858e-001	
4.24811e-001	7.82339e-001	
4.52467e-001	7.30031e-001	
4.54554e-001	7.26253e-001	
4.19154e-001	7.89830e-001	
2.39158e-002	8.95354e-001	
4.83743e-001	6.47252e-001	
3.49286e-002	8.77924e-001	
3.66093e-001	8.24905e-001	
1.39647e+000	6.59162e-002	
1.75731e-002	9.09633e-001	
1.98739e-002	9.03199e-001	
5.15661e-001	5.97241e-001	
4.55800e-002	8.64080e-001	
2.80778e-002	8.88842e-001	
5.56468e-001	5.66169e-001	
5.77311e-001	5.57101e-001	
5.54664e-001	5.67352e-001	
