1.00040e+000	4.92784e-004	
2.50775e-003	9.98625e-001	
2.66791e-001	6.52144e-001	
8.18529e-001	1.34513e-001	
2.40342e-001	6.83668e-001	
4.29114e-001	4.72298e-001	
3.07406e-001	6.03898e-001	
5.35905e-001	3.70240e-001	
5.54633e-001	3.51047e-001	
8.47870e-001	1.13130e-001	
4.45998e-001	4.54690e-001	
1.01728e-001	8.62694e-001	
2.06287e-001	7.25997e-001	
6.21119e-001	2.92734e-001	
2.19856e-001	7.09439e-001	
3.48572e-001	5.57905e-001	
7.51098e-001	1.86304e-001	
3.35882e-001	5.73272e-001	
2.94524e-001	6.19326e-001	
5.64956e-001	3.41718e-001	
4.92743e-001	4.09925e-001	
1.61721e-001	7.82730e-001	
4.16466e-001	4.84678e-001	
9.82027e-001	1.33659e-002	
1.10715e-001	8.50320e-001	
2.80753e-001	6.35006e-001	
8.04429e-001	1.46193e-001	
3.48077e-002	9.53911e-001	
9.19411e-001	5.97020e-002	
1.79130e-001	7.60825e-001	
7.94785e-001	1.52885e-001	
6.32484e-001	2.83281e-001	
1.89704e-001	7.47036e-001	
1.39566e-001	8.12397e-001	
3.21697e-001	5.88006e-001	
8.81980e-002	8.81302e-001	
5.24660e-001	3.79037e-001	
1.71775e-001	7.70522e-001	
8.61956e-001	1.02115e-001	
6.70385e-001	2.51150e-001	
7.67590e-002	8.96008e-001	
7.41059e-001	1.94587e-001	
5.28062e-002	9.28910e-001	
5.05067e-001	3.98114e-001	
1.97260e-001	7.37948e-001	
7.68297e-001	1.75245e-001	
4.07540e-001	4.94498e-001	
6.78887e-002	9.07895e-001	
3.98608e-001	5.04002e-001	
7.80571e-001	1.63514e-001	
2.28385e-001	6.98390e-001	
6.11076e-002	9.17216e-001	
4.78448e-001	4.31328e-001	
3.57829e-001	5.47135e-001	
6.43551e-001	2.73987e-001	
1.20089e-001	8.37340e-001	
4.63676e-001	4.37211e-001	
4.82092e-001	4.19588e-001	
4.56040e-001	4.44796e-001	
8.72268e-001	9.40914e-002	
6.60006e-001	2.59801e-001	
5.92719e-001	3.17941e-001	
1.25210e-002	9.84064e-001	
9.34347e-001	4.85352e-002	
7.30150e-001	2.03801e-001	
5.78755e-001	3.29499e-001	
6.05261e-001	3.06242e-001	
9.54500e-001	3.36057e-002	
1.31993e-001	8.22327e-001	
6.51956e-001	2.66796e-001	
8.93921e-001	7.86958e-002	
3.89593e-001	5.13247e-001	
2.57597e-002	9.66279e-001	
3.69211e-001	5.35160e-001	
3.80206e-001	5.23315e-001	
1.49423e-001	7.99001e-001	
2.86375e-001	6.28873e-001	
3.26634e-001	5.82481e-001	
6.99632e-001	2.28427e-001	
1.52431e-001	7.95464e-001	
8.81600e-001	8.75681e-002	
9.75098e-001	1.89385e-002	
9.45931e-001	4.02906e-002	
1.26185e-001	8.29838e-001	
2.36411e-001	6.89827e-001	
6.81332e-001	2.42457e-001	
8.43431e-002	8.85712e-001	
6.93875e-001	2.36086e-001	
5.14474e-001	3.88576e-001	
4.29898e-002	9.41638e-001	
8.50040e-001	1.11156e-001	
9.06465e-001	6.95752e-002	
6.03856e-001	3.07378e-001	
3.66117e-001	5.39463e-001	
4.53779e-002	9.39350e-001	
1.62194e-002	9.78824e-001	
2.18200e-002	9.71166e-001	
7.07362e-001	2.20902e-001	
8.88661e-001	8.22265e-002	
9.38702e-001	4.56539e-002	
