7.91475e-001	2.01222e-001	
5.72261e-001	4.08916e-001	
9.35165e-002	8.39368e-001	
3.10094e-001	6.43707e-001	
7.22367e-001	2.50749e-001	
1.48614e-001	8.30438e-001	
5.11860e-001	4.50278e-001	
9.48186e-001	0.00000e+000	
5.57458e-001	4.10301e-001	
3.89645e-004	1.04266e+000	
7.32648e-001	2.41704e-001	
3.07492e-001	6.82702e-001	
3.19994e-001	6.21890e-001	
1.65751e-001	8.25910e-001	
3.13403e-001	6.23927e-001	
5.16934e-001	4.28136e-001	
7.51714e-001	2.35024e-001	
3.27225e-001	6.07808e-001	
7.59997e-001	2.04966e-001	
9.49330e-001	2.17832e-003	
1.47256e-003	1.05776e+000	
3.35113e-001	6.25338e-001	
5.19575e-001	4.30324e-001	
1.35969e-004	1.06360e+000	
3.47134e-001	6.18864e-001	
9.52750e-001	6.68235e-004	
7.36691e-001	2.44070e-001	
3.10537e-001	6.45821e-001	
3.23774e-001	6.44573e-001	
7.24756e-001	2.60085e-001	
9.51058e-002	8.53288e-001	
1.04596e-001	8.40410e-001	
7.94344e-001	2.02194e-001	
5.58284e-001	4.10909e-001	
3.30243e-001	6.29359e-001	
7.34222e-001	2.51405e-001	
3.91895e-001	6.13854e-001	
5.11800e-001	4.50225e-001	
7.32532e-001	2.52701e-001	
7.27228e-001	2.60296e-001	
3.98592e-002	1.05883e+000	
1.35926e-004	1.06326e+000	
1.47690e-003	1.06087e+000	
3.49410e-001	6.19562e-001	
5.13139e-001	4.51403e-001	
7.38342e-001	2.54706e-001	
3.11384e-001	6.56570e-001	
7.40851e-001	2.45448e-001	
5.75017e-001	4.10886e-001	
3.30922e-001	6.30653e-001	
3.37134e-001	6.28864e-001	
9.56883e-001	7.64343e-004	
8.00794e-001	2.03591e-001	
5.21579e-001	4.31984e-001	
3.13559e-001	6.50901e-001	
9.53327e-001	2.18749e-003	
1.02706e-001	8.53753e-001	
9.61186e-002	8.62375e-001	
9.77347e-002	8.55943e-001	
9.45540e-002	8.73804e-001	
7.53054e-001	2.43603e-001	
5.65727e-001	4.16387e-001	
5.77216e-001	4.18802e-001	
5.71265e-001	4.20506e-001	
3.11226e-001	6.62289e-001	
3.49787e-001	6.23800e-001	
5.79255e-001	4.13599e-001	
9.39484e-002	8.74750e-001	
3.44536e-001	6.31055e-001	
7.28082e-001	2.65189e-001	
9.55919e-001	7.63574e-004	
3.35748e-001	6.39850e-001	
9.53095e-001	2.18696e-003	
8.01900e-001	2.03873e-001	
7.46779e-001	2.47412e-001	
5.17491e-001	4.55232e-001	
5.88674e-001	4.11090e-001	
3.13195e-001	6.50146e-001	
3.99533e-002	1.06133e+000	
1.36191e-004	1.06533e+000	
3.50954e-001	6.22299e-001	
9.82383e-002	8.60353e-001	
1.14024e-001	8.53020e-001	
1.03656e-001	8.57668e-001	
3.37800e-001	6.35470e-001	
7.38705e-001	2.56421e-001	
5.25507e-001	4.35236e-001	
3.30766e-001	6.42198e-001	
7.35249e-001	2.61588e-001	
3.54020e-001	6.18609e-001	
7.42729e-001	2.52923e-001	
9.61515e-002	8.62670e-001	
1.36480e-004	1.06759e+000	
9.56034e-001	7.63665e-004	
3.14227e-001	6.52287e-001	
1.18579e-001	8.52818e-001	
5.81540e-001	4.12710e-001	
5.17093e-001	4.54938e-001	
9.52354e-001	1.28748e-002	
8.10401e-001	2.03604e-001	
