2.04277e-001	7.41710e-001	
8.80013e-001	9.13177e-002	
8.77246e-001	1.08107e-001	
5.81763e-001	3.59012e-001	
2.61681e-001	6.97217e-001	
4.08820e-001	5.10786e-001	
3.26044e-001	6.26376e-001	
7.48825e-001	2.00249e-001	
8.78645e-001	9.81608e-002	
0.00000e+000	9.54951e-001	
3.11494e-001	6.32268e-001	
3.58967e-001	5.64015e-001	
8.68607e-001	1.14972e-001	
4.15199e-002	8.94198e-001	
8.05525e-001	1.54802e-001	
9.59425e-002	8.41704e-001	
9.74592e-001	0.00000e+000	
5.34198e-001	4.10667e-001	
1.49800e-001	7.90151e-001	
8.99995e-001	3.41933e-002	
6.99007e-001	2.53740e-001	
5.54268e-003	9.46121e-001	
8.33275e-001	1.47529e-001	
7.51286e-001	2.00907e-001	
2.06742e-001	7.50660e-001	
8.81419e-001	1.08534e-001	
2.61416e-001	6.96511e-001	
3.16980e-001	6.40323e-001	
8.99195e-001	4.20675e-002	
4.19170e-002	9.02750e-001	
9.76123e-002	8.56353e-001	
1.52911e-001	7.91441e-001	
8.30495e-001	1.60995e-001	
3.25988e-001	6.26270e-001	
4.09308e-001	5.11395e-001	
9.19642e-001	3.43327e-002	
5.81006e-001	3.58545e-001	
7.03942e-001	2.55532e-001	
0.00000e+000	9.57472e-001	
9.01876e-001	3.70095e-002	
1.51086e-001	8.01062e-001	
8.34083e-001	1.49623e-001	
3.65250e-001	5.76156e-001	
5.39379e-001	4.17323e-001	
3.66941e-001	5.74821e-001	
8.22863e-001	1.77968e-001	
9.84461e-001	0.00000e+000	
8.88276e-001	9.12187e-002	
8.83347e-001	9.86861e-002	
8.68540e-001	1.14963e-001	
7.50942e-001	2.00815e-001	
9.07513e-001	4.24567e-002	
8.89367e-001	9.13307e-002	
9.88471e-001	0.00000e+000	
2.61693e-001	6.97248e-001	
9.21833e-001	3.52181e-002	
9.83485e-002	8.62811e-001	
5.83946e-001	3.60360e-001	
8.25295e-001	1.84102e-001	
8.27583e-001	1.78989e-001	
4.64991e-002	9.05475e-001	
0.00000e+000	9.65320e-001	
8.72969e-001	1.15450e-001	
9.18491e-001	3.64397e-002	
8.39742e-001	1.66978e-001	
3.73587e-001	5.86987e-001	
8.58575e-001	1.58126e-001	
7.03894e-001	2.55514e-001	
1.65928e-001	7.94315e-001	
3.20745e-001	6.47928e-001	
3.28400e-001	6.30903e-001	
3.79519e-001	5.79482e-001	
5.41733e-001	4.19144e-001	
4.14692e-001	5.18122e-001	
4.24100e-002	9.13367e-001	
1.51005e-001	8.00443e-001	
2.16305e-001	7.50130e-001	
2.08654e-001	7.57603e-001	
8.88114e-001	1.09447e-001	
0.00000e+000	9.69379e-001	
9.90381e-001	0.00000e+000	
5.40830e-001	4.18445e-001	
5.88808e-001	3.60181e-001	
7.06282e-001	2.55261e-001	
4.15635e-001	5.19300e-001	
2.62621e-001	6.99722e-001	
9.85464e-002	8.64548e-001	
7.51866e-001	2.01062e-001	
2.08638e-001	7.57543e-001	
3.22150e-001	6.50766e-001	
8.24571e-001	1.83941e-001	
1.51858e-001	8.05255e-001	
3.29473e-001	6.37305e-001	
3.78871e-001	5.78493e-001	
9.27803e-001	3.44058e-002	
4.25375e-002	9.14159e-001	
3.74220e-001	5.89583e-001	
4.65934e-002	9.07310e-001	
8.92707e-001	9.16738e-002	
1.77802e-001	7.98390e-001	
