7.54262e-001	2.19734e-001	
7.24439e-001	2.38403e-001	
5.46242e-001	5.84280e-001	
1.02811e+000	5.72424e-002	
9.86882e-001	1.65841e-001	
6.96520e-001	2.42228e-001	
3.90781e-004	1.04213e+000	
6.32335e-001	3.25569e-001	
1.61296e-001	9.78103e-001	
9.66624e-001	1.79337e-001	
2.66300e-002	1.03513e+000	
8.24817e-001	2.10623e-001	
1.40884e-001	1.01945e+000	
8.01984e-001	2.14534e-001	
1.60179e-001	1.00293e+000	
1.00081e+000	1.41619e-001	
1.76482e-001	9.51957e-001	
2.14456e-001	7.73330e-001	
9.53564e-001	1.82420e-001	
8.29941e-001	2.08018e-001	
5.73250e-001	5.74092e-001	
6.78423e-001	2.76733e-001	
2.29059e-001	7.18947e-001	
2.44279e-001	7.04579e-001	
3.23683e-001	6.30807e-001	
2.75834e-001	6.60446e-001	
9.04999e-001	1.95582e-001	
6.36640e-001	3.18263e-001	
3.33478e-001	6.24225e-001	
3.10542e-001	6.41919e-001	
3.02807e-001	6.50356e-001	
1.70218e-001	9.67516e-001	
7.36841e-001	2.24058e-001	
1.66521e-001	9.75324e-001	
6.63227e-001	2.88200e-001	
1.96134e-001	9.04910e-001	
8.57099e-001	2.05067e-001	
6.45692e-001	2.91625e-001	
1.03152e+000	2.77555e-004	
1.84689e-001	9.10350e-001	
9.08870e-001	1.88621e-001	
9.94655e-001	1.59597e-001	
2.69882e-001	6.66287e-001	
8.68465e-001	2.02599e-001	
6.13375e-001	4.94343e-001	
2.08750e-001	8.25937e-001	
2.51786e-001	6.71274e-001	
3.07239e-002	1.03209e+000	
2.46118e-001	6.90099e-001	
3.07780e-002	1.03391e+000	
6.84895e-001	2.86549e-001	
3.29229e-001	6.41614e-001	
7.55604e-001	2.20422e-001	
2.59431e-001	6.82813e-001	
9.61898e-001	1.83479e-001	
1.00005e+000	1.68053e-001	
8.69881e-001	2.02929e-001	
1.03680e+000	2.78975e-004	
3.00186e-001	6.60420e-001	
7.41170e-001	2.25374e-001	
2.13582e-001	7.87384e-001	
1.61330e-001	9.78306e-001	
2.07773e-001	8.55419e-001	
2.00589e-001	9.04309e-001	
3.40513e-001	6.33179e-001	
2.15028e-001	7.72364e-001	
2.31119e-001	7.25414e-001	
1.95224e-001	9.07098e-001	
2.67540e-001	6.77995e-001	
6.58054e-001	2.95636e-001	
5.75787e-001	5.76632e-001	
2.44897e-001	7.06362e-001	
2.55817e-001	6.86470e-001	
1.85765e-001	9.15656e-001	
8.66453e-001	2.07927e-001	
9.57609e-001	1.84868e-001	
6.76107e-001	2.88867e-001	
8.34554e-001	2.09406e-001	
6.21171e-001	5.00627e-001	
9.11231e-001	1.89111e-001	
2.10461e-001	8.32706e-001	
9.56033e-001	1.87530e-001	
7.06254e-001	2.47484e-001	
6.99330e-001	2.65164e-001	
1.02036e+000	1.48858e-001	
3.90753e-004	1.04206e+000	
1.03188e+000	5.74522e-002	
1.79110e-001	9.66134e-001	
1.41287e-001	1.02236e+000	
1.00341e+000	1.59755e-001	
7.12339e-001	2.43089e-001	
5.46601e-001	5.84663e-001	
6.36715e-001	3.27824e-001	
1.77014e-001	9.75386e-001	
8.12749e-001	2.17414e-001	
3.95515e-004	1.05476e+000	
1.06350e+000	2.86158e-004	
6.25796e-001	5.04354e-001	
5.47731e-001	5.85871e-001	
3.43805e-001	6.34029e-001	
