3.45365e-001	6.77018e-001	
4.15850e-001	6.73868e-001	
1.87337e-001	7.55842e-001	
5.06887e-001	5.35700e-001	
9.17553e-001	1.24027e-002	
1.70553e-001	8.03133e-001	
2.40311e-001	6.93962e-001	
8.11377e-001	3.05835e-001	
6.70297e-001	3.38807e-001	
5.08506e-001	4.58953e-001	
1.89099e-001	7.39500e-001	
5.32575e-001	3.78466e-001	
6.01011e-001	3.44839e-001	
7.64664e-001	3.29465e-001	
6.87710e-004	1.03067e+000	
9.63431e-002	1.00093e+000	
1.10978e-001	9.94012e-001	
1.67638e-001	8.84610e-001	
7.55835e-001	3.31380e-001	
9.82860e-001	2.09336e-003	
5.53472e-001	3.63229e-001	
4.90174e-001	6.16851e-001	
3.78135e-003	1.02122e+000	
5.64395e-001	3.60323e-001	
8.17069e-001	2.97071e-001	
8.00735e-001	3.14376e-001	
9.28429e-001	8.17914e-003	
9.22852e-001	1.12363e-002	
8.30724e-001	2.84813e-001	
5.68735e-001	3.51406e-001	
5.45452e-001	3.73810e-001	
8.66917e-001	4.00357e-002	
1.91318e-001	7.20821e-001	
1.61693e-001	9.24854e-001	
2.13374e-001	7.04505e-001	
4.84566e-001	6.32050e-001	
8.47814e-001	9.42150e-002	
8.59756e-001	7.81553e-002	
2.18789e-001	6.95614e-001	
7.15936e-001	3.35691e-001	
7.43888e-001	3.32513e-001	
8.14700e-001	3.01453e-001	
5.16255e-001	4.43168e-001	
8.07560e-001	3.08012e-001	
5.23100e-001	4.01867e-001	
2.45430e-001	6.83931e-001	
8.91075e-001	2.85380e-002	
4.60715e-001	6.49444e-001	
1.73734e-001	7.68594e-001	
1.42338e-001	9.71091e-001	
5.10209e-001	4.47506e-001	
2.79781e-001	6.81587e-001	
8.98289e-001	2.15651e-002	
5.17813e-001	4.09943e-001	
8.82562e-001	3.36323e-002	
1.69070e-001	8.59787e-001	
1.39339e-001	9.72385e-001	
2.82537e-001	6.79095e-001	
8.37290e-001	2.40211e-001	
9.36409e-001	5.98768e-003	
5.89836e-002	1.00761e+000	
8.51978e-001	8.13018e-002	
1.60198e-001	9.32837e-001	
1.75307e-001	7.62136e-001	
2.04718e-001	7.07256e-001	
1.01022e+000	1.23502e-004	
1.60298e-002	1.01193e+000	
5.01701e-001	5.82782e-001	
1.33870e-001	9.81079e-001	
4.86370e-001	6.29954e-001	
9.87693e-001	1.77578e-003	
6.89363e-004	1.03315e+000	
8.36599e-001	2.69301e-001	
8.48860e-001	9.43312e-002	
5.06218e-001	5.35399e-001	
3.45141e-001	6.76378e-001	
4.17431e-001	6.73370e-001	
1.67050e-001	8.92223e-001	
1.70548e-001	8.03110e-001	
5.01690e-001	6.09901e-001	
6.69650e-001	3.38480e-001	
5.09771e-001	4.52864e-001	
6.05704e-001	3.47532e-001	
1.62053e-001	9.26830e-001	
1.02382e-001	1.00540e+000	
7.62641e-001	3.30535e-001	
5.89996e-002	1.00855e+000	
5.74489e-001	3.54961e-001	
2.82094e-001	6.85618e-001	
1.43226e-001	9.70204e-001	
1.74164e-001	7.70498e-001	
1.34113e-001	9.82863e-001	
4.66007e-001	6.56903e-001	
8.66538e-001	5.90526e-002	
9.41424e-001	5.08577e-003	
4.84020e-001	6.39099e-001	
8.82328e-001	3.36597e-002	
8.00187e-001	3.14161e-001	
7.17569e-001	3.36457e-001	
5.46100e-001	3.74254e-001	
