2.75052e-001	2.13380e-001	
2.76812e-001	1.75089e-001	
1.59278e-001	5.03672e-001	
2.82195e-001	1.42142e-001	
1.94981e-001	2.98085e-001	
1.89445e+000	5.63752e-004	
2.70171e-001	2.15390e-001	
2.03151e-001	2.22593e-001	
5.91269e-004	2.07964e+000	
1.98185e-001	3.02983e-001	
2.77739e-001	2.15465e-001	
2.28516e-001	2.52167e-001	
3.04648e-001	1.55684e-001	
1.59141e-001	5.76199e-001	
2.79412e-001	1.75983e-001	
2.04555e+000	7.01158e-004	
1.22542e-007	2.34288e+000	
1.76680e-001	5.06586e-001	
1.52398e-003	2.25192e+000	
2.03958e+000	1.11115e-001	
2.93508e-001	2.30702e-001	
1.64157e-001	1.02036e+000	
1.68542e-001	6.10239e-001	
2.09709e+000	5.78950e-004	
2.21184e-001	3.08001e-001	
2.02194e-001	4.44872e-001	
8.42875e-006	2.37501e+000	
2.16643e-001	3.26638e-001	
4.99067e-001	1.54774e-001	
1.92111e-003	2.26564e+000	
3.29631e-001	2.02532e-001	
2.06021e+000	1.12239e-001	
1.79088e-001	5.61133e-001	
2.70352e-001	2.68636e-001	
4.09075e-001	1.80261e-001	
4.71260e-001	1.65171e-001	
1.93197e-003	2.27845e+000	
2.14676e-001	4.72336e-001	
2.20996e-001	3.40691e-001	
8.46170e-006	2.38429e+000	
4.50458e-001	1.96008e-001	
2.31499e+000	6.88896e-004	
2.22052e+000	1.84373e-003	
4.78070e-001	1.67557e-001	
4.63284e-001	1.81269e-001	
2.15775e+000	1.03967e-001	
1.84532e-001	5.78588e-001	
2.24407e-001	3.12489e-001	
3.70110e-001	2.36939e-001	
2.38578e-001	3.09821e-001	
2.15397e+000	1.44539e-001	
4.35146e-001	2.21232e-001	
4.74464e-001	2.09076e-001	
1.86561e-001	5.84547e-001	
2.17665e-001	4.78913e-001	
4.49846e-001	2.16575e-001	
1.83583e-001	5.89271e-001	
1.27871e-007	2.44478e+000	
2.24663e+000	1.87015e-003	
2.16128e+000	1.10060e-001	
3.74196e-001	2.39555e-001	
3.80074e-003	2.30383e+000	
2.21251e-001	3.58812e-001	
4.85974e-001	1.70328e-001	
2.26253e-001	3.15307e-001	
1.32374e-007	2.53087e+000	
2.45356e+000	8.71713e-004	
2.43069e+000	1.16968e-001	
5.03647e-001	1.97062e-001	
5.24922e-001	1.72734e-001	
2.24334e-001	4.93585e-001	
2.46972e-001	3.20720e-001	
2.30056e-001	3.56462e-001	
2.20562e+000	1.55906e-001	
2.43762e+000	2.15074e-003	
4.54847e-001	2.18106e-001	
1.83307e-001	5.88385e-001	
2.36241e-001	3.34003e-001	
3.84998e-001	2.87515e-001	
1.93049e-001	6.04876e-001	
2.54886e+000	3.45260e-003	
1.85029e-001	6.69930e-001	
1.05778e+000	1.75589e-001	
1.49245e-007	2.85343e+000	
2.29400e-003	2.70540e+000	
5.07244e-001	2.23520e-001	
2.27525e-001	5.56116e-001	
2.56728e+000	1.11247e-004	
3.87262e-001	2.93428e-001	
2.56159e-001	3.42363e-001	
2.50002e+000	5.89250e-003	
2.50929e-001	4.13977e-001	
5.50641e-001	1.81198e-001	
5.43800e-001	2.11228e-001	
4.66474e-001	2.32485e-001	
1.70416e+000	1.74190e-001	
4.62264e-001	2.77053e-001	
2.43004e+000	1.17086e-001	
2.41151e-001	5.39683e-001	
2.50747e-001	4.13676e-001	
