1.03294e+000	7.86641e-004	
3.65270e-004	1.03843e+000	
5.92972e-001	3.52570e-001	
4.22938e-001	6.63139e-001	
2.54581e-001	8.52479e-001	
3.16868e-001	7.94081e-001	
5.01634e-001	5.28856e-001	
6.77779e-001	2.55180e-001	
4.52758e-001	6.40428e-001	
9.40114e-002	9.89731e-001	
3.73514e-001	7.46170e-001	
4.76922e-001	5.69545e-001	
6.66595e-002	9.92675e-001	
3.90148e-001	7.30869e-001	
9.07769e-001	6.22070e-002	
4.14749e-001	6.76070e-001	
9.32643e-001	5.40705e-002	
7.42505e-001	1.73153e-001	
6.10538e-001	3.49467e-001	
5.30698e-001	4.75169e-001	
9.39005e-001	4.33554e-002	
6.15241e-001	3.25570e-001	
7.64695e-001	1.61607e-001	
3.65872e-001	7.60162e-001	
4.62852e-001	6.14948e-001	
7.89381e-001	1.49827e-001	
1.41726e-001	9.49221e-001	
7.35414e-001	1.93188e-001	
8.34433e-001	1.08988e-001	
9.92776e-002	9.70479e-001	
8.10886e-001	1.19463e-001	
3.50942e-001	7.70721e-001	
6.23875e-001	3.14837e-001	
4.72059e-002	9.94581e-001	
1.49525e-001	9.41492e-001	
5.42970e-001	4.67569e-001	
3.11459e-001	8.16423e-001	
5.64650e-001	4.28120e-001	
5.11422e-001	5.14136e-001	
7.93932e-001	1.44572e-001	
4.08364e-001	6.98805e-001	
7.55920e-001	1.64272e-001	
4.74133e-001	5.88876e-001	
5.70395e-001	4.06142e-001	
7.27973e-001	2.03682e-001	
4.57900e-001	6.32726e-001	
1.00520e+000	1.05421e-002	
5.52911e-001	4.38201e-001	
1.95114e-001	9.15246e-001	
8.97310e-001	6.96533e-002	
2.94132e-001	8.31733e-001	
6.65546e-001	2.66617e-001	
3.94509e-001	7.15780e-001	
4.68402e-001	5.96873e-001	
3.96335e-001	7.09491e-001	
7.18375e-001	2.08611e-001	
3.09001e-001	8.24604e-001	
6.59601e-001	2.73109e-001	
6.41035e-001	2.94381e-001	
1.93004e-001	9.18014e-001	
8.85078e-001	7.79903e-002	
4.04905e-001	7.00964e-001	
6.99270e-001	2.30854e-001	
2.97254e-001	8.26828e-001	
5.58485e-001	4.32096e-001	
8.40616e-001	1.05011e-001	
8.74422e-001	8.03966e-002	
7.06398e-001	2.18905e-001	
6.54930e-001	2.83814e-001	
8.88129e-001	7.13049e-002	
5.74297e-001	3.99607e-001	
9.73036e-001	2.86035e-002	
5.18962e-001	4.92703e-001	
1.01977e+000	3.87818e-003	
6.87850e-001	2.34471e-001	
2.45297e-001	8.79777e-001	
4.18133e-002	1.00399e+000	
2.12252e-001	9.04312e-001	
8.04391e-001	1.29680e-001	
2.80784e-001	8.35144e-001	
5.47305e-001	4.48550e-001	
5.65601e-003	1.02351e+000	
4.88865e-001	5.66526e-001	
7.11263e-001	2.14447e-001	
2.19660e-001	8.87500e-001	
4.92470e-001	5.54936e-001	
7.36668e-001	1.86783e-001	
3.92905e-001	7.19998e-001	
8.67001e-001	8.46221e-002	
9.59548e-001	3.32411e-002	
8.44462e-001	1.02904e-001	
6.32077e-001	3.05426e-001	
3.38813e-001	7.74841e-001	
2.13582e-001	9.00120e-001	
1.01734e-001	9.59898e-001	
9.76780e-001	1.78212e-002	
1.68415e-001	9.28013e-001	
4.89313e-003	1.03317e+000	
1.07779e+000	8.20794e-004	
6.24408e-001	3.15106e-001	
