7.63751e-003	1.04773e+000	
1.68936e+000	6.45973e-005	
5.54270e-001	6.24947e-001	
7.69662e-001	6.23518e-001	
1.12170e+000	3.82698e-001	
1.16889e+000	3.58975e-001	
1.10835e+000	4.49651e-001	
1.21918e+000	2.35606e-001	
5.01225e-001	6.26475e-001	
1.18502e+000	3.33114e-001	
1.24825e+000	1.93925e-001	
1.06183e+000	4.76311e-001	
1.45600e+000	5.70824e-002	
1.06906e-002	9.98101e-001	
1.27720e+000	1.56843e-001	
1.09595e+000	4.64603e-001	
1.41359e+000	7.06716e-002	
8.17651e-001	6.19931e-001	
1.18803e+000	2.86666e-001	
1.25027e+000	1.80419e-001	
4.67252e-001	6.29583e-001	
3.25494e-001	6.89599e-001	
3.82452e-001	6.50748e-001	
9.63864e-001	5.66232e-001	
4.07918e-001	6.41169e-001	
9.09300e-001	5.92660e-001	
1.19774e+000	2.50927e-001	
1.55287e+000	2.64740e-002	
1.04827e+000	4.99601e-001	
3.45064e-001	6.71907e-001	
1.48573e+000	4.25245e-002	
1.35207e+000	9.86785e-002	
9.41734e-001	5.78682e-001	
1.57539e+000	2.07630e-002	
1.37443e+000	8.65592e-002	
1.03740e+000	5.10279e-001	
1.51452e+000	3.49186e-002	
1.66298e+000	4.22453e-003	
1.00026e+000	5.45513e-001	
3.13756e-001	7.03396e-001	
1.33775e+000	1.06888e-001	
8.36129e-001	6.17193e-001	
3.03239e-001	7.17610e-001	
1.52748e+000	3.17513e-002	
2.51931e-001	8.32594e-001	
9.26658e-001	5.85365e-001	
4.42953e-001	6.33065e-001	
1.19384e+000	2.69206e-001	
2.44714e-001	8.50270e-001	
1.47107e+000	4.88350e-002	
1.71496e-001	9.44727e-001	
4.28142e-001	6.36124e-001	
8.83676e-001	6.01789e-001	
1.47192e-001	9.58396e-001	
1.02923e+000	5.41617e-001	
2.96082e-001	7.32668e-001	
1.63951e+000	1.17817e-002	
2.71939e-001	7.81078e-001	
1.31968e-001	9.65705e-001	
3.14728e-002	9.93267e-001	
1.03367e+000	5.37923e-001	
9.79222e-001	5.55408e-001	
1.85368e-001	9.33806e-001	
3.65079e-001	6.59144e-001	
1.38761e+000	7.92961e-002	
1.59735e-001	9.52171e-001	
1.28896e+000	1.42653e-001	
1.30655e+000	1.30995e-001	
1.61094e+000	1.29797e-002	
1.19599e-001	9.70506e-001	
2.67467e-001	7.92940e-001	
1.59954e+000	1.78331e-002	
8.56545e-001	6.11052e-001	
1.32154e+000	1.18039e-001	
1.40027e+000	7.41880e-002	
2.58187e-001	8.17295e-001	
2.01785e-001	9.18804e-001	
2.61781e-001	8.07944e-001	
3.57188e-001	6.63724e-001	
1.64588e+000	7.71706e-003	
9.87996e-001	5.50880e-001	
2.31163e-001	8.77226e-001	
2.10942e-001	9.07901e-001	
1.04263e-001	9.75215e-001	
9.58822e-002	9.77573e-001	
1.29582e+000	1.37524e-001	
4.34182e-002	9.91285e-001	
6.59990e-002	9.85638e-001	
5.54032e-002	9.88226e-001	
2.38339e-001	8.63550e-001	
8.63781e-001	6.09541e-001	
2.78850e-001	7.64458e-001	
1.31807e+000	1.21845e-001	
8.77334e-001	6.03826e-001	
2.15496e-001	9.01712e-001	
2.24286e-001	8.88898e-001	
2.88664e-001	7.43307e-001	
8.09750e-002	9.81849e-001	
2.22809e-001	8.92665e-001	
2.35477e-001	8.69245e-001	
