9.23948e-001	1.33901e-002	
2.09142e-001	7.25766e-001	
4.87315e-001	4.68626e-001	
1.32343e-002	1.04663e+000	
8.35333e-001	1.54603e-001	
5.73530e-002	8.80294e-001	
9.29304e-001	3.66477e-003	
1.49511e-003	1.05112e+000	
5.50081e-002	9.03581e-001	
1.81393e-002	1.04201e+000	
1.95508e-001	7.27927e-001	
4.04941e-004	1.08552e+000	
3.56740e-001	6.03674e-001	
7.79308e-001	1.56819e-001	
4.95180e-001	4.40537e-001	
3.54458e-001	6.07080e-001	
6.32674e-001	2.96064e-001	
6.50335e-001	2.97145e-001	
5.52573e-002	9.07674e-001	
9.39937e-001	6.16942e-003	
4.92249e-001	4.73370e-001	
7.97614e-001	1.60357e-001	
4.95096e-001	4.65614e-001	
9.32513e-001	7.46107e-003	
3.53795e-001	6.09961e-001	
1.50565e-003	1.05853e+000	
6.41333e-001	3.00117e-001	
5.03281e-001	4.50835e-001	
2.00235e-001	7.52130e-001	
9.43544e-001	3.72092e-003	
6.76596e-002	8.81745e-001	
8.35077e-001	1.54556e-001	
5.79881e-002	8.94932e-001	
1.32763e-002	1.04996e+000	
2.09813e-001	7.28096e-001	
7.78887e-001	1.63772e-001	
4.98349e-001	4.61032e-001	
2.07145e-001	7.46879e-001	
3.62464e-001	6.05752e-001	
4.06937e-004	1.09087e+000	
8.06043e-001	1.57053e-001	
5.14801e-001	4.40766e-001	
7.96637e-001	1.59821e-001	
9.62210e-001	3.78941e-003	
7.81884e-001	1.64402e-001	
1.99905e-001	7.54871e-001	
5.27377e-001	4.50893e-001	
1.95989e-002	1.05307e+000	
3.71586e-003	1.05803e+000	
3.63958e-001	6.09268e-001	
9.35733e-001	2.40675e-002	
2.10953e-003	1.08580e+000	
4.91531e-001	4.72679e-001	
2.08310e-001	7.51078e-001	
2.10297e-001	7.29777e-001	
7.78453e-001	1.67658e-001	
3.62899e-001	6.11283e-001	
5.11296e-001	4.60659e-001	
6.85126e-002	8.92861e-001	
6.50304e-001	2.97131e-001	
4.99476e-001	4.62074e-001	
1.23152e-004	1.10179e+000	
6.41404e-001	3.00150e-001	
7.58778e-002	8.89577e-001	
5.54008e-002	9.10032e-001	
3.58132e-001	6.17438e-001	
9.45115e-001	6.20341e-003	
8.06192e-001	1.57082e-001	
5.85786e-002	9.00481e-001	
9.64171e-001	3.79713e-003	
3.76845e-003	1.07300e+000	
6.40877e-001	3.39450e-001	
4.93792e-001	4.74854e-001	
9.41580e-001	3.79225e-002	
2.17178e-001	7.47361e-001	
5.88331e-002	9.04395e-001	
1.23090e-004	1.10123e+000	
2.11627e-002	1.05361e+000	
9.44331e-001	1.29702e-002	
7.78048e-001	1.67571e-001	
6.45676e-001	3.10209e-001	
5.26889e-001	4.50476e-001	
3.70482e-001	6.09449e-001	
5.58526e-002	9.17453e-001	
2.00282e-001	7.56293e-001	
1.16829e-002	1.06135e+000	
8.05974e-001	1.57039e-001	
6.87878e-002	8.96448e-001	
3.65027e-001	6.11057e-001	
3.61776e-001	6.22393e-001	
3.60360e-001	6.26821e-001	
5.00147e-001	4.62695e-001	
9.47063e-001	6.21619e-003	
2.21192e-001	7.40292e-001	
6.50632e-001	2.97281e-001	
6.48933e-001	3.03673e-001	
7.97309e-001	1.62106e-001	
2.16015e-001	7.49616e-001	
2.14149e-003	1.10225e+000	
6.49855e-001	3.04104e-001	
