8.05012e-001	1.74560e-001	
7.22899e-001	2.05578e-001	
3.51590e-001	5.86859e-001	
6.58885e-001	4.36428e-001	
1.06617e-002	9.28698e-001	
7.68012e-001	1.86457e-001	
6.24384e-001	5.00368e-001	
2.70016e-003	9.61383e-001	
3.44862e-002	8.95872e-001	
6.46681e-001	4.81945e-001	
4.80318e-003	9.57516e-001	
6.47159e-003	9.43497e-001	
3.94923e-002	8.73194e-001	
7.90179e-001	1.81563e-001	
3.75379e-001	5.50838e-001	
3.96211e-001	5.38170e-001	
2.53195e-001	8.37052e-001	
3.98265e-001	5.30102e-001	
1.00983e+000	3.40430e-003	
8.83364e-004	1.00481e+000	
7.04159e-001	2.30804e-001	
1.05678e+000	2.08659e-003	
9.71966e-002	8.56999e-001	
3.48554e-001	6.06348e-001	
4.15404e-001	5.23134e-001	
1.73980e-001	8.55160e-001	
9.86611e-001	1.36365e-001	
9.83080e-001	1.44649e-001	
3.60185e-001	5.58298e-001	
7.34423e-001	2.00443e-001	
8.16388e-002	8.61517e-001	
2.27620e-002	8.98128e-001	
4.47108e-001	5.15177e-001	
5.37135e-002	8.62976e-001	
6.23200e-001	5.06615e-001	
6.27647e-001	4.83451e-001	
3.56598e-001	5.72385e-001	
7.63528e-001	1.88622e-001	
9.01994e-001	1.68552e-001	
1.19817e-002	9.26886e-001	
6.87689e-001	2.99741e-001	
6.48709e-001	4.83457e-001	
2.56221e-001	8.47056e-001	
8.04109e-001	1.76346e-001	
7.93107e-001	1.82236e-001	
6.27541e-003	9.54626e-001	
7.25139e-001	2.06215e-001	
1.06580e-002	9.31622e-001	
6.25847e-001	5.01540e-001	
8.07473e-001	1.75094e-001	
6.61481e-001	4.38148e-001	
9.66430e-001	1.69015e-001	
3.51523e-001	5.86747e-001	
9.16143e-001	1.71073e-001	
3.97721e-001	5.29378e-001	
2.29122e-002	9.04053e-001	
6.29554e-001	4.84920e-001	
7.07610e-001	2.37396e-001	
1.05946e+000	2.09189e-003	
9.74526e-002	8.59256e-001	
5.70689e-002	8.70984e-001	
7.10322e-001	2.34842e-001	
5.64030e-001	5.17598e-001	
7.38616e-001	2.01458e-001	
1.02883e+000	3.46834e-003	
4.59952e-001	5.19385e-001	
8.25019e-002	8.66464e-001	
3.65356e-001	5.66313e-001	
3.67565e-001	5.64188e-001	
8.78520e-002	8.63546e-001	
4.17735e-001	5.28040e-001	
9.87681e-001	1.43095e-001	
3.10658e-003	9.62662e-001	
7.52002e-001	1.99606e-001	
4.55435e-001	5.24772e-001	
3.45853e-002	8.98448e-001	
6.96345e-001	3.10149e-001	
7.69252e-001	1.86758e-001	
1.00145e+000	1.36590e-001	
1.14305e-003	1.01389e+000	
6.92571e-001	3.30866e-001	
9.97171e-001	1.37824e-001	
3.48568e-001	6.09453e-001	
1.01307e+000	6.68760e-003	
3.75495e-001	5.51008e-001	
3.56009e-001	5.79580e-001	
1.06932e-003	1.01695e+000	
1.06764e+000	2.39979e-003	
3.29123e-001	8.46819e-001	
3.51650e-001	5.86959e-001	
6.30194e-001	4.85413e-001	
4.60939e-001	5.20500e-001	
2.56492e-001	8.47951e-001	
6.62102e-001	4.38559e-001	
9.74192e-002	8.58962e-001	
9.18697e-001	1.72061e-001	
6.93902e-001	3.31502e-001	
1.01354e+000	7.61097e-002	
7.09796e-001	2.38130e-001	
8.13814e-001	1.74421e-001	
