2.53759e-003	9.93641e-001	
9.92782e-001	2.32282e-003	
3.27152e-001	3.21637e-001	
2.83212e-001	3.68500e-001	
1.96835e-001	4.87767e-001	
4.28181e-002	8.55701e-001	
5.24034e-001	1.75525e-001	
3.28940e-002	8.88527e-001	
1.83958e-001	5.09549e-001	
3.79334e-001	2.74166e-001	
4.61282e-001	2.14326e-001	
2.17295e-001	4.56045e-001	
5.07457e-001	1.85216e-001	
7.78455e-002	7.50833e-001	
7.73944e-001	6.96307e-002	
1.25548e-001	6.27482e-001	
4.80352e-001	2.01170e-001	
3.10293e-001	3.38927e-001	
2.71171e-001	3.83427e-001	
2.31439e-001	4.35273e-001	
5.43442e-001	1.65816e-001	
7.51270e-001	7.70593e-002	
9.62362e-002	6.98157e-001	
3.64815e-001	2.87082e-001	
6.67779e-001	1.08757e-001	
3.41448e-001	3.08441e-001	
2.55530e-001	4.04676e-001	
4.91685e-001	1.95209e-001	
9.07988e-001	2.70871e-002	
8.93589e-002	7.17956e-001	
3.93830e-001	2.62410e-001	
2.98781e-001	3.51873e-001	
8.26407e-001	5.22353e-002	
4.48834e-001	2.22210e-001	
2.42344e-001	4.19951e-001	
9.76276e-001	8.25546e-003	
8.93276e-001	3.14976e-002	
5.55894e-001	1.58884e-001	
7.37869e-001	8.17679e-002	
9.46629e-001	1.57207e-002	
1.76816e-001	5.22279e-001	
1.08977e-001	6.66174e-001	
6.82767e-001	1.02239e-001	
9.03269e-003	9.70980e-001	
1.34349e-001	6.07797e-001	
5.70024e-001	1.51901e-001	
6.50082e-001	1.15813e-001	
7.88585e-001	6.45623e-002	
4.03051e-001	2.56271e-001	
9.61194e-001	1.14089e-002	
7.04904e-002	7.72239e-001	
2.61173e-001	3.95511e-001	
6.15690e-001	1.30401e-001	
2.47990e-002	9.16587e-001	
8.77023e-001	3.67586e-002	
4.36755e-001	2.30521e-001	
6.30632e-001	1.24403e-001	
2.05692e-001	4.74322e-001	
1.15021e-001	6.51107e-001	
1.19367e-001	6.42405e-001	
6.95843e-001	9.73511e-002	
1.51516e-002	9.49403e-001	
1.69727e-001	5.35568e-001	
8.10140e-001	5.73123e-002	
6.17463e-002	7.97021e-001	
1.89171e-002	9.36217e-001	
2.11116e-001	4.67350e-001	
7.21908e-001	8.81250e-002	
8.34252e-002	7.33808e-001	
8.01994e-001	5.99166e-002	
9.26137e-001	2.20480e-002	
6.39882e-001	1.19558e-001	
4.14800e-001	2.46246e-001	
5.71856e-002	8.10340e-001	
8.41310e-001	4.76586e-002	
5.50005e-002	8.17645e-001	
1.37295e-001	6.00097e-001	
9.29949e-001	2.05787e-002	
2.37476e-001	4.27301e-001	
1.02311e-001	6.83241e-001	
4.57776e-002	8.46002e-001	
3.01593e-002	8.98067e-001	
6.52591e-002	7.86835e-001	
1.42574e-001	5.89079e-001	
5.12572e-002	8.31407e-001	
3.02809e-001	3.46661e-001	
3.54156e-001	2.95594e-001	
1.45026e-001	5.82991e-001	
8.58661e-001	4.22397e-002	
2.72800e-002	9.08382e-001	
8.65836e-001	4.01529e-002	
1.04098e-001	6.79851e-001	
6.01108e-001	1.37208e-001	
5.81973e-001	1.45991e-001	
8.47198e-001	4.56897e-002	
5.89312e-001	1.42485e-001	
1.65190e-001	5.42898e-001	
6.54963e-003	9.80101e-001	
4.27636e-001	2.36696e-001	
8.65090e-002	7.30326e-001	
