8.94290e-001	3.26201e-002	
1.61447e-001	9.49622e-001	
4.44190e-001	6.73906e-001	
8.73117e-001	4.26075e-002	
5.13146e-001	4.30886e-001	
1.33008e-001	9.98874e-001	
1.65802e-001	9.40553e-001	
1.31876e-001	1.00012e+000	
5.46817e-001	3.75883e-001	
1.53254e-001	9.68899e-001	
9.04558e-001	2.38203e-002	
1.90944e-001	7.40985e-001	
1.00163e+000	7.73751e-004	
9.06656e-001	1.84595e-002	
2.31929e-001	6.91603e-001	
2.53802e-003	1.02396e+000	
1.89771e-001	7.44780e-001	
1.71721e-001	8.00880e-001	
4.94432e-001	6.37013e-001	
5.06506e-001	6.02119e-001	
9.09033e-001	1.72740e-002	
1.58161e-001	9.53937e-001	
7.86284e-001	3.31883e-001	
8.95432e-004	1.02628e+000	
8.06064e-001	3.14112e-001	
5.56436e-001	3.66461e-001	
8.51902e-001	1.42418e-001	
5.42997e-001	3.78549e-001	
8.40597e-001	2.66430e-001	
8.23420e-001	3.02166e-001	
5.53801e-001	3.68967e-001	
3.43852e-001	6.77703e-001	
4.55388e-001	6.65823e-001	
8.32452e-001	2.85512e-001	
1.36975e-001	9.79262e-001	
2.27079e-001	7.04339e-001	
2.18268e-001	7.11343e-001	
6.51256e-003	1.02103e+000	
8.54361e-001	9.11643e-002	
4.84874e-001	6.40733e-001	
8.27825e-001	2.96561e-001	
5.20105e-001	4.10882e-001	
4.69074e-001	6.59625e-001	
1.46289e-001	9.71653e-001	
3.77247e-002	1.01720e+000	
8.84085e-001	3.74545e-002	
9.01568e-001	3.02414e-002	
5.28725e-001	3.91161e-001	
5.36072e-001	3.81383e-001	
6.68676e-001	3.38676e-001	
4.72095e-001	6.48684e-001	
2.01551e-001	7.27191e-001	
5.86413e-001	3.45780e-001	
1.80340e-001	7.59887e-001	
1.87574e-001	7.49556e-001	
1.74306e-001	7.92441e-001	
1.54855e-001	9.56450e-001	
9.33643e-001	8.14225e-003	
8.41883e-001	2.61360e-001	
1.77036e-001	7.89675e-001	
5.03839e-001	6.21116e-001	
5.11906e-001	4.39358e-001	
7.90716e-001	3.24477e-001	
2.09204e-001	7.19031e-001	
2.92016e-001	6.79032e-001	
5.60210e-001	3.61248e-001	
9.67341e-001	3.04864e-003	
9.64876e-001	5.12612e-003	
4.85199e-004	1.04054e+000	
1.00352e+000	6.25466e-004	
6.68164e-001	3.40137e-001	
5.13029e-001	4.35587e-001	
5.11235e-001	6.08283e-001	
3.43578e-001	6.77163e-001	
8.45984e-001	2.68137e-001	
4.69688e-001	6.64603e-001	
8.73732e-001	4.26375e-002	
1.70892e-001	8.78942e-001	
7.89504e-001	3.33739e-001	
8.53447e-001	1.56518e-001	
4.96380e-002	1.01857e+000	
8.58336e-001	1.43494e-001	
5.93557e-001	3.51110e-001	
1.31916e-001	1.00043e+000	
1.72412e-001	8.04104e-001	
2.95658e-001	6.87501e-001	
1.65915e-001	9.41195e-001	
2.32171e-001	6.92327e-001	
1.81035e-001	7.66538e-001	
9.69407e-001	2.68086e-003	
9.34634e-001	8.50070e-003	
1.92969e-002	1.02453e+000	
1.39795e-001	9.80797e-001	
1.58989e-001	9.58927e-001	
5.01099e-001	6.45603e-001	
5.19415e-001	4.10336e-001	
3.28680e-001	6.85649e-001	
1.92392e-001	7.40559e-001	
5.60849e-001	3.66885e-001	
8.07899e-001	3.14827e-001	
