9.25909e-001	2.07074e-002	
1.87207e-001	7.57138e-001	
4.43520e-001	6.84551e-001	
2.51881e-001	6.98103e-001	
1.58028e-001	9.98411e-001	
9.07486e-001	3.45631e-002	
7.74732e-001	3.42372e-001	
1.52233e-001	1.00926e+000	
5.44156e-001	4.02011e-001	
3.36849e-003	1.03677e+000	
5.35318e-001	4.21540e-001	
8.62726e-001	1.12169e-001	
9.95538e-001	2.04493e-003	
5.94972e-001	3.60427e-001	
1.28483e-001	1.01476e+000	
8.89845e-001	6.51810e-002	
8.28262e-001	3.34654e-001	
1.98729e-001	7.47548e-001	
4.77725e-001	6.67623e-001	
6.42147e-001	3.47725e-001	
7.00826e-002	1.03265e+000	
2.38074e-001	7.06465e-001	
5.52113e-001	3.83166e-001	
2.85532e-001	6.89500e-001	
9.29429e-001	1.41482e-002	
4.97842e-001	6.29142e-001	
9.76578e-001	5.47372e-003	
1.62373e-001	9.76522e-001	
1.74439e-001	8.42618e-001	
1.76684e-001	8.19176e-001	
1.25006e-003	1.09456e+000	
5.27082e-001	4.46922e-001	
1.70753e-001	9.31300e-001	
2.07706e-001	7.14249e-001	
5.48632e-001	3.91273e-001	
9.85298e-001	3.91956e-003	
6.11848e-001	3.55599e-001	
8.98848e-001	4.82100e-002	
8.80221e-001	6.82184e-002	
1.66829e-001	9.36138e-001	
7.49271e-001	3.45794e-001	
8.66726e-001	1.12689e-001	
5.45647e-001	4.03113e-001	
8.99480e-001	6.85951e-002	
5.98255e-001	3.66124e-001	
8.94486e-001	7.29595e-002	
6.47176e-001	3.50448e-001	
9.08442e-001	5.64959e-002	
8.31931e-001	3.36137e-001	
1.49527e-001	1.01576e+000	
4.42851e-001	6.84726e-001	
4.86487e-001	6.73516e-001	
1.29317e-001	1.02135e+000	
4.91021e-001	6.69871e-001	
9.17584e-001	3.70524e-002	
3.36623e-003	1.03607e+000	
1.98812e-001	7.47860e-001	
5.00575e-001	6.36837e-001	
9.34632e-001	1.42274e-002	
2.38804e-001	7.08630e-001	
1.27635e-001	1.02381e+000	
9.78503e-001	6.12122e-003	
1.77380e-001	8.22406e-001	
1.25837e-003	1.10184e+000	
5.54400e-001	3.84754e-001	
1.71484e-001	9.35286e-001	
8.84278e-001	7.50721e-002	
7.74749e-001	3.42379e-001	
9.03963e-001	6.62151e-002	
5.50669e-001	3.92725e-001	
5.31720e-001	4.57780e-001	
2.06745e-001	7.38610e-001	
2.10069e-001	7.22376e-001	
1.74532e-001	8.45558e-001	
6.84246e-001	3.47585e-001	
9.95999e-001	2.04588e-003	
6.09049e-001	3.60190e-001	
1.88983e-001	7.56919e-001	
1.55104e-001	1.01133e+000	
9.28682e-001	2.14362e-002	
9.20935e-001	3.49209e-002	
9.12544e-001	4.87512e-002	
2.54018e-001	6.98298e-001	
1.65663e-001	9.93565e-001	
5.41450e-001	4.36083e-001	
2.49451e-001	7.05915e-001	
1.58110e-001	9.98932e-001	
4.93015e-001	6.67845e-001	
8.97783e-001	7.18355e-002	
6.02525e-001	3.65003e-001	
1.28910e-003	1.12874e+000	
9.97118e-001	2.04818e-003	
8.66646e-001	1.12679e-001	
5.33885e-001	4.58931e-001	
8.31532e-001	3.35975e-001	
5.08684e-001	6.44676e-001	
4.04387e-001	6.97708e-001	
1.70877e-001	9.50866e-001	
7.02556e-001	3.49004e-001	
2.64921e-001	7.01939e-001	
