3.25460e-001	1.00592e+000	
6.37094e-002	3.31638e+000	
4.30884e+000	6.13487e-004	
1.19290e-002	3.49567e+000	
2.04597e-009	3.82735e+000	
6.52926e-002	2.86182e+000	
3.88711e-001	4.51043e-001	
7.18828e-001	4.00605e-001	
4.67256e+000	6.65273e-004	
8.67569e-002	3.80262e+000	
3.90956e-001	4.53648e-001	
7.64991e-001	4.00846e-001	
4.51523e+000	6.92841e-002	
2.90963e-003	4.03127e+000	
3.43333e-001	1.00889e+000	
1.63276e-002	3.84645e+000	
6.64771e-001	4.50179e-001	
2.70043e-006	4.35275e+000	
4.68802e-001	5.36753e-001	
3.56840e-001	1.14342e+000	
7.65609e-001	4.08126e-001	
3.66225e-001	1.07616e+000	
2.25316e-002	4.01835e+000	
6.98046e-001	4.66627e-001	
5.25521e-001	4.95408e-001	
4.57372e+000	7.18038e-002	
4.69146e+000	1.54109e-002	
3.83154e-001	1.05835e+000	
5.14185e-002	3.91619e+000	
3.55637e-001	1.25410e+000	
5.34044e-003	4.40881e+000	
7.27039e-002	3.88055e+000	
1.48869e-002	4.36247e+000	
4.74142e+000	2.29611e-005	
1.77325e-002	4.17742e+000	
1.13883e-006	5.01808e+000	
5.32958e-001	5.02418e-001	
3.59302e-001	1.15131e+000	
3.70085e-001	1.14446e+000	
7.81300e-001	4.10935e-001	
7.54657e-002	4.02796e+000	
4.69047e+000	3.87620e-002	
5.35794e-003	4.42326e+000	
5.00431e-001	5.61558e-001	
4.95810e-005	5.29701e+000	
1.81115e-002	4.26670e+000	
4.87053e+000	2.35863e-005	
2.27217e-002	4.05225e+000	
5.62106e-003	4.72843e+000	
5.20732e-005	5.56327e+000	
1.92581e-002	4.53684e+000	
5.23669e-001	5.79958e-001	
3.82680e-001	1.22622e+000	
7.99990e-001	4.26453e-001	
1.20505e+000	4.17629e-001	
3.86789e-001	1.21781e+000	
1.22007e+000	4.16287e-001	
5.68492e-001	5.35916e-001	
4.04406e-001	1.18835e+000	
5.25932e+000	7.48816e-004	
4.91502e+000	1.43095e-002	
7.66380e-001	5.12307e-001	
9.30265e-002	4.07743e+000	
5.48705e-002	4.19177e+000	
5.56135e-001	7.85771e-001	
1.28022e-002	4.74921e+000	
5.66553e-003	4.76584e+000	
1.93789e-002	4.56530e+000	
3.95535e-001	1.26777e+000	
8.16543e-001	4.35277e-001	
7.45602e-006	5.63465e+000	
8.48345e-002	4.52802e+000	
5.10019e+000	5.73850e-002	
5.31522e+000	7.72263e-006	
7.16312e-001	5.91067e-001	
9.77694e-002	4.28531e+000	
5.07304e+000	6.48583e-002	
4.05513e-001	1.19196e+000	
6.27927e-001	6.11337e-001	
5.17941e+000	1.49077e-002	
7.18998e-001	5.35784e-001	
5.25295e+000	1.50724e-002	
1.94639e-002	4.58531e+000	
5.58538e+000	7.95239e-004	
6.56816e-001	7.27416e-001	
3.01708e-009	5.64400e+000	
7.99047e-001	5.95628e-001	
4.17321e-001	1.26057e+000	
8.24020e-001	4.39263e-001	
7.30305e-001	6.02613e-001	
6.48819e-001	9.34356e-001	
4.07665e-001	1.30627e+000	
5.13220e+000	6.63560e-002	
6.17191e-001	1.04365e+000	
5.94670e-003	4.90932e+000	
5.08411e+000	7.64001e-002	
5.63989e+000	8.03002e-004	
5.41053e-005	5.78037e+000	
1.20998e+000	4.63011e-001	
5.09790e+000	7.66073e-002	
