3.14240e-001	3.67662e-001	
3.55274e-001	3.30369e-001	
3.06138e-001	4.03506e-001	
3.33439e-001	3.54000e-001	
1.73637e-001	4.72839e-001	
1.49237e+000	1.65828e-001	
2.75127e+000	4.26214e-004	
1.27540e-001	2.52066e+000	
1.62004e-004	2.70017e+000	
6.11145e-001	1.99741e-001	
4.56914e-001	2.43172e-001	
5.45657e-001	3.10840e-001	
3.54959e-001	3.30077e-001	
8.71846e-001	2.64607e-001	
2.07364e-001	5.70048e-001	
1.61851e-001	2.63048e+000	
1.58988e+000	1.76664e-001	
1.81947e-001	2.34854e+000	
1.11448e-003	2.79969e+000	
3.09484e-001	4.07916e-001	
5.41594e-001	3.13749e-001	
3.43390e+000	5.31966e-004	
8.85598e-001	2.06400e-001	
3.78188e-001	3.88931e-001	
9.68070e-001	2.24576e-001	
3.61134e-001	3.99800e-001	
1.61540e-001	2.63749e+000	
3.12448e-001	4.11823e-001	
4.30396e-001	3.50752e-001	
1.06549e+000	2.18073e-001	
4.23354e-001	3.55987e-001	
3.46005e+000	7.80079e-004	
5.55329e-001	3.16065e-001	
1.29985e-003	2.84022e+000	
1.59449e+000	1.77176e-001	
3.87494e-001	3.80498e-001	
2.04335e-004	3.40570e+000	
9.62058e-001	2.51638e-001	
2.21880e-001	6.09954e-001	
3.24701e-001	4.51872e-001	
3.71746e-001	4.34943e-001	
3.23699e-001	5.16605e-001	
2.05253e-004	3.42100e+000	
4.58843e-001	3.73935e-001	
1.70359e+000	1.89299e-001	
9.73690e-001	2.95517e-001	
1.68356e+000	2.12114e-001	
4.76189e-001	3.71924e-001	
1.44395e-001	2.85377e+000	
1.75241e+000	1.87909e-001	
3.78858e-001	3.89619e-001	
1.29207e+000	2.20276e-001	
3.94531e-001	3.87232e-001	
9.80644e-001	2.27493e-001	
2.24771e-001	6.09456e-001	
3.50183e+000	5.42489e-004	
5.53076e-001	3.50157e-001	
1.61803e-001	2.64179e+000	
5.56465e-001	3.16711e-001	
1.21884e-003	3.06184e+000	
3.31669e-001	4.37158e-001	
3.15107e-001	5.53176e-001	
3.19527e-001	5.88155e-001	
3.78423e-001	4.42756e-001	
1.36916e+000	2.33419e-001	
3.49913e-001	4.44418e-001	
3.27989e-001	5.25012e-001	
5.54200e-001	3.50869e-001	
3.33385e-001	4.89291e-001	
2.62106e-001	7.11060e-001	
1.34245e-003	3.37237e+000	
1.52593e-001	3.01580e+000	
1.11739e+000	2.41732e-001	
3.39919e-001	4.48319e-001	
3.93362e-001	3.95132e-001	
2.83998e-001	6.35352e-001	
1.68013e-001	2.73063e+000	
2.06631e-004	3.44397e+000	
4.63528e-001	3.77753e-001	
5.72759e-001	3.15804e-001	
1.75901e+000	1.96755e-001	
1.01144e+000	3.06975e-001	
2.67020e-001	6.59310e-001	
5.58205e-001	3.17702e-001	
1.80001e+000	1.93013e-001	
3.50376e+000	5.42788e-004	
1.03508e+000	2.47018e-001	
3.54214e+000	5.48734e-004	
2.18474e-004	3.64137e+000	
1.71134e-001	2.78035e+000	
1.80588e+000	1.98465e-001	
2.71605e-001	7.36444e-001	
1.60957e-001	3.18110e+000	
1.34591e-003	3.38106e+000	
1.37859e+000	2.35027e-001	
1.02233e+000	3.10281e-001	
6.31401e-001	3.24404e-001	
2.88468e-001	6.45354e-001	
4.56865e-001	4.07993e-001	
6.23914e-001	3.55100e-001	
