8.18963e-001	2.66038e-003	
4.41663e-002	1.00043e+000	
5.23137e-001	4.45902e-001	
1.66638e-001	9.99040e-001	
5.24967e-001	3.30348e-001	
5.20542e-001	5.36082e-001	
2.24041e-001	9.97718e-001	
5.17318e-001	5.95929e-001	
6.58034e-001	1.05977e-001	
2.82133e-001	9.94266e-001	
5.26129e-001	2.83384e-001	
7.13003e-001	1.02526e-001	
5.03132e-001	7.34718e-001	
5.14468e-001	6.32347e-001	
5.31290e-001	2.16817e-001	
6.22766e-001	1.09175e-001	
5.06779e-001	7.07735e-001	
3.12502e-001	9.90972e-001	
4.97542e-001	7.68039e-001	
5.27657e-001	2.58436e-001	
5.08929e-001	6.89806e-001	
5.28904e-001	2.36711e-001	
5.36232e-001	1.87994e-001	
5.11534e-001	6.65470e-001	
7.89522e-001	5.20827e-003	
5.12663e-001	6.52875e-001	
7.79981e-001	1.76864e-002	
7.77265e-001	3.92138e-002	
7.26129e-001	9.97942e-002	
3.39417e-001	9.86597e-001	
3.27266e-001	9.88738e-001	
4.64847e-001	8.83876e-001	
3.89841e-001	9.69819e-001	
7.38912e-001	9.52540e-002	
4.69978e-001	8.71368e-001	
3.53824e-001	9.83045e-001	
4.92892e-001	7.91563e-001	
4.90425e-001	8.03157e-001	
6.08450e-001	1.11972e-001	
3.80474e-001	9.73973e-001	
7.73412e-001	5.47157e-002	
7.60376e-001	7.87259e-002	
4.09404e-001	9.57844e-001	
7.44484e-001	9.24529e-002	
4.80099e-001	8.42214e-001	
4.76662e-001	8.52824e-001	
4.62220e-001	8.90708e-001	
4.85616e-001	8.22886e-001	
3.98379e-001	9.65058e-001	
7.75463e-001	4.77531e-002	
4.35015e-001	9.33294e-001	
4.71845e-001	8.66445e-001	
4.95869e-001	7.77238e-001	
4.75139e-001	8.57588e-001	
4.83430e-001	8.30762e-001	
5.40055e-001	1.74495e-001	
4.50571e-001	9.11278e-001	
7.51727e-001	8.75856e-002	
4.02225e-001	9.62776e-001	
5.42834e-001	1.66537e-001	
7.69556e-001	6.43408e-002	
7.55154e-001	8.48371e-002	
4.54196e-001	9.05443e-001	
5.38097e-001	1.80213e-001	
4.94583e-001	7.83831e-001	
5.51155e-001	1.50367e-001	
3.73742e-001	9.76773e-001	
5.47859e-001	1.55464e-001	
5.69052e-001	1.29943e-001	
7.65900e-001	7.39038e-002	
5.44993e-001	1.61251e-001	
4.47206e-001	9.16858e-001	
7.82123e-001	9.15061e-003	
4.30417e-001	9.38699e-001	
4.87631e-001	8.14890e-001	
5.62541e-001	1.35849e-001	
4.81720e-001	8.37406e-001	
4.58319e-001	8.97565e-001	
4.39265e-001	9.28355e-001	
4.88731e-001	8.10851e-001	
4.20718e-001	9.48490e-001	
4.24532e-001	9.44726e-001	
4.44838e-001	9.21446e-001	
5.89000e-001	1.18274e-001	
4.14314e-001	9.54063e-001	
5.74168e-001	1.26099e-001	
3.58816e-001	9.81703e-001	
5.54567e-001	1.44883e-001	
6.03625e-001	1.13211e-001	
3.68020e-001	9.78717e-001	
5.94326e-001	1.16167e-001	
5.57655e-001	1.41300e-001	
4.41676e-001	9.25338e-001	
5.65015e-001	1.33578e-001	
5.98328e-001	1.14775e-001	
5.84554e-001	1.20312e-001	
3.64159e-001	9.80046e-001	
4.56857e-001	9.00083e-001	
4.17039e-001	9.51637e-001	
4.27929e-001	9.41421e-001	
