2.55722e-001	6.72783e-001	
2.46369e-001	7.04617e-001	
2.20166e-001	7.15628e-001	
5.47249e-001	5.84443e-001	
2.02739e-001	8.49798e-001	
5.45349e-001	5.85855e-001	
1.94832e-001	9.11344e-001	
9.77505e-001	1.66036e-001	
5.88788e-001	5.55325e-001	
2.18920e-001	7.59833e-001	
6.59002e-001	2.99848e-001	
1.04150e+000	1.16635e-002	
6.71603e-001	2.70710e-001	
3.27532e-001	6.34873e-001	
2.94138e-001	6.48641e-001	
6.36486e-001	4.07251e-001	
7.59520e-001	2.21005e-001	
2.07830e-001	8.25918e-001	
9.36752e-001	1.83308e-001	
5.43265e-001	5.89667e-001	
2.59030e-001	6.71056e-001	
6.75607e-001	2.63297e-001	
6.46647e-005	1.03310e+000	
2.10350e-001	7.83984e-001	
1.01693e+000	4.91610e-002	
5.21529e-001	6.03443e-001	
1.04420e+000	4.82190e-003	
8.19145e-001	2.13998e-001	
2.04234e-001	8.46410e-001	
7.06324e-001	2.40963e-001	
9.83666e-001	1.46779e-001	
6.38908e-001	3.92170e-001	
2.00018e-001	9.08184e-001	
6.27203e-001	4.16878e-001	
2.22681e-001	7.08755e-001	
2.89056e-001	6.54619e-001	
9.67861e-001	1.71699e-001	
6.00783e-001	5.49750e-001	
6.10891e-001	5.12757e-001	
6.63811e-001	2.71886e-001	
2.48482e-001	6.98957e-001	
9.34049e-001	1.85594e-001	
9.88105e-001	1.45265e-001	
1.05022e+000	2.14043e-004	
3.37254e-001	6.31286e-001	
6.06259e-001	5.21378e-001	
5.24283e-001	5.99586e-001	
1.74041e-001	9.49072e-001	
1.24276e-001	9.99582e-001	
8.90531e-001	1.92900e-001	
2.67125e-001	6.63060e-001	
7.62724e-001	2.19978e-001	
2.03055e-001	8.51122e-001	
2.20067e-001	7.15305e-001	
2.93614e-001	6.57734e-001	
6.02244e-001	5.51088e-001	
9.87107e-001	1.47895e-001	
6.63900e-001	2.89210e-001	
1.74486e-001	9.61418e-001	
1.05136e+000	2.14274e-004	
2.04550e-001	8.47719e-001	
6.25558e-001	5.28786e-001	
7.09159e-001	2.41349e-001	
6.74365e-001	2.69821e-001	
8.23004e-001	2.15006e-001	
6.06039e-001	5.43691e-001	
8.92654e-001	1.93360e-001	
2.68742e-001	6.67074e-001	
2.46513e-001	7.05029e-001	
6.66500e-001	2.72988e-001	
6.17680e-001	5.31618e-001	
1.24323e-001	1.00284e+000	
2.55797e-001	6.72980e-001	
6.80666e-001	2.62919e-001	
3.83850e-001	6.37028e-001	
6.39264e-001	4.09029e-001	
6.58262e-001	3.03332e-001	
5.90758e-001	5.57182e-001	
1.02479e+000	5.50034e-002	
9.76592e-001	1.65881e-001	
1.04176e+000	1.16665e-002	
7.59411e-001	2.28707e-001	
2.10368e-001	7.84052e-001	
9.38878e-001	1.82610e-001	
5.25937e-001	6.05897e-001	
7.62190e-001	2.24557e-001	
7.67695e-001	2.21412e-001	
9.43065e-003	1.03332e+000	
4.66836e-005	1.03592e+000	
5.47099e-001	5.84557e-001	
1.95056e-001	9.15714e-001	
3.34949e-001	6.55149e-001	
3.45447e-001	6.41858e-001	
4.70605e-005	1.04428e+000	
1.05797e+000	7.38426e-004	
6.38578e-001	4.08590e-001	
1.24801e-001	1.00670e+000	
8.25745e-001	2.16450e-001	
2.55731e-001	6.72806e-001	
1.02478e+000	5.50029e-002	
