1.00065e+000	6.53465e-003	
6.69280e-003	8.70430e-001	
1.18977e-001	7.02304e-001	
1.26659e-002	8.31227e-001	
3.51970e-002	7.08511e-001	
1.53607e-002	7.47221e-001	
3.23954e-001	5.26499e-001	
3.18670e-001	5.90844e-001	
1.66872e-001	6.98152e-001	
1.47624e-001	7.00199e-001	
4.16966e-001	3.29158e-001	
4.33808e-001	3.11984e-001	
5.76057e-001	2.13021e-001	
1.01974e-002	8.56955e-001	
2.45056e-002	7.16579e-001	
5.95634e-001	2.02858e-001	
2.27711e-001	6.87019e-001	
1.94348e-001	6.94325e-001	
2.78412e-001	6.65680e-001	
5.28133e-001	2.40638e-001	
8.78500e-001	9.66396e-002	
7.77431e-001	1.28870e-001	
3.86957e-001	3.64015e-001	
2.04957e-001	6.92220e-001	
7.23733e-001	1.47907e-001	
1.71497e-002	7.35515e-001	
8.25570e-001	1.13284e-001	
7.98784e-001	1.21949e-001	
3.42094e-001	4.44500e-001	
9.49785e-001	7.02229e-002	
9.13701e-001	8.47490e-002	
3.30148e-001	4.85724e-001	
7.09196e-001	1.53375e-001	
2.66894e-001	6.72176e-001	
7.38472e-001	1.42355e-001	
3.50891e-001	4.23736e-001	
9.62889e-001	6.34960e-002	
8.06983e-001	1.19196e-001	
9.86893e-001	4.54997e-002	
4.85763e-001	2.68951e-001	
3.33746e-001	4.71334e-001	
9.36750e-001	7.58231e-002	
3.75669e-001	3.79698e-001	
6.44486e-001	1.79630e-001	
5.10206e-001	2.52185e-001	
3.15440e-001	6.12363e-001	
3.08956e-001	6.30457e-001	
7.49831e-001	1.38428e-001	
9.26112e-001	8.01783e-002	
6.96839e-001	1.57943e-001	
8.59097e-001	1.02821e-001	
9.72531e-001	5.74974e-002	
8.98176e-001	9.02028e-002	
5.45807e-001	2.29775e-001	
6.33311e-001	1.84779e-001	
4.08939e-001	3.37548e-001	
5.36377e-001	2.35503e-001	
2.92653e-001	6.54011e-001	
6.86338e-001	1.62309e-001	
3.27270e-001	5.01860e-001	
3.26060e-001	5.09611e-001	
2.54521e-001	6.77857e-001	
9.96388e-001	3.11157e-002	
2.40472e-001	6.83003e-001	
9.81140e-001	5.12116e-002	
8.91173e-001	9.25166e-002	
3.93796e-001	3.55884e-001	
8.37269e-001	1.09745e-001	
3.37603e-001	4.58420e-001	
9.99379e-001	2.24069e-002	
4.63803e-001	2.85908e-001	
3.73047e-001	3.83712e-001	
3.58555e-001	4.08219e-001	
5.55114e-001	2.24423e-001	
3.16550e-001	6.05191e-001	
6.71848e-001	1.67995e-001	
6.19130e-001	1.91752e-001	
7.62378e-001	1.34016e-001	
3.00728e-001	6.44589e-001	
8.45019e-001	1.07083e-001	
4.74472e-001	2.77692e-001	
3.65806e-001	3.95111e-001	
4.99030e-001	2.59898e-001	
4.02595e-001	3.44233e-001	
4.94494e-001	2.62855e-001	
5.64546e-001	2.19247e-001	
6.59687e-001	1.73097e-001	
6.56439e-001	1.74422e-001	
4.58500e-001	2.90308e-001	
6.24267e-001	1.88953e-001	
3.98386e-001	3.49609e-001	
3.64181e-001	3.98104e-001	
7.67211e-001	1.32328e-001	
6.76760e-001	1.66006e-001	
4.41568e-001	3.04728e-001	
6.08089e-001	1.96759e-001	
2.47775e-001	6.80325e-001	
5.07866e-001	2.53613e-001	
4.72540e-001	2.78997e-001	
6.05898e-001	1.97827e-001	
