8.21780e+000	5.89696e-001	
2.50968e+000	6.45919e+000	
7.46142e-001	6.59073e+000	
4.01074e-001	8.13486e+000	
2.77419e+000	6.01865e+000	
9.24389e+000	3.87149e-001	
6.52443e+000	1.81794e+000	
7.04268e+000	1.34423e+000	
6.20977e+000	3.99664e+000	
2.92991e-001	9.57341e+000	
2.62669e+000	6.08709e+000	
3.36791e+000	6.42193e+000	
2.95265e+000	6.54757e+000	
3.18467e-001	1.04058e+001	
1.15115e+001	4.82121e-001	
5.04854e-001	8.54918e+000	
7.15840e+000	2.09604e+000	
1.89622e+000	6.82126e+000	
2.92921e+000	6.78816e+000	
6.23250e+000	4.01127e+000	
8.34497e+000	5.98821e-001	
7.65334e+000	1.46079e+000	
5.69952e+000	6.03900e+000	
7.50599e+000	1.76369e+000	
7.11536e+000	3.94682e+000	
7.96913e-001	7.01842e+000	
4.30572e-001	8.73315e+000	
4.89581e+000	6.58482e+000	
4.37867e-001	8.88111e+000	
8.82025e+000	6.32927e-001	
9.29511e-001	8.21045e+000	
3.22197e-001	1.05277e+001	
7.17615e+000	4.59080e+000	
7.69347e+000	1.46845e+000	
2.48450e+000	6.89648e+000	
7.41813e+000	3.96892e+000	
2.65025e+000	6.82097e+000	
1.09322e+000	7.28742e+000	
1.16680e+001	4.88673e-001	
6.19208e+000	6.55982e+000	
7.47517e+000	4.36143e+000	
9.31271e-001	8.22599e+000	
7.50289e+000	4.16901e+000	
7.68131e+000	4.05546e+000	
3.80071e-001	1.24187e+001	
7.91000e+000	1.52669e+000	
7.96417e+000	1.52012e+000	
1.21331e+001	5.08153e-001	
4.40807e-001	8.94075e+000	
4.95009e+000	6.65783e+000	
1.24991e+000	7.38210e+000	
9.36378e+000	7.38743e-001	
7.41900e+000	4.47342e+000	
7.70253e+000	2.05280e+000	
3.27501e+000	7.28561e+000	
8.03059e+000	1.53279e+000	
7.70253e+000	3.38129e+000	
6.40203e+000	6.78224e+000	
9.49939e+000	7.49443e-001	
1.41001e+001	5.90534e-001	
9.46405e+000	1.17733e+000	
1.25284e+000	7.39942e+000	
3.83178e+000	7.30644e+000	
3.39239e+000	7.35983e+000	
5.15450e+000	6.93275e+000	
9.55684e-001	8.44163e+000	
4.41973e-001	8.96439e+000	
7.52147e+000	4.81171e+000	
5.47148e+000	7.35909e+000	
1.25278e+000	8.35106e+000	
8.43223e+000	1.60946e+000	
1.01466e+001	1.12420e+000	
2.56063e+000	7.42631e+000	
4.59853e-001	9.32705e+000	
6.76876e+000	7.17075e+000	
7.71746e+000	4.93709e+000	
1.05930e+001	7.60135e-001	
8.39210e+000	2.23657e+000	
9.59203e-001	8.47271e+000	
1.27116e+000	7.54540e+000	
1.29961e+000	7.67560e+000	
1.08608e+001	7.79351e-001	
1.07401e+001	8.47323e-001	
4.72461e-001	9.58277e+000	
9.71144e-001	8.57820e+000	
8.39561e+000	3.63065e+000	
7.71710e+000	4.93686e+000	
1.25710e+000	8.37986e+000	
8.64639e+000	1.65033e+000	
1.18297e+000	8.50979e+000	
1.09801e+001	7.87917e-001	
4.72544e-001	9.58445e+000	
1.30141e+000	7.72494e+000	
8.06720e+000	5.32231e+000	
8.88933e+000	1.69670e+000	
8.71948e+000	4.71128e+000	
1.17264e+000	8.81212e+000	
1.18308e+000	8.51051e+000	
8.60933e+000	5.00654e+000	
8.15374e+000	5.21619e+000	
