6.38308e+000	5.56895e-003	
7.06652e+000	3.64104e-003	
5.49037e-003	3.85975e+000	
7.57538e+000	1.31403e-003	
4.84629e+000	1.14286e-001	
1.78332e-002	2.70176e+000	
6.11532e+000	2.77140e-002	
3.37877e+000	2.84339e-001	
1.99247e-004	8.72353e+000	
6.23465e+000	8.90147e-003	
1.50768e+000	1.45597e+000	
2.28852e+000	2.37517e+000	
4.50025e+000	3.78717e-001	
2.43821e-004	1.06751e+001	
6.38040e+000	2.89154e-002	
2.17430e+000	2.56390e+000	
4.90349e+000	1.15635e-001	
6.60936e-003	4.64640e+000	
5.19361e-003	9.88380e+000	
1.40145e+000	3.09768e+000	
6.43117e+000	4.77660e-003	
7.98304e+000	3.53410e-004	
2.80449e-003	1.00636e+001	
7.10410e+000	3.66041e-003	
6.86027e-003	4.82280e+000	
1.85868e+000	3.98086e+000	
4.92047e+000	4.14081e-001	
7.46011e+000	3.84384e-003	
2.88615e-003	1.03566e+001	
2.29955e+000	2.38662e+000	
4.63595e+000	1.24866e+000	
8.00651e+000	3.54449e-004	
2.45967e-004	1.07691e+001	
6.45726e+000	5.63366e-003	
5.14233e+000	1.22470e-001	
2.32843e+000	2.41659e+000	
1.95950e+000	4.19681e+000	
6.07182e+000	1.44607e-001	
6.65673e-003	1.03699e+001	
3.65221e-001	5.61232e+000	
7.36378e+000	1.31693e-001	
2.31760e+000	2.64441e+000	
6.05417e+000	1.74841e-001	
2.90054e-003	1.04082e+001	
2.09058e+000	4.19095e+000	
7.50849e+000	3.86877e-003	
1.02903e-003	1.08344e+001	
4.99022e+000	4.19951e-001	
7.49114e+000	7.95035e-002	
8.26527e+000	3.65905e-004	
8.75163e-003	6.15242e+000	
7.50868e+000	3.86887e-003	
6.16332e+000	1.46786e-001	
2.48490e-004	1.08796e+001	
2.93761e-003	1.05413e+001	
6.60258e-001	5.90844e+000	
9.43781e-003	6.63481e+000	
2.34383e+000	2.50155e+000	
8.91236e+000	1.00038e-003	
2.94126e-001	6.28365e+000	
2.00039e+000	4.28437e+000	
6.68123e-003	1.04080e+001	
5.00431e+000	4.21136e-001	
7.51389e+000	1.46464e-002	
2.87849e-001	7.10731e+000	
1.05286e-002	7.40167e+000	
2.27361e+000	4.90499e+000	
9.06820e+000	1.01787e-003	
2.41831e+000	4.53477e+000	
2.51850e-004	1.10267e+001	
6.73847e-003	1.04972e+001	
3.11420e-001	6.28825e+000	
2.42521e+000	2.51703e+000	
1.37541e-001	7.24995e+000	
2.95308e-003	1.05967e+001	
6.22790e+000	1.48324e-001	
7.56252e+000	3.89661e-003	
5.42193e+000	4.56281e-001	
9.94316e+000	4.40185e-004	
3.18731e-001	6.43587e+000	
9.04312e-001	6.33144e+000	
1.29114e-002	9.07678e+000	
2.95982e-003	1.06210e+001	
7.70859e+000	6.72539e-003	
5.45470e+000	4.59039e-001	
2.45464e+000	2.54758e+000	
7.95071e+000	4.09662e-003	
4.23607e-002	7.54380e+000	
2.46030e+000	2.53925e+000	
2.09302e-004	1.10267e+001	
9.89263e+000	2.31693e-003	
6.25263e+000	1.48913e-001	
2.37020e-002	7.92650e+000	
1.13628e+001	5.03032e-004	
2.63457e-004	1.15348e+001	
2.51498e+000	2.77446e+000	
5.48139e+000	4.61285e-001	
2.45717e+000	5.30099e+000	
7.01122e-001	6.70329e+000	
2.97865e-003	1.06885e+001	
