3.95421e-004	1.00129e+000	
9.84920e-001	5.48636e-004	
5.00418e-001	5.08778e-001	
1.65573e-001	8.68443e-001	
8.32812e-001	1.97960e-001	
6.60129e-001	3.33979e-001	
3.15630e-001	6.67875e-001	
1.69024e-001	7.88244e-001	
8.35399e-001	1.35378e-001	
3.59331e-001	6.66357e-001	
4.95314e-001	5.70062e-001	
7.23921e-001	3.30876e-001	
2.64501e-001	6.72485e-001	
5.03054e-001	4.54035e-001	
6.26568e-001	3.35529e-001	
5.37364e-002	9.99094e-001	
3.95609e-001	6.63169e-001	
8.29886e-001	2.32645e-001	
5.96207e-001	3.39012e-001	
1.62600e-001	8.99146e-001	
9.51120e-001	2.58274e-003	
8.84497e-001	2.06180e-002	
8.37479e-001	1.10177e-001	
8.23118e-001	2.61990e-001	
8.15201e-001	2.81363e-001	
5.14385e-001	3.98510e-001	
8.04125e-002	9.94297e-001	
8.70753e-001	3.04202e-002	
7.89910e-001	3.09409e-001	
5.23655e-001	3.78958e-001	
4.78326e-001	6.20543e-001	
8.03217e-001	2.97621e-001	
7.34054e-001	3.29191e-001	
8.26858e-001	2.49660e-001	
4.49663e-001	6.48623e-001	
4.87747e-001	5.99637e-001	
8.42409e-001	8.13900e-002	
5.77005e-001	3.43004e-001	
7.54188e-001	3.24991e-001	
4.57231e-001	6.42569e-001	
1.32335e-001	9.69008e-001	
2.28363e-001	6.81865e-001	
8.39588e-001	9.59316e-002	
1.53286e-001	9.35880e-001	
8.62705e-001	3.97811e-002	
8.98682e-001	1.38550e-002	
1.70506e-001	7.74043e-001	
8.46659e-001	6.77033e-002	
6.41545e-002	9.97158e-001	
4.14668e-001	6.60003e-001	
1.60103e-001	9.12765e-001	
9.74780e-002	9.89219e-001	
5.07421e-001	4.19686e-001	
2.48042e-001	6.75741e-001	
1.57727e-001	9.25039e-001	
1.98201e-001	7.02989e-001	
4.68586e-001	6.32868e-001	
1.72815e-001	7.60192e-001	
1.47901e-001	9.48774e-001	
4.33700e-001	6.54436e-001	
8.09240e-001	2.90304e-001	
5.11040e-001	4.08097e-001	
9.31443e-001	5.01741e-003	
5.45128e-001	3.59867e-001	
1.77460e-001	7.40846e-001	
5.52015e-001	3.54214e-001	
7.62526e-001	3.22845e-001	
2.05674e-001	6.96441e-001	
2.40038e-001	6.78134e-001	
1.41596e-001	9.58833e-001	
2.16382e-001	6.88333e-001	
7.80253e-001	3.15310e-001	
7.73609e-001	3.18420e-001	
8.51000e-001	5.84961e-002	
1.91546e-001	7.11415e-001	
1.81723e-001	7.29198e-001	
5.60925e-001	3.48756e-001	
1.74816e-001	7.49728e-001	
5.05429e-001	4.32965e-001	
5.04320e-001	4.40438e-001	
9.16818e-001	7.94369e-003	
5.28607e-001	3.72749e-001	
9.40350e-001	3.71102e-003	
5.68315e-001	3.46274e-001	
4.93423e-001	5.81358e-001	
1.14247e-001	9.81788e-001	
1.87817e-001	7.17008e-001	
8.56022e-001	4.82294e-002	
1.23886e-001	9.75572e-001	
4.91869e-001	5.87790e-001	
2.12267e-001	6.91084e-001	
9.06814e-001	1.07547e-002	
1.84332e-001	7.23317e-001	
5.35586e-001	3.65297e-001	
4.22033e-001	6.58638e-001	
1.44153e-001	9.55050e-001	
4.89474e-001	5.96374e-001	
4.29273e-001	6.56500e-001	
1.21930e-001	9.77642e-001	
1.08129e-001	9.84615e-001	
