8.70781e-001	6.35160e-002	
7.60423e-001	3.71688e-001	
3.34441e-001	7.83100e-001	
5.42868e-001	4.16013e-001	
4.34425e-001	4.95126e-001	
9.71746e-001	6.29030e-003	
3.21299e-001	7.89701e-001	
6.75940e-001	3.94622e-001	
1.02832e+000	1.00819e-003	
8.67243e-001	7.23572e-002	
8.78238e-001	4.02916e-002	
2.22039e-002	9.15733e-001	
8.16050e-001	2.47885e-001	
7.77365e-002	8.48476e-001	
4.65905e-001	4.52016e-001	
9.02656e-001	3.19847e-002	
4.22816e-001	5.39286e-001	
4.19883e-001	5.49391e-001	
8.24822e-001	1.94947e-001	
5.35222e-001	4.21273e-001	
8.88996e-001	3.42162e-002	
4.82393e-001	4.45404e-001	
7.88322e-001	3.39077e-001	
7.09901e-002	8.52025e-001	
1.64726e-002	9.24969e-001	
3.16258e-001	7.99324e-001	
9.34630e-001	1.38974e-002	
5.16800e-003	9.84131e-001	
4.01832e-001	6.47761e-001	
9.65169e-001	9.95694e-003	
9.49087e-001	1.18363e-002	
5.13678e-001	4.30491e-001	
3.83601e-003	9.85809e-001	
9.24237e-001	2.06783e-002	
6.64415e-001	3.97771e-001	
3.85024e-001	7.26756e-001	
6.03948e-001	4.05822e-001	
4.58975e-001	4.63444e-001	
7.61930e-001	3.57920e-001	
3.76844e-002	8.81314e-001	
7.76001e-001	3.42034e-001	
4.43871e-001	4.86353e-001	
2.48316e-001	8.05855e-001	
6.44688e-002	8.56358e-001	
8.44342e-001	1.30376e-001	
1.19761e-001	8.34012e-001	
4.55421e-002	8.64940e-001	
2.03921e-002	9.21210e-001	
4.08203e-001	6.12882e-001	
4.94914e-001	4.35328e-001	
6.37524e-001	4.04802e-001	
5.80692e-001	4.11129e-001	
9.04047e-001	2.45057e-002	
7.66146e-004	1.02601e+000	
6.95152e-001	3.88429e-001	
4.20596e-002	8.75946e-001	
4.77802e-001	4.47975e-001	
4.48270e-001	4.68233e-001	
1.02732e+000	1.00721e-003	
8.38491e-004	1.03514e+000	
7.77388e-002	8.48502e-001	
8.33152e-001	1.96916e-001	
2.50375e-001	8.12536e-001	
8.21537e-001	2.49552e-001	
3.86973e-001	7.30435e-001	
8.66985e-001	7.23356e-002	
4.10017e-001	6.65821e-001	
4.20317e-001	5.49959e-001	
7.88422e-001	3.39120e-001	
3.34339e-001	7.82860e-001	
9.75157e-001	6.31238e-003	
7.01424e-001	3.90220e-001	
1.95062e-002	9.36731e-001	
3.21615e-001	7.90477e-001	
7.60970e-001	3.71955e-001	
2.57045e-001	8.06584e-001	
4.66816e-001	4.71361e-001	
4.04744e-001	6.75247e-001	
9.27634e-001	2.07543e-002	
5.81897e-001	4.11982e-001	
8.77700e-001	4.02669e-002	
5.00222e-003	9.85860e-001	
4.36932e-001	4.96600e-001	
4.22874e-001	5.39360e-001	
9.08431e-001	2.37749e-002	
5.01651e-001	4.43252e-001	
6.18657e-001	4.09703e-001	
3.68060e-002	9.10728e-001	
6.39526e-001	4.06072e-001	
5.48063e-001	4.18599e-001	
3.86401e-003	9.93004e-001	
5.20347e-002	8.63980e-001	
5.26901e-001	4.33216e-001	
8.70931e-001	6.35269e-002	
4.47364e-001	4.80834e-001	
6.71305e-001	4.03444e-001	
6.77012e-001	3.95248e-001	
5.39610e-001	4.24727e-001	
3.81501e-002	8.92205e-001	
7.66684e-001	3.60153e-001	
