1.59498e-003	1.00034e+000	
1.00266e+000	4.93602e-004	
8.16964e-001	6.52866e-001	
9.77235e-001	1.61494e-001	
5.86187e-001	8.56856e-001	
3.12375e-001	9.49996e-001	
9.83581e-001	1.22426e-001	
8.85651e-001	5.23736e-001	
8.75115e-001	5.47916e-001	
7.96574e-001	6.81152e-001	
5.59349e-001	8.69929e-001	
9.74115e-001	1.82044e-001	
4.83518e-001	9.01818e-001	
4.57045e-001	9.10668e-001	
9.19356e-001	4.31168e-001	
9.46099e-001	3.28830e-001	
9.95127e-001	3.96812e-002	
5.41131e-002	9.93143e-001	
3.80693e-001	9.33693e-001	
9.87330e-001	9.38957e-002	
3.43656e-001	9.42718e-001	
5.36060e-001	8.80400e-001	
2.85605e-002	9.96550e-001	
9.90322e-001	7.33121e-002	
7.06898e-001	7.77285e-001	
9.41946e-001	3.47908e-001	
8.27989e-001	6.35889e-001	
8.91781e-001	5.08797e-001	
9.50646e-001	3.10877e-001	
7.99249e-002	9.89324e-001	
5.20987e-001	8.86813e-001	
6.90227e-001	7.89578e-001	
9.25200e-001	4.10239e-001	
3.63021e-001	9.38423e-001	
1.05022e-001	9.85802e-001	
1.63546e-001	9.77161e-001	
8.98562e-001	4.94156e-001	
5.07214e-001	8.92876e-001	
9.92923e-001	5.55257e-002	
8.69447e-001	5.62456e-001	
7.33827e-001	7.52631e-001	
1.26179e-001	9.83312e-001	
9.30509e-001	3.91169e-001	
3.97926e-001	9.28710e-001	
9.98177e-001	1.52733e-002	
8.45532e-001	6.06407e-001	
2.34376e-001	9.65142e-001	
2.76924e-001	9.57069e-001	
6.08793e-001	8.44301e-001	
7.24474e-001	7.60734e-001	
9.70692e-001	2.04449e-001	
9.36189e-001	3.70953e-001	
7.43337e-001	7.42360e-001	
6.53775e-001	8.16357e-001	
1.91945e-001	9.72441e-001	
5.51679e-001	8.73435e-001	
7.88775e-001	6.91327e-001	
9.55953e-001	2.84501e-001	
9.59235e-001	2.66492e-001	
9.65844e-001	2.30481e-001	
2.08867e-001	9.69644e-001	
9.02369e-001	4.80854e-001	
1.79903e-001	9.74504e-001	
4.93413e-001	8.97729e-001	
2.49914e-001	9.62312e-001	
9.84970e-001	1.12258e-001	
2.61776e-001	9.60218e-001	
8.39772e-001	6.16453e-001	
9.53581e-001	2.94466e-001	
9.06592e-001	4.68984e-001	
9.61186e-001	2.56224e-001	
4.25107e-001	9.20862e-001	
8.33672e-001	6.26633e-001	
9.69150e-001	2.11664e-001	
1.46290e-001	9.79719e-001	
6.63027e-001	8.10052e-001	
9.64138e-001	2.40143e-001	
2.20825e-001	9.67998e-001	
8.62893e-001	5.73629e-001	
9.14172e-001	4.47538e-001	
4.06604e-002	9.95340e-001	
9.37972e-001	3.64053e-001	
9.04918e-002	9.87806e-001	
4.37506e-001	9.17293e-001	
7.50754e-001	7.35096e-001	
6.23086e-001	8.35933e-001	
4.46778e-001	9.14177e-001	
2.96494e-001	9.53283e-001	
8.59159e-001	5.81652e-001	
7.79622e-001	7.02616e-001	
9.28256e-001	3.99432e-001	
8.52565e-001	5.94315e-001	
6.71565e-001	8.03717e-001	
1.37087e-001	9.81268e-001	
6.83642e-001	7.94813e-001	
3.48169e-001	9.41605e-001	
7.70971e-001	7.12740e-001	
2.90786e-001	9.54478e-001	
5.97998e-001	8.50377e-001	
6.34932e-001	8.28546e-001	
