0.523792       0.601697       1.67367e-005
1.0003       0.0119313       0.000490428
1.00072       0.0100503       0.00199036
1.0041       0.00840105       0.00239711
1.01388       0.00817869       0.00300005
1.00066       0.00796965       0.00403945
1.0038       0.00624769       0.00599689
1.01377       0.00505143       0.00615108
1.00424       0.00417046       0.00675331
1.01123       0.00403074       0.00796473
1.0096       0.00283821       0.010009
1.00862       0.00118521       0.0101071
1.01156       0.00078625       0.0102352
0.474776       5.43827e-005       0.537182
0.00055141       1.484       1.23474e-005
0.523569       0.542643       0.00472993
0.670787       0.288618       0.0631465
0.673344       0.217537       0.0470493
0.690813       0.146259       0.0688906
0.70896       0.139995       0.0808293
0.711904       0.117936       0.106311
0.72776       0.0961783       0.0970394
0.713161       0.0699912       0.152933
0.68818       0.0295447       0.203337
0.670871       0.0250005       0.245775
0.412894       0.0173248       0.458491
0.000586349       2.65524e-008       1.57813
0.000561211       1.51038       6.73461e-005
0.34788       0.57373       0.0508192
0.39393       0.414385       0.089624
0.460323       0.360291       0.127876
0.616569       0.321481       0.186158
0.674481       0.255399       0.0442336
0.657815       0.195863       0.242342
0.597188       0.178904       0.30209
0.585746       0.148283       0.395664
0.400977       0.0331253       0.448745
0.337465       0.0642118       0.684219
0.000470988       2.70654e-005       1.25955
0.239243       0.831654       0.0554072
0.338971       0.451584       0.105391
0.373363       0.374365       0.144557
0.448757       0.339638       0.163236
0.411566       0.22935       0.263703
0.389695       0.198038       0.283093
0.404629       0.17063       0.36399
0.34181       0.116768       0.496801
0.09289       0.0512391       0.716202
0.00038979       2.76433e-005       1.04694
0.0004369       1.17524       8.82408e-005
0.205582       0.841578       0.00721507
0.28761       0.615288       0.147706
0.338453       0.418925       0.200979
0.3725       0.337883       0.26882
0.340799       0.239547       0.308916
0.338586       0.219027       0.4023
0.332406       0.188647       0.586719
0.000379687       2.99473e-005       1.0148
0.000468448       1.26075       4.50873e-005
0.146034       0.848842       0.0112478
0.176573       0.604459       0.186485
0.312644       0.53768       0.27494
0.289448       0.404669       0.415199
0.233335       0.286317       0.478906
0.149427       0.209323       0.693225
0.0319876       0.0531011       0.742228
0.000385346       2.54798e-006       1.03361
0.000460971       1.23999       0.000129148
0.0788338       0.7393       0.141224
0.194459       0.567706       0.227299
0.24142       0.529328       0.397145
0.132752       0.323668       0.440556
0.128179       0.255939       0.663717
0.105909       0.112497       0.700498
0.000443467       1.1929       0.000123448
0.0833592       0.660339       0.14413
0.109149       0.573807       0.277492
0.162057       0.395649       0.422317
0.105751       0.283536       0.500353
0.0754685       0.11345       0.706432
0.000381813       3.49546e-006       1.02156
0.000462576       1.24366       0.000214585
0.0341806       0.658659       0.163053
0.0994416       0.566376       0.350477
0.0874123       0.316259       0.454928
0.000383974       2.85869e-007       1.03317
0.0231456       0.638516       0.200272
0.0872953       0.379682       0.428276
0.0645612       0.207798       0.700876
0.000469129       1.26128       0.000217625
0.0541292       0.593972       0.233602
0.0222208       0.29753       0.580815
0.00039352       2.97267e-006       1.05866
0.000589431       1.58487       9.03302e-005
0.022716       0.449461       0.455779
0.000378161       2.91687e-008       1.01766
0.000604705       1.62578       0.000280518
0.000379331       0.111606       0.854137
