0.994185       0.0446312
0.996235       0.0389915
0.994667       0.0286851
0.975863       0.0447947
0.968459       0.0633738
0.937927       0.0619816
0.901393       0.0791631
0.886477       0.0837562
0.85247       0.0989758
0.848375       0.103768
0.808107       0.125663
0.804501       0.130172
0.762917       0.147152
0.749337       0.163071
0.721333       0.173466
0.728544       0.17398
0.701141       0.19635
0.673171       0.209927
0.661022       0.211459
0.638995       0.233441
0.610371       0.238219
0.596168       0.247955
0.59112       0.250201
0.57187       0.264394
0.552995       0.283383
0.541871       0.289277
0.52982       0.302667
0.516567       0.310285
0.4958       0.31495
0.493476       0.332388
0.469374       0.343174
0.45283       0.352792
0.4277       0.363819
0.402571       0.385154
0.392896       0.394614
0.40004       0.408518
0.389726       0.405616
0.375114       0.416538
0.342572       0.443965
0.342572       0.459478
0.336635       0.448964
0.315085       0.466482
0.303666       0.484248
0.301573       0.49242
0.298169       0.522071
0.276853       0.524753
0.243435       0.551917
0.257319       0.559078
0.242195       0.555727
0.226294       0.573141
0.230112       0.595511
0.213934       0.600546
0.199578       0.608983
0.185223       0.637424
0.178989       0.661179
0.171881       0.681295
0.126738       0.688264
0.156512       0.680038
0.130197       0.696455
0.146216       0.70672
0.130197       0.724346
0.119466       0.737642
0.104144       0.759617
0.104144       0.77402
0.0851086       0.787161
0.0721061       0.823655
0.052959       0.824494
0.0340345       0.87041
0.0157276       0.908576
0.00314059       1.02956
1.27368e-005       1.87263
