0.229251       0.229251       3.20867e-041
0.92547       0.000435938       8.38369e-005
0.933924       0.000388728       7.15815e-005
0.941898       0.000270226       6.16892e-005
0.948844       0.000229005       5.14242e-005
0.950571       0.000191427       4.8524e-005
0.956509       0.000137647       3.67039e-005
0.960352       0.000104776       2.98719e-005
0.933572       4.33913e-007       0.000619517
0.229251       5.56889e-036       0.229251
0.000178637       0.955019       8.15768e-005
0.327374       0.151974       7.90949e-006
0.145272       0.12761       0.0425603
0.345903       0.0417225       0.0458339
0.329715       0.0326682       0.0477025
0.268196       0.0467816       0.0490992
0.269269       0.0381747       0.0512131
0.281172       0.0337778       0.0516913
0.289847       0.0316549       0.0505804
0.299514       0.0292764       0.049891
0.229251       9.7475e-037       0.229251
9.36084e-040       2.9185e-054       1
0.000120507       0.94238       0.000110193
0.0603399       0.269222       0.0307089
0.15336       0.149039       0.0397065
0.143642       0.120301       0.0454094
0.175519       0.0880708       0.050116
0.188535       0.0756635       0.052868
0.201476       0.0677085       0.052425
0.215593       0.0593428       0.0533307
0.221589       0.0558556       0.0535555
0.151044       1.13808e-005       0.319994
1.97829e-038       1.18711e-045       1
0.0595161       0.272034       0.0304014
0.111151       0.159421       0.0417474
0.129       0.130336       0.0472574
0.146998       0.110122       0.0489033
0.159655       0.0980291       0.0500264
0.175887       0.0843853       0.0516879
0.183689       0.0785256       0.0522791
0.186433       3.32628e-007       0.279578
0.119579       7.96882e-005       0.374686
0.00011643       0.943433       0.000106135
0.0614837       0.264558       0.0321251
0.0921477       0.187087       0.0417158
0.112182       0.152713       0.0451051
0.129919       0.130335       0.0460468
0.156196       0.101813       0.0495344
0.0958677       0.00023806       0.405844
1.8656e-038       1.19299e-046       1
0.057437       0.282354       0.0305937
0.0830355       0.207561       0.0380985
0.101883       0.169998       0.0434461
0.116562       0.147555       0.045498
0.134588       3.17408e-005       0.342165
0.0801289       0.000359875       0.441581
0.00013989       0.938918       0.000121752
0.0499526       0.312702       0.0301825
0.0754624       0.224965       0.0369302
0.0944949       0.184611       0.0402141
0.108207       0.163771       0.0467715
7.68596e-005       0.131611       0.341994
0.00141333       0.0656361       0.439402
0.000133459       0.939657       0.000123131
0.0469229       0.325736       0.0290946
0.067247       0.24628       0.0352006
0.0862478       0.202804       0.0423311
1.28728e-005       0.157387       0.316637
0.000752146       0.0810728       0.417871
0.0420189       0.339683       0.0257159
0.0631051       0.260977       0.0346234
3.02345e-006       0.183877       0.2783
0.000367255       0.0996588       0.386907
0.0394431       0.352155       0.0244561
3.41266e-038       0.229251       0.229251
0.000147392       0.116175       0.366757
0.0369622       0.364633       0.0232064
3.58243e-005       0.14891       0.319124
9.99468e-005       0.947315       9.20677e-005
5.40564e-040       2.46153e-047       1
8.09047e-005       0.952962       6.79875e-005
