163.966       0.00611389
10.4611       0.0962582
7.55658       0.134421
6.27831       0.159328
5.56808       0.182331
4.94853       0.205107
4.56022       0.220259
4.27091       0.234599
4.02145       0.249577
3.81743       0.262575
3.65797       0.273495
3.49495       0.286298
3.3724       0.296525
3.25363       0.307701
3.2       0.3125
3.2       0.3125
3.2       0.3125
3.2       0.3125
3.2       0.3125
3.2       0.3125
3.2       0.3125
3.2       0.3125
3.2       0.3125
3.2       0.3125
3.2       0.3125
3.2       0.3125
3.2       0.3125
3.2       0.3125
3.2       0.3125
3.2       0.3125
3.2       0.3125
3.2       0.3125
3.2       0.3125
3.2       0.3125
3.2       0.3125
3.2       0.3125
3.2       0.3125
3.2       0.3125
3.2       0.3125
3.2       0.3125
3.2       0.3125
3.2       0.3125
3.2       0.3125
3.2       0.3125
3.2       0.3125
3.2       0.3125
3.2       0.3125
3.2       0.3125
3.2       0.3125
3.2       0.3125
3.2       0.3125
3.2       0.3125
3.2       0.3125
3.2       0.3125
3.2       0.3125
3.2       0.3125
3.2       0.3125
3.2       0.3125
3.2       0.3125
3.2       0.3125
3.2       0.3125
3.2       0.3125
3.2       0.3125
3.2       0.3125
3.2       0.3125
3.2       0.3125
3.2       0.3125
3.2       0.3125
3.2       0.3125
3.2       0.3125
3.2       0.3125
3.2       0.3125
