0.306785       1.78749
0.307054       1.78934
0.306893       1.78722
0.306883       1.78756
0.307078       1.78768
0.306931       1.78806
0.30699       1.78752
0.306725       1.78649
0.306687       1.7866
0.306801       1.78678
0.307032       1.78738
0.30688       1.78785
0.306855       1.78789
0.306965       1.78767
0.307171       1.78824
0.30699       1.78742
0.307041       1.78755
0.306851       1.78779
0.306848       1.78817
0.306854       1.78746
0.307195       1.78835
0.306863       1.78751
0.306919       1.7878
0.30716       1.78929
0.306972       1.78856
0.307091       1.78921
0.307657       1.79298
0.307251       1.79093
0.307075       1.78945
0.307245       1.79024
0.307214       1.79006
0.306857       1.789
0.307418       1.78961
0.307343       1.78933
0.307164       1.79213
0.306958       1.78858
0.307166       1.7898
0.307015       1.7889
0.306773       1.78661
0.307376       1.79164
0.30741       1.79113
0.30699       1.78879
0.300524       1.81807
0.293297       1.82841
0.289976       1.83598
0.284024       1.85596
0.278695       1.85993
0.269444       1.88405
0.265808       1.89684
0.262302       1.92641
0.253071       1.92898
0.246671       1.94876
0.24311       1.97489
0.234298       1.98333
0.229964       2.00427
0.226086       2.01132
0.218127       2.04233
0.209738       2.06959
0.20393       2.08066
0.195843       2.11031
0.185845       2.14177
0.176622       2.20287
0.168705       2.23603
0.155654       2.265
0.152111       2.30038
0.142304       2.33355
0.129454       2.34613
0.125112       2.41214
0.112268       2.42932
0.102485       2.47408
0.0928021       2.52977
0.081427       2.57911
0.0708013       2.63224
0.0586513       2.74085
0.0467066       2.79024
0.0330677       2.89777
0.017794       3.06499
0.000858864       10.8847
