1.01583       1.01583       1.73195e-005
1.0014       1.0003       0.0579536
1.00334       0.977247       0.175285
1.00142       0.944052       0.264319
1.00838       0.822257       0.367314
1.00129       0.652293       0.416342
1.00307       0.544312       0.47984
1.00311       0.463711       0.544853
1.00756       0.400387       0.640963
1.00887       0.334146       0.768974
1.00554       0.271822       0.920558
1.00202       0.198017       1.13255
1.00081       0.115463       1.44649
0.99716       1.56119e-005       2.09073
0.994926       1.00084       0.0813851
0.996841       0.999699       0.0868137
1.0026       0.913029       0.297663
1.00191       0.744669       0.379014
1.00387       0.610415       0.428282
1.00366       0.501562       0.50236
1.00295       0.423925       0.597857
1.00351       0.357047       0.713849
1.00436       0.289322       0.867364
1.00493       0.216044       1.07847
1.00643       0.121341       1.42867
1.23654e-008       2.44437e-005       3.9999
0.980135       1.00018       0.16766
0.99887       0.997887       0.123727
1.00185       0.865265       0.334128
1.01779       0.704889       0.407415
1.00268       0.570559       0.46201
1.00634       0.458979       0.553748
1.00473       0.382073       0.66802
1.00272       0.304033       0.828416
1.00266       0.232264       1.02361
0.744248       0.155874       1.66543
0.92584       1.00016       0.275869
0.91303       1.00102       0.289595
0.875512       1.00406       0.329568
0.969823       0.993789       0.312448
0.999328       0.670331       0.438933
0.987266       0.570662       0.578717
0.988966       0.45115       0.702053
0.898664       0.4011       0.940263
0.5559       0.314047       1.27691
0.57569       0.1838       1.69768
1.33748e-009       1.81226e-005       3.99992
0.810624       1.00109       0.358041
0.749066       1.00216       0.37755
0.672205       1.0003       0.395897
0.749979       0.991415       0.483955
0.772258       0.87834       0.692789
0.770317       0.6279       0.785636
0.592976       0.481089       0.963901
0.578956       0.350145       1.18637
0.417513       0.220232       1.69769
8.98705e-009       5.19101e-005       3.99973
0.651064       1.01087       0.410037
0.597869       1.00041       0.426765
0.545972       1.00043       0.460102
0.480356       1.00018       0.52095
0.632901       0.73438       0.789659
0.501208       0.568743       0.950481
0.421398       0.400626       1.25577
0.307344       0.231755       1.85076
0.502514       1.00076       0.498263
0.460459       1.00172       0.54605
0.464848       0.977277       0.728344
0.471879       0.665013       0.936487
0.396227       0.426557       1.23761
0.283359       0.275619       1.79519
0.000329301       2.66806e-005       3.99824
0.466369       1.00015       0.537109
0.427134       1.00095       0.590098
0.383837       1.00172       0.660832
0.349625       0.944959       0.972717
0.331648       0.519406       1.25204
0.229617       0.354009       1.75824
1.48778e-008       2.44437e-005       3.9999
0.392315       1.00211       0.646631
0.358277       1.00583       0.71442
0.301747       1.00251       0.833566
0.315367       0.825986       1.15776
7.45312e-010       2.5446e-005       3.99995
0.341055       1.0125       0.759243
0.293735       1.00401       0.85567
0.2312       1.0059       1.03241
0.134765       0.503622       1.85812
0.275922       1.00264       0.899384
0.214316       1.00473       1.08406
0.13342       0.633974       1.77761
6.44263e-012       5.74422e-006       4.00001
0.206987       1.00617       1.11093
0.12453       1.00392       1.41126
5.71264e-009       0.000101941       4.00004
0.120373       1.00735       1.43479
6.12979e-006       1.00008       2.0002
