3.10158       3.12032       4.6195e-007
5.96509       0.901344       0.0421196
5.97354       0.815654       0.146145
6.00774       0.638839       0.181545
5.99621       0.619082       0.221364
6.00725       0.608611       0.300675
6.06453       0.463317       0.458531
6.06671       0.386284       0.465012
6.14114       0.326423       0.515011
6.20623       0.30774       0.694247
6.21461       0.233759       0.776431
6.20944       0.125079       0.783931
6.20196       0.0344706       0.810028
2.35057       2.10787e-007       3.51896
0.291841       5.33692       0.000203156
3.11786       3.11391       0.137491
4.17321       1.85111       0.291002
4.18682       1.23294       0.440318
4.26685       1.0257       0.288255
4.35692       0.894661       0.535008
4.35746       0.683008       0.674869
4.40744       0.54587       0.750103
4.24252       0.0468165       1.31055
4.17221       0.164089       1.60927
2.59585       0.117745       2.79401
0.291841       7.94506e-011       5.33693
0.291841       5.33691       0.000480898
2.10842       3.77407       2.12094e-009
2.40193       2.54568       0.553728
3.14058       2.23238       0.748315
4.02545       1.95131       0.766795
4.17297       1.06591       1.12005
3.97923       1.20611       1.57569
3.74444       1.04393       1.75216
3.90917       0.659521       2.5585
2.6888       0.533238       2.65223
2.07282       0.389306       3.81658
0.291841       5.3369       0.00090419
1.00956       5.13545       0.551291
2.09517       3.19672       0.693262
2.3449       2.24963       0.714836
2.80302       2.04889       1.36323
2.50595       1.59188       1.63928
2.52539       1.19588       1.77695
2.34469       1.09478       2.56062
2.14726       0.364929       3.19068
1.39165       0.458278       4.36064
0.291841       1.42004e-010       5.33693
0.90093       5.08639       0.631399
1.39481       3.68548       1.0251
2.13782       2.82641       0.998114
2.19638       2.06335       1.74496
2.09274       1.69791       2.05982
2.10752       1.34029       2.40147
2.06386       0.415686       4.07519
1.09265       0.536083       4.37646
0.291841       0.044934       4.87639
0.821568       3.581       1.12907
1.91855       3.32747       1.27415
1.90622       2.39778       2.50344
1.79394       1.74117       2.91691
0.74648       1.40521       4.30186
0.75664       0.540631       4.38195
0.291841       7.79091e-011       5.33693
0.641414       4.92431       0.789712
1.19175       3.31035       2.43795
0.92849       2.02638       2.70883
0.712573       1.65173       4.12315
0.647139       0.588552       4.38812
0.291841       9.97595e-010       5.33693
0.291841       5.33688       0.00141693
0.507897       4.26617       0.880456
0.956117       3.48086       1.72071
0.976906       2.62       2.61587
0.843518       1.75144       3.36542
0.291858       0.871472       4.44825
0.291841       4.41061e-009       5.33693
0.291841       5.3234       0.268333
0.481505       3.85611       0.971474
0.863904       3.48323       1.78153
0.710463       1.89048       2.88371
0.501828       0.534526       4.39838
0.291841       0.0197756       5.01188
0.292583       3.64701       1.21799
0.291841       2.65639       2.66882
0.479517       1.24327       4.38765
0.29357       3.58114       1.72135
0.291876       1.78412       3.41791
0.291841       5.33693       3.97527e-006
0.291841       0.143195       4.66458
0.291841       2.76109       2.6655
