1       2.639
1       2.63905
1       2.63903
1       2.63908
1       2.6392
1       2.6392
1       2.6391
1       2.63905
1       2.6392
1       2.63901
1       2.63902
1       2.63896
1       2.63917
1       2.63914
1       2.63905
1       2.63906
1       2.63907
1       2.639
1       2.63912
1       2.63908
1       2.639
1       2.63902
1       2.639
1       2.63912
1       2.63898
1       2.6391
1       2.63909
1       2.63901
1       2.63911
1       2.63904
1       2.63913
1       2.63905
1       2.63902
1       2.63899
1       2.63909
1       2.63899
1       2.63921
1       2.63915
1       2.63918
1       2.63906
1       2.63921
1       2.639
1       2.63901
1       2.6392
1       2.63917
1       2.6391
1       2.63918
0.992916       2.64801
0.95277       2.68944
0.915294       2.73201
0.879147       2.76824
0.843085       2.8025
0.812299       2.83405
0.772911       2.88192
0.727423       2.9384
0.700643       2.95107
0.664194       2.99173
0.625653       3.03375
0.583506       3.08074
0.548023       3.12132
0.516621       3.14954
0.477122       3.19403
0.443704       3.23889
0.401286       3.27673
0.370525       3.32624
0.328389       3.36203
0.296835       3.39766
0.259718       3.45961
0.205596       3.50822
0.187605       3.52316
0.130454       3.59153
0.109929       3.61954
0.0654911       3.68049
0.0376935       3.71718
0.00011225       3.76547
