23.7834       2.48899e-005
19.307       0.0087225
20.8991       0.577081
16.895       0.0383254
7.53439       0.799403
14.4406       0.87304
3.73544       1.08775
5.44673       1.15297
4.74481       1.03226
5.48243       1.15983
5.71159       1.16348
4.07223       0.948054
2.86233       1.00269
3.46902       1.19227
4.07602       0.948937
3.87441       1.3316
4.12429       1.20098
3.5437       1.30504
3.59484       1.31115
3.05107       1.36873
2.30916       1.31407
2.18262       1.33602
2.02937       1.33237
2.85532       1.53803
1.87542       1.37989
1.89028       1.3299
1.85361       1.18124
2.05686       1.4471
1.82107       1.5153
1.53571       1.38689
1.86749       1.40898
1.44796       1.4689
1.46079       1.53064
1.50005       1.78371
1.59069       1.90051
1.4467       1.46762
1.34101       1.80028
1.42569       1.91824
1.19712       1.96152
1.37832       2.27971
1.22068       2.20434
1.22009       2.36184
0.991547       2.10266
1.19365       2.56211
1.15659       2.3086
1.16124       3.00486
1.12218       2.72613
1.12776       2.81732
1.11512       2.48306
1.17582       3.97888
0.932543       3.90085
1.04129       3.46548
0.982689       3.19622
1.00891       4.22006
0.969146       4.76661
0.951       4.6595
0.998302       5.44606
0.94576       4.08784
1.01192       5.28711
1.03813       5.57146
0.861181       16.1521
0.779959       17.1951
0.521693       18.9498
0.224013       21.9371
1.3772e-008       24.4217
