9.80283       1.73315e-005
9.77629       0.0575161
9.75922       0.133827
9.71329       0.285012
9.68662       0.407609
9.64166       0.493353
9.56281       0.610581
9.50351       0.679365
9.33444       0.811802
9.12605       0.899868
8.79871       0.986469
8.52019       1.05512
8.34105       1.12726
8.17084       1.23549
8.08291       1.33151
8.03253       1.39568
7.96895       1.5102
7.92093       1.63787
7.88545       1.74628
7.85412       1.85874
7.82536       1.98838
7.80553       2.07858
7.77163       2.20616
7.72905       2.33487
7.67896       2.44507
7.60371       2.56643
7.50795       2.67519
7.39791       2.76924
7.23294       2.84507
6.98584       2.90601
6.77409       2.95625
6.57534       3.01227
6.42812       3.06741
6.29509       3.13696
6.18309       3.22864
6.09515       3.32537
6.04684       3.39407
5.96828       3.56386
5.93199       3.69599
5.89523       3.8187
5.86505       3.96632
5.83517       4.0742
5.79894       4.24719
5.72355       4.39696
5.65906       4.52703
5.55303       4.63139
5.42289       4.72721
5.28924       4.79144
5.14259       4.83899
4.97532       4.88132
4.80147       4.91512
4.66123       4.95516
4.50164       5.0114
4.38274       5.06801
4.27388       5.13825
4.18314       5.22609
4.1137       5.33156
4.03931       5.46919
3.98267       5.63197
3.93526       5.82361
3.9062       5.96204
3.84932       6.1685
3.78303       6.33451
3.69397       6.48794
3.6116       6.58175
3.48466       6.68434
3.33634       6.74285
3.20027       6.79204
3.0892       6.82863
2.96269       6.85499
2.82336       6.89099
2.7056       6.92394
2.5763       6.95334
2.48556       7.01692
2.38418       7.05818
2.261       7.15549
2.19281       7.2296
2.09341       7.40848
2.02535       7.56971
1.97103       7.79054
1.91397       8.03185
1.83876       8.27879
1.74618       8.43346
1.64179       8.55438
1.54176       8.62535
1.43022       8.68322
1.30312       8.73504
1.19767       8.7616
1.05317       8.81221
0.967393       8.82008
0.871845       8.8489
0.765774       8.86508
0.627655       8.90862
0.570895       8.93539
0.464608       8.98253
0.368942       9.05418
0.286531       9.14777
0.189906       9.24967
0.080892       9.54157
5.91784e-006       9.811
