108.179       0.00983751
9.90629       0.103855
7.97605       0.127929
6.25601       0.162158
5.53363       0.182488
4.98124       0.201211
4.58493       0.21821
4.32009       0.233175
4.0542       0.246818
3.85168       0.261744
3.66571       0.274113
3.482       0.2883
3.37346       0.296762
3.26974       0.308051
3.14388       0.318899
3.08252       0.32488
2.96188       0.338384
2.89017       0.348242
2.83024       0.356273
2.76526       0.362805
2.70962       0.36953
2.64525       0.379821
2.59275       0.386096
2.53787       0.395003
2.48978       0.402216
2.45006       0.409253
2.3922       0.419035
2.36595       0.423494
2.32097       0.431548
2.29136       0.437805
2.25992       0.443912
2.2194       0.451153
2.19244       0.456515
2.16272       0.463613
2.13194       0.469458
2.10664       0.474948
2.0793       0.481922
2.05428       0.487848
2.03017       0.493388
2.00538       0.499862
1.98426       0.504929
1.96142       0.510836
1.93897       0.51702
1.91527       0.52261
1.89489       0.527893
1.87695       0.534056
1.86047       0.538719
1.83648       0.544807
1.82119       0.550269
1.80502       0.555628
1.78926       0.560285
1.7675       0.56772
1.74995       0.571782
1.73674       0.577687
1.72209       0.582101
1.70936       0.586248
1.69011       0.592304
1.67842       0.596926
1.66188       0.601901
1.64813       0.607312
1.63222       0.613095
1.62182       0.617615
1.60914       0.622228
1.60036       0.625132
1.60033       0.625118
1.60035       0.625137
1.60033       0.625129
1.6003       0.625113
1.6003       0.625114
1.60032       0.62512
1.60027       0.625091
1.60024       0.625082
1.60024       0.625091
1.60032       0.625114
1.6003       0.625101
1.60019       0.625061
1.60029       0.625104
1.60027       0.62509
1.6003       0.625108
1.60031       0.625111
1.60014       0.625045
1.60017       0.625055
1.60032       0.625109
1.60033       0.625127
1.60027       0.625093
1.60035       0.625127
1.60038       0.625145
1.60043       0.625158
