0.999986       3.61249
0.999992       3.61249
0.999989       3.61248
0.999997       3.61247
0.999991       3.61248
0.999994       3.61248
0.999992       3.61247
0.999993       3.61248
0.999989       3.61249
0.999997       3.61247
0.99999       3.61248
0.999989       3.61248
0.999995       3.61247
0.999987       3.61248
0.999989       3.61249
0.999989       3.61248
0.999989       3.61248
0.999988       3.61249
0.999992       3.61248
0.999992       3.61249
0.999994       3.61249
0.999999       3.61249
0.999988       3.61249
0.999995       3.61248
0.999998       3.61249
0.999994       3.61248
0.999998       3.61249
0.999992       3.61249
0.999997       3.61249
0.999996       3.61248
0.999997       3.61248
0.999994       3.61249
0.999993       3.61248
1       3.61249
0.999998       3.61248
0.999994       3.61249
1       3.61249
0.999984       3.61247
0.999981       3.61249
0.999995       3.61248
0.999982       3.61248
0.999993       3.61249
0.999986       3.61247
0.999986       3.61249
0.999989       3.61249
0.999987       3.61249
0.999987       3.61249
0.999988       3.61249
0.999988       3.61249
0.999985       3.6125
0.999987       3.61249
0.999992       3.61251
0.978905       3.6393
0.931392       3.6993
0.878659       3.76774
0.84171       3.81765
0.802879       3.8733
0.75732       3.93863
0.705029       4.01263
0.672027       4.07401
0.625885       4.13281
0.579284       4.21642
0.530896       4.29245
0.489742       4.36499
0.435349       4.45533
0.397458       4.53226
0.345971       4.62782
0.30156       4.73267
0.252976       4.83969
0.201871       4.96869
0.157398       5.11608
0.106707       5.27047
0.0555952       5.50378
5.78035e-005       6.31711
