10.539       1.03653e-005
6.40567       0.0101232
0.810646       0.0833571
0.217258       0.0548411
0.269808       0.072908
0.374362       0.0734835
0.57782       0.0755584
0.488354       0.0748946
0.302389       0.0647349
0.211079       0.064355
0.280774       0.0821699
0.295453       0.0768254
0.2754       0.078041
0.30617       0.0867605
0.147121       0.0684206
0.353662       0.107089
0.264385       0.0832724
0.201647       0.0621272
0.229585       0.0725569
0.23717       0.114792
0.203217       0.0773694
0.225601       0.103184
0.260521       0.0847575
0.250577       0.0837503
0.216282       0.105048
0.246898       0.149513
0.214484       0.117049
0.153517       0.0999601
0.174338       0.113517
0.134693       0.172399
0.15567       0.115418
0.178508       0.168719
0.182879       0.169293
0.218617       0.148022
0.142602       0.0932554
0.197191       0.148326
0.107567       0.0914609
0.132143       0.230747
0.137851       0.257051
0.161608       0.142014
0.182214       0.233225
0.144539       0.127014
0.147603       0.199038
0.177429       0.249264
0.117469       0.308031
0.19153       0.40481
0.121966       0.174455
0.161       0.278274
0.152712       0.139494
0.141029       0.421067
0.162754       0.501049
0.134587       0.431936
0.135404       0.60269
0.131248       0.4317
0.134247       0.388615
0.158802       0.639142
0.132306       0.293254
0.0950987       0.800673
0.0949029       0.548126
0.0864902       1.4219
0.100397       2.04364
0.124189       2.77092
0.00141307       3.56788
0.0528805       4.81097
1.03743e-005       6.97913
