0.997744       0.0265036
0.996663       0.0265882
0.991988       0.0268193
0.964134       0.0343097
0.941378       0.0468229
0.917181       0.0570458
0.886664       0.0720087
0.852341       0.0874467
0.836617       0.102117
0.809191       0.112062
0.795635       0.121423
0.792534       0.127549
0.772548       0.134118
0.741541       0.145951
0.740547       0.152184
0.731877       0.162169
0.7243       0.1719
0.699016       0.179557
0.696031       0.183667
0.678543       0.197117
0.664662       0.20278
0.659068       0.206691
0.647753       0.218392
0.638561       0.225821
0.624876       0.234453
0.616964       0.241219
0.60306       0.244394
0.592807       0.254043
0.575813       0.275394
0.562017       0.278792
0.553314       0.291285
0.529895       0.296708
0.529895       0.311921
0.514393       0.315874
0.509381       0.314211
0.496702       0.345218
0.491616       0.346466
0.479307       0.352779
0.458048       0.364563
0.444991       0.373347
0.437514       0.389354
0.447986       0.390373
0.434875       0.39972
0.404036       0.409464
0.381521       0.411237
0.39196       0.439023
0.393163       0.468716
0.346378       0.479189
0.356543       0.474354
0.364478       0.495295
0.358446       0.510585
0.337078       0.539077
0.328056       0.566415
0.289867       0.549803
0.283699       0.561104
0.28532       0.600835
0.283699       0.583004
0.261844       0.619068
0.261844       0.637646
0.253027       0.636019
0.230849       0.665878
0.227767       0.679404
0.214008       0.721353
0.184481       0.739564
0.184481       0.723091
0.149338       0.774276
0.162481       0.798668
0.16329       0.880779
0.16329       0.879617
0.120838       0.986372
0.132618       0.997942
0.124322       1.23133
0.106147       1.27521
0.0949517       1.37945
0.0761865       1.49876
0.0574213       1.59593
0.0468905       1.82937
0.0468905       1.8644
0.0277979       2.90773
0.00012223       3.83504
