9.12489       9.12489       1.51072e-005
8.97547       8.81788       0.719061
9.06024       7.87803       1.48954
9.09965       7.53801       2.24678
9.01616       7.3597       2.9492
8.92678       5.68598       3.54406
8.92678       5.44122       4.52195
9.07403       3.42154       5.7067
9.12537       3.10958       7.00623
9.24334       1.37014       7.89005
9.15534       1.4069       7.9315
9.28036       0.173709       9.17919
9.21334       0.00146024       18.2342
8.84798       9.05864       0.346581
8.95406       8.88147       0.37102
9.0456       7.79165       1.54554
9.02535       7.42477       2.48881
9.06896       5.71955       3.35683
9.01878       5.53968       3.70872
9.01199       5.27494       5.28074
9.04626       3.1786       6.27978
9.23271       1.38796       7.89033
9.2245       0.138891       9.18571
0.0301784       4.41135e-005       36.8075
7.66587       9.02613       1.3783
7.85564       8.83561       1.77614
9.04316       5.69447       3.34978
9.07849       3.31038       5.80793
9.02541       1.28089       9.00269
5.75949       0.15487       13.0278
0.009036       0.00277806       38.415
7.51338       9.0757       2.20209
7.46778       9.06318       2.43313
7.42645       9.06377       2.73709
8.06336       7.87014       2.98213
8.78611       5.61623       4.15009
9.01169       5.31323       4.97665
9.03406       3.2855       6.20257
7.91994       3.34206       7.58833
7.683       0.151185       10.9339
3.46367       1.42129       14.0116
0.00907097       0.00278548       38.5161
7.38538       9.1022       3.27489
5.76773       9.12641       3.36449
5.64826       8.87423       4.06473
7.3984       7.53279       5.34755
8.0459       5.67824       5.31681
5.86686       3.39662       9.59422
5.66177       3.29196       10.375
8.111e-005       0.00150912       39.2563
5.60443       9.04817       3.52918
5.53472       9.08532       3.89779
5.47606       9.14647       4.46379
5.38818       8.92134       5.42206
3.35614       7.68644       7.20511
3.5336       5.78898       9.24886
3.47134       3.41465       11.4609
1.39383       1.43768       15.9457
5.42713       9.10477       4.59991
5.40086       9.06798       5.1798
3.45586       9.17794       5.76191
3.47619       9.01463       5.77991
3.4729       5.79789       9.11237
0.000307317       0.00360947       38.9654
3.43646       9.20243       5.77502
3.31942       9.10301       5.82317
1.50057       6.01397       11.8087
1.43004       1.43995       16.1469
0.000468054       0.00206189       39.057
3.17187       9.05694       6.34841
1.32195       9.02977       7.7079
1.46481       7.63021       10.6059
1.38182       3.46925       13.7416
0.000360951       0.00266817       38.9188
3.14552       8.97218       6.94988
1.36021       9.01637       7.70211
1.4065       8.86873       7.98653
0.000188811       0.00411085       38.6084
1.31914       9.01061       7.69152
0.190013       6.04186       13.0086
0.182415       9.07163       9.05575
0.17465       9.07864       8.99182
5.13246e-016       0.0295198       37.5268
0.00124663       9.01002       17.8399
