0.999998       3.88545
0.999998       3.88544
0.999998       3.88543
0.999998       3.88541
0.999997       3.88543
0.999999       3.88543
0.999997       3.88543
0.999998       3.88542
0.999998       3.88542
0.999998       3.88542
0.999998       3.88539
0.999997       3.88542
0.999998       3.88541
0.999998       3.88543
0.999998       3.88542
1       3.88532
0.999998       3.88541
0.999998       3.88538
0.999998       3.88542
1       3.88537
0.999999       3.88537
0.999998       3.88541
0.999998       3.88546
0.999999       3.88536
0.999999       3.88537
0.999999       3.88543
0.999997       3.88547
0.999996       3.88537
0.999997       3.88547
0.999999       3.88547
0.999996       3.88542
0.999999       3.88534
0.999998       3.88546
0.999999       3.88536
0.999997       3.88545
0.999998       3.88538
0.999998       3.88536
0.999998       3.88538
0.999998       3.88542
0.999998       3.88537
0.999997       3.88542
0.999997       3.8855
0.999997       3.88547
0.999997       3.88545
0.999997       3.8855
0.999999       3.88544
0.999997       3.88547
0.999997       3.88544
0.97652       3.89345
0.925388       3.91075
0.86797       3.92722
0.805055       3.94485
0.753394       3.95753
0.682913       3.97224
0.641383       3.98005
0.598221       3.99018
0.53619       3.99763
0.496021       4.00252
0.449052       4.00862
0.3971       4.01372
0.349057       4.01865
0.292746       4.02157
0.257071       4.02413
0.212437       4.02646
0.16576       4.02793
0.124072       4.02864
0.0170482       4.02981
0.017048       4.02982
3.24047e-007       4.03446
