3.90123       5.90868e-007
2.16089       0.0115195
2.01057       0.00710292
2.01025       0.056284
2.08105       0.043355
1.85272       0.11292
1.90689       0.116221
1.85688       0.164266
1.70746       0.15499
1.72289       0.162468
1.80758       0.20887
1.71993       0.219139
1.65856       0.241243
1.62254       0.251731
1.59082       0.289538
1.45385       0.297458
1.52843       0.246885
1.4554       0.391646
1.43186       0.386774
1.44123       0.393369
1.35844       0.446209
1.29357       0.441234
1.33285       0.485435
1.27794       0.505467
1.25709       0.528573
1.18654       0.559534
1.18298       0.642857
1.13817       0.589696
1.06955       0.672188
1.0897       0.695174
1.02434       0.775698
0.583223       0.766552
0.952567       0.758602
0.740493       0.89977
0.783484       0.936575
0.793036       0.937213
0.802201       0.951153
0.549961       0.996751
0.708666       0.951974
0.730733       0.965333
0.609861       0.993853
0.547779       0.968589
0.567388       0.983394
0.561544       1.01909
0.534839       1.03397
0.52488       1.05632
0.431786       1.07158
0.379051       1.07524
0.47594       1.08673
0.39053       1.0675
0.338015       1.14047
0.323566       1.22206
0.18514       1.23336
0.306568       1.29349
0.189021       1.25921
0.138008       1.28161
0.142903       1.27858
0.225517       1.30413
0.156297       1.31944
0.138515       1.34163
0.0535238       1.36983
0.10936       1.40108
0.0734179       1.41002
0.0546306       1.45178
0.0150989       1.43709
0.0247512       1.51287
0.000135447       2.08639
