0.999557       0.154864
0.999956       0.149577
0.999435       0.153126
0.99991       0.152527
0.999529       0.151242
0.999931       0.150692
0.999887       0.151225
0.999673       0.1536
0.999724       0.151013
0.99862       0.155333
0.99092       0.169438
0.983164       0.178167
0.976929       0.194541
0.967164       0.21694
0.952658       0.22945
0.945823       0.241678
0.944344       0.253378
0.930055       0.264109
0.925387       0.277128
0.917247       0.302293
0.909362       0.312113
0.896559       0.31877
0.888499       0.336507
0.878236       0.351307
0.868994       0.368797
0.862775       0.381927
0.85593       0.395151
0.850862       0.41007
0.839225       0.415156
0.824096       0.437379
0.817157       0.45417
0.813681       0.468791
0.804113       0.483349
0.79682       0.493916
0.77948       0.503522
0.771837       0.518411
0.756419       0.532741
0.74229       0.543009
0.727966       0.570386
0.722999       0.582504
0.710168       0.59424
0.69713       0.611557
0.689886       0.618734
0.674154       0.638509
0.657273       0.654868
0.650328       0.670381
0.63359       0.678278
0.629764       0.698091
0.612936       0.709039
0.597569       0.719089
0.581178       0.738065
0.572158       0.74329
0.559949       0.758836
0.549407       0.783423
0.532625       0.786136
0.513668       0.805835
0.504914       0.812156
0.490517       0.829025
0.476933       0.841291
0.462399       0.85124
0.442313       0.868719
0.431535       0.879923
0.417713       0.892975
0.404045       0.906788
0.395644       0.916428
0.369179       0.934506
0.358127       0.938509
0.352725       0.954358
0.33527       0.957028
0.325491       0.968751
0.298803       0.979191
0.288174       0.986518
0.2835       0.991484
0.262514       1.0018
0.247088       1.01437
0.225404       1.02178
0.199536       1.03241
0.198787       1.03732
0.186066       1.04204
0.163157       1.0488
0.153765       1.0513
0.115715       1.06435
0.1318       1.06463
0.104876       1.07045
0.0847027       1.07564
0.0715522       1.0773
0.0626466       1.08003
0.0460105       1.08732
0.032207       1.08836
0.00882918       1.0884
1.50998e-008       1.28728
