2.0659       3.48099e-007
1.05523       0.0100127
1.02377       0.016414
0.998625       0.0307676
0.973039       0.0361421
0.964543       0.0470993
0.952027       0.0548815
0.933562       0.0608317
0.923329       0.0815703
0.913427       0.101341
0.918829       0.10194
0.910583       0.131409
0.908236       0.149614
0.88921       0.155778
0.886069       0.179017
0.876428       0.198249
0.839642       0.214753
0.840876       0.22934
0.805761       0.24686
0.792157       0.254535
0.754796       0.258159
0.740664       0.262564
0.724872       0.270802
0.718403       0.275214
0.702199       0.28672
0.696292       0.297588
0.673526       0.294313
0.653557       0.329116
0.649226       0.343716
0.645458       0.356337
0.638722       0.396291
0.633961       0.399652
0.623815       0.423113
0.620051       0.425347
0.585422       0.460506
0.589892       0.476715
0.562928       0.493569
0.552331       0.497891
0.522649       0.511008
0.509273       0.514952
0.454591       0.520693
0.479859       0.523923
0.447831       0.537458
0.426659       0.540324
0.417653       0.564315
0.402117       0.569506
0.39992       0.592592
0.399736       0.600805
0.389523       0.611968
0.377865       0.647096
0.35679       0.682576
0.351079       0.693457
0.33709       0.71517
0.330174       0.725153
0.313464       0.735308
0.298158       0.743103
0.295545       0.745637
0.281345       0.749536
0.266949       0.754711
0.246579       0.771421
0.24152       0.764149
0.202901       0.77927
0.21768       0.782099
0.192545       0.789642
0.187472       0.795641
0.173232       0.801957
0.171381       0.815027
0.147951       0.837768
0.141066       0.86291
0.13287       0.88172
0.121171       0.90446
0.109727       0.926686
0.108253       0.959763
0.0933085       0.973156
0.086406       0.980284
0.0585445       1.01101
0.0640115       1.01801
0.0540312       1.02015
0.0267697       1.04258
0.00162248       1.03675
0.0013722       1.04753
6.14138e-008       2.34978
