0.999787       1.45387
0.999887       1.45338
0.999825       1.45375
0.999884       1.45348
0.999841       1.45363
0.999821       1.45297
0.999882       1.45288
0.999849       1.45326
0.999874       1.45327
0.999974       1.45332
0.99994       1.45262
0.999841       1.45295
0.999962       1.45335
0.999973       1.45336
0.999849       1.45318
0.999908       1.45287
0.999962       1.45333
0.999966       1.45278
0.999966       1.45288
0.99995       1.4525
0.999932       1.45297
0.999952       1.45227
0.999966       1.45271
0.999853       1.4534
0.999926       1.45299
0.999953       1.45314
0.999977       1.45308
0.999851       1.45424
0.999946       1.45296
0.999922       1.45393
0.999909       1.45442
0.999953       1.45313
0.999861       1.45348
0.999916       1.45398
0.999859       1.45349
0.999906       1.45364
0.99992       1.45452
0.999936       1.4533
0.999915       1.45419
0.999967       1.45318
0.999972       1.45353
0.990201       1.46931
0.970672       1.49658
0.942938       1.51164
0.917424       1.55256
0.892109       1.56733
0.859502       1.59066
0.833075       1.61157
0.822712       1.62959
0.786324       1.65273
0.753167       1.67917
0.721001       1.70079
0.700454       1.71514
0.678961       1.74271
0.643708       1.75035
0.615108       1.76725
0.600171       1.77768
0.570264       1.79927
0.53092       1.81236
0.515894       1.81957
0.494279       1.84045
0.460069       1.84778
0.431552       1.8589
0.411561       1.87051
0.380532       1.8784
0.352396       1.88962
0.333468       1.89814
0.311359       1.8998
0.278264       1.90849
0.245464       1.9158
0.215854       1.92089
0.21502       1.92277
0.174791       1.9281
0.152223       1.93336
0.09316       1.93671
0.0589638       1.94057
0.011441       1.94054
0.000157214       1.94095
8.765e-006       1.94243
0.000182358       1.94387
