0.999329       0.292738
0.999744       0.292431
0.999984       0.292512
0.999447       0.292622
0.999479       0.29219
0.999984       0.292511
0.999984       0.292433
0.999709       0.292046
0.999265       0.292192
0.999247       0.291995
0.999247       0.293
0.999151       0.293562
0.990686       0.304495
0.983035       0.318245
0.982987       0.324608
0.973796       0.351612
0.957891       0.354709
0.944791       0.375045
0.937481       0.390856
0.91908       0.404491
0.917562       0.405557
0.9052       0.423504
0.900843       0.443377
0.880228       0.458001
0.866545       0.477029
0.844681       0.498184
0.844681       0.499274
0.816885       0.52913
0.812063       0.533006
0.812063       0.53318
0.792481       0.558764
0.785993       0.580976
0.770317       0.584426
0.740066       0.605412
0.7327       0.638679
0.693483       0.66116
0.679595       0.678113
0.665831       0.695473
0.663019       0.70856
0.642024       0.725225
0.629639       0.73715
0.621711       0.742412
0.606347       0.766187
0.591603       0.786605
0.589028       0.794303
0.570735       0.810968
0.550598       0.837703
0.547628       0.845171
0.528228       0.848251
0.501177       0.875175
0.484302       0.895766
0.454962       0.906438
0.454962       0.915344
0.428053       0.931846
0.425633       0.939048
0.409292       0.946768
0.395755       0.957276
0.382032       0.967466
0.364627       0.986292
0.350577       0.996189
0.338695       1.00823
0.32628       1.01863
0.310581       1.02904
0.296651       1.04009
0.284472       1.065
0.268245       1.06784
0.247671       1.0836
0.2401       1.09162
0.22265       1.09689
0.208844       1.11044
0.191455       1.11983
0.186125       1.12382
0.169447       1.13524
0.153606       1.15124
0.142788       1.15462
0.123941       1.16616
0.112266       1.17462
0.0982185       1.18027
0.0796352       1.18998
0.0665536       1.19679
0.0623012       1.20103
0.0419582       1.20776
0.0294948       1.21318
0.0236935       1.21688
0.00534085       1.22032
5.62213e-005       1.24094
