1.32861       0.213957       0.035448
1.3265       0.213603       0.0354386
1.32645       0.211874       0.044638
1.36033       0.203958       0.0877911
1.33376       0.184569       0.117061
1.32645       0.165507       0.139609
1.30522       0.132846       0.167623
1.31295       0.107822       0.189144
1.33142       0.0724684       0.204894
1.41279       0.0371506       0.227598
1.41494       0.0372084       0.227948
1.18133       0.584845       0.0965039
1.17906       0.600062       0.105056
1.18961       0.576208       0.11552
1.26091       0.393915       0.0650596
1.28933       0.287832       0.109805
1.28013       0.253412       0.16642
1.29484       0.144646       0.210275
1.28733       0.0761098       0.287163
1.26023       0.0638511       0.390379
1.19432       0.0902       0.551253
1.16293       0.100734       0.614487
0.857646       0.996928       0.162891
0.831961       1.00817       0.16509
0.932757       0.937295       0.153497
1.09036       0.712662       0.22106
1.15273       0.582994       0.301497
1.20128       0.43857       0.341036
1.18295       0.365713       0.437913
1.18118       0.25413       0.526186
1.11601       0.261007       0.703728
0.927965       0.19713       0.930383
0.8427       0.168684       1.03044
0.867286       0.160319       0.97978
0.632517       1.14065       0.189211
0.557473       1.17668       0.192641
0.732582       1.08023       0.17772
0.909963       0.930188       0.237189
1.02208       0.786076       0.274816
1.02744       0.589841       0.574161
1.02437       0.367136       0.75609
0.692181       0.181412       1.10924
0.570034       0.190724       1.16722
0.598813       0.188558       1.15389
0.446312       1.21952       0.199604
0.40402       1.23756       0.202586
0.554459       1.15936       0.287279
0.743322       1.01563       0.3921
0.832537       0.811577       0.636215
0.828091       0.574582       0.843882
0.721703       0.420416       1.0163
0.574833       0.296769       1.14365
0.402579       0.201426       1.233
0.432832       0.200437       1.22456
0.297423       1.25959       0.205634
0.261311       1.26621       0.206694
0.462435       1.19043       0.34595
0.618844       0.978971       0.627424
0.623412       0.817516       0.82676
0.580318       0.568238       1.03719
0.462548       0.355468       1.1766
0.257418       0.206812       1.26685
0.322539       0.206613       1.25307
0.240717       1.27102       0.207522
0.212101       1.27443       0.211148
0.359293       1.18319       0.46801
0.36185       1.03436       0.730947
0.210877       0.764366       1.04154
0.30672       0.462878       1.18664
0.210879       0.210538       1.27466
0.239386       0.207474       1.27098
0.210877       1.2736       0.216815
0.258903       1.1399       0.5898
0.30672       0.899809       0.901512
0.241331       0.577783       1.1497
0.210877       0.213954       1.27408
0.210877       0.212815       1.27427
0.210921       1.07779       0.71282
0.237833       0.720592       1.06685
0.210877       0.214372       1.27401
0.210877       0.888091       0.938271
0.210877       0.727142       1.06786
0.210877       0.39777       1.22916
0.210877       1.18055       0.524751
