0.707107       0.707107       1.7498e-021
1       0       5.92864e-019
1       7.61132e-005       3.61416e-019
1       0.000139078       9.56012e-022
1       0.000130935       3.75453e-022
1       0.000151331       6.78267e-022
1       0.000109812       8.84691e-023
1       7.87782e-005       8.7749e-024
0.881586       5.04714e-022       0.837333
6.12323e-017       1       2.2578e-026
0.898374       0.441078       6.90787e-019
0.95274       0.303788       4.34066e-019
0.97143       0.2375       0.00141814
0.982542       0.186039       6.64721e-019
0.992747       0.128304       1.83704e-019
0.986874       1.92099e-022       0.194408
0.987224       1.92167e-022       0.194476
0.94745       9.62906e-022       0.392447
0.799896       0.0143091       0.800024
3.19544e-012       1.14657e-012       1.00395
6.12323e-017       1       6.90335e-027
0.433381       0.901211       1.60053e-019
0.707107       0.707107       1.7498e-021
0.830127       0.529295       0.188401
0.900561       0.442152       1.98868e-019
0.90694       0.352776       0.258184
0.941963       0.307034       0.230562
0.90838       0.248433       0.43216
0.865886       0.197724       0.517725
0.718261       0.164014       0.79423
0.394897       5.80454e-006       0.963789
1.14216e-011       4.09826e-012       1.00351
0.31133       0.950302       1.47658e-027
0.554441       0.832384       0.00762881
0.707123       0.707123       1.03876e-021
0.741322       0.570304       0.368511
0.820433       0.445405       0.442856
0.759996       0.412121       0.563341
0.682521       0.292034       0.747582
0.565741       0.0890631       0.837778
0.329035       0.109173       0.990625
1.21027e-011       8.70599e-013       1.00346
0.240221       0.970719       2.30655e-019
0.414258       0.897461       0.251385
0.536265       0.792639       0.337615
0.663553       0.646113       0.495689
0.657126       0.487801       0.654418
0.588848       0.27736       0.810213
0.450464       0.220795       0.946392
0.20576       0.0342648       0.993571
6.10529e-012       2.15159e-013       1.00264
0.182997       0.983114       6.90335e-027
0.355451       0.905396       0.262993
0.486839       0.784768       0.455672
0.320166       0.682713       0.697324
0.507525       0.321089       0.853391
0.1981       0.251382       0.962639
0.0318165       0.00327279       1.00397
0.157636       0.987497       1.29644e-027
0.280438       0.934181       0.356706
0.256774       0.792863       0.596208
0.187512       0.619961       0.805265
0.220357       0.378234       0.940696
0.0929593       0.0157081       0.999451
6.05668e-017       0.989131       0.15685
0.166004       0.915929       0.41129
4.36422e-017       0.712731       0.711167
0.155431       0.468006       0.926164
5.80834e-012       1.68015e-013       1.00238
0.0949431       0.975997       0.226375
5.18963e-017       0.847531       0.549637
0.202034       0.49327       0.879402
5.78712e-012       5.3055e-013       1.00249
0.044895       0.955736       0.311271
4.36787e-017       0.713328       0.711762
0.0942197       0.00399638       0.999741
6.12323e-017       1       4.0306e-027
0.0445267       0.917613       0.407992
0.023222       0.496059       0.936375
1.40006e-011       1.49135e-012       1.00396
5.22385e-012       8.51652e-014       1.00367
6.12323e-017       1       2.31252e-027
1.21346e-011       6.3371e-013       1.00487
