1.48847       1.48847       2.90907e-008
1.06288       1.11296       0.0696231
1.0279       1.03565       0.166083
1.07597       0.981251       0.246932
0.949646       0.949615       0.431105
0.961581       0.925903       0.567107
1.30884       0.69166       0.674936
1.14055       0.602366       0.66516
1.22489       0.571144       0.86663
1.18421       0.0847781       1.10987
1.20754       0.0864693       1.12931
1.2209       0.0949704       1.14728
1.31788       2.79998e-005       2.83022
1.10667       1.16237       0.0709452
1.03848       0.986463       0.189216
1.05992       0.943912       0.308906
1.08937       0.931579       0.464837
1.02916       0.906339       0.45319
1.19577       0.611469       0.627569
1.21152       0.533922       1.00543
1.23476       0.0784588       1.17146
1.18037       0.0853105       1.20172
0.00264826       0.000393767       4.47931
0.999239       1.00811       0.144055
1.00673       1.07996       0.186044
1.0074       1.0327       0.212009
1.08875       0.608533       0.641981
1.20725       0.541534       0.955026
1.25461       0.0860746       1.17484
0.658763       0.0781089       1.81229
0.952948       1.08827       0.256622
0.937375       1.08505       0.323446
0.945461       0.985411       0.380123
1.19272       0.574114       0.786553
1.10745       0.503347       1.03573
1.0272       0.0866319       1.47593
0.554349       0.0621091       1.86888
0.00180015       0.000142679       4.61009
0.933195       1.04534       0.460856
0.906834       1.06937       0.429292
0.585775       1.04607       0.590478
0.864265       0.958799       0.687082
1.0771       0.896545       0.817721
1.09719       0.0862208       1.2503
0.661227       0.078401       1.81906
0.522117       0.086301       1.94538
2.13301e-005       0.00014267       4.73652
0.914643       1.09592       0.59575
0.649682       1.29873       0.649991
0.781119       1.0574       0.915532
0.708711       0.669606       1.30275
0.624097       0.0638544       1.74259
0.460975       0.0381501       2.42736
0.000408285       0.000238634       4.7476
0.62777       1.2975       0.678986
0.681737       1.31845       0.661763
0.616166       1.3025       0.750666
0.646427       0.867128       1.20781
0.43502       0.0270186       2.61191
4.44957e-008       5.94017e-006       4.68424
0.582177       1.2448       0.895116
0.451649       1.18617       1.17275
0.0809943       0.822645       1.69945
0.0316888       0.387873       2.4185
0.520504       1.18307       0.77395
0.51329       1.16668       0.763223
0.102613       1.3058       1.25045
0.0403325       1.03794       1.64957
0.0263733       0.563437       2.1364
9.27628e-008       2.53445e-006       4.67615
0.0819667       1.17977       1.21708
0.0588497       1.11605       1.25054
0.0404233       0.630801       2.08279
6.54224e-008       3.99531e-006       4.60795
0.0820599       1.18112       1.21846
0.0580806       1.09828       1.23519
6.40827e-008       2.27404e-006       4.67641
5.27979e-005       1.1114       2.36036
