0.999494       0.0455985
0.999759       0.0511812
0.999756       0.0501867
0.990587       0.0439424
0.963346       0.0796719
0.957382       0.0893983
0.956444       0.0976465
0.940779       0.110274
0.929139       0.130421
0.928498       0.157956
0.914812       0.169524
0.908136       0.174102
0.899554       0.169722
0.887689       0.211706
0.86289       0.224036
0.8618       0.231994
0.855462       0.239426
0.849389       0.249554
0.842583       0.274853
0.829843       0.28168
0.827746       0.293808
0.785724       0.310009
0.785724       0.312458
0.785724       0.310025
0.761491       0.339873
0.757097       0.352086
0.738432       0.369096
0.724862       0.387183
0.720263       0.401278
0.69764       0.425798
0.681523       0.446769
0.668848       0.457973
0.641708       0.490833
0.641708       0.492049
0.63042       0.509629
0.616128       0.521982
0.604713       0.535958
0.589492       0.563956
0.578787       0.572909
0.570275       0.573778
0.557313       0.592884
0.540513       0.607127
0.521382       0.630442
0.51331       0.641644
0.508741       0.657367
0.483891       0.681932
0.483891       0.682481
0.471575       0.700723
0.454515       0.717088
0.416729       0.739048
0.397349       0.751691
0.392226       0.762117
0.377889       0.770448
0.365113       0.781398
0.360068       0.791321
0.338969       0.809124
0.309649       0.827991
0.28444       0.848391
0.275153       0.86098
0.251584       0.87627
0.239029       0.885824
0.217857       0.899142
0.211814       0.904028
0.19655       0.914399
0.189286       0.918526
0.173253       0.929029
0.158105       0.937275
0.152568       0.941687
0.139409       0.949555
0.132347       0.953983
0.103575       0.968163
0.099405       0.975992
0.0907268       0.977498
0.0817684       0.980758
0.0709999       0.986912
0.0536436       0.990593
0.0355916       0.993703
0.0289611       1.00091
0.00828017       1.0046
0.00029083       1.01364
2.60984e-010       1.14207
