25.6264       0.00236371
24.6645       0.54208
10.5999       0.0119303
10.616       1.04308
6.84286       1.02412
10.7439       1.05565
9.86986       1.13452
1.92655       0.953658
3.07229       1.41923
2.95995       1.05531
2.69798       1.31107
2.95483       1.10072
4.03074       1.39656
3.8362       1.2923
2.6033       1.3669
3.41375       1.29075
1.74578       0.953451
2.13558       1.10259
1.736       1.17119
2.66177       1.24
1.99426       1.33759
2.33239       1.25937
2.58495       1.32505
2.65237       1.82227
2.41778       1.41303
1.71024       1.54818
2.42824       1.94353
2.60157       1.37605
2.77296       1.39738
1.72923       1.62418
1.8684       1.57152
2.53118       2.61296
2.56774       2.85375
2.33759       2.80375
2.46915       2.59259
2.39189       3.06418
2.03475       2.26139
2.43967       3.63402
1.48245       3.21212
1.88989       3.28971
1.65237       3.83585
1.86102       3.37983
2.4275       4.74876
2.31783       4.78374
2.06969       5.3787
2.1463       6.1938
1.93827       3.50705
1.90116       4.28268
1.86845       1.47123
1.83431       5.29344
1.38204       1.81669
1.50432       6.06083
1.25394       4.51587
1.06302       6.70267
1.70437       3.75733
1.42385       4.37536
1.81676       9.42307
1.35896       20.1183
1.20119       22.6931
1.22327       23.1103
0.0926901       25.0415
0.409653       25.4517
0.285961       27.3114
0.00222402       28.5726
