1.73042       0.855534       0.486618
1.73049       0.855569       0.486637
1.73023       0.855417       0.486601
1.73171       0.856144       0.487021
1.72992       0.855268       0.48651
1.73122       0.840128       0.513635
1.73654       0.753914       0.63813
1.74681       0.64588       0.757862
1.73648       0.521199       0.842683
1.73294       0.487382       0.856743
1.73413       0.487675       0.857367
1.73346       0.487556       0.856995
1.73334       0.48747       0.856955
1.7312       0.855906       0.486857
1.732       0.807585       0.564191
1.72936       0.70141       0.701385
1.7273       0.583086       0.798701
1.73253       0.48724       0.85656
1.73409       0.487703       0.857327
1.73044       0.85551       0.486681
1.73135       0.855987       0.486891
1.73113       0.85586       0.48686
1.72824       0.857024       0.487487
1.73403       0.765159       0.6229
1.73051       0.621742       0.766244
1.73472       0.487885       0.857627
1.73402       0.487704       0.85727
1.71369       0.877946       0.499365
1.65833       0.961611       0.54712
1.5838       1.05434       0.599878
1.52442       1.12967       0.642547
1.5114       1.11882       0.713336
1.54183       0.910954       0.896028
1.52465       0.641355       1.12598
1.52816       0.642555       1.12957
1.59488       0.598181       1.05156
1.66888       0.547228       0.961985
1.69701       0.512719       0.901326
1.48298       1.16993       0.665487
1.41861       1.24447       0.708242
1.29556       1.32226       0.753274
1.19991       1.40976       0.801866
1.23244       1.25302       0.953145
1.27383       1.00372       1.19217
1.18252       0.797443       1.4019
1.32073       0.752457       1.32284
1.40292       0.70863       1.24572
1.49473       0.664498       1.16824
1.23296       1.36885       0.779033
1.13139       1.42808       0.812273
1.01359       1.48745       0.846043
0.982727       1.48624       0.881053
0.982727       1.22447       1.21894
0.982727       0.94712       1.44503
0.989022       0.852856       1.49943
1.14063       0.816155       1.43491
1.2409       0.77899       1.3695
0.995316       1.49581       0.850799
0.982727       1.47828       0.894335
0.982727       1.3126       1.12349
0.982727       0.860389       1.49829
0.982727       0.876811       1.48874
0.982727       1.1717       1.26975
0.982727       0.996636       1.41134
0.982727       0.8703       1.49256
0.982727       1.22173       1.22169
0.982727       0.904849       1.47187
0.982727       0.857797       1.49978
0.982727       0.866326       1.49487
0.982727       0.854368       1.50173
0.982727       0.857913       1.49971
0.982727       0.856141       1.50072
0.982727       0.855255       1.50123
