2.44275       3.06458       1.28905e-005
4.62605       0.873188       0.0582236
4.61717       0.788624       0.141844
4.54285       0.598597       0.177112
4.48369       0.568957       0.233291
4.50487       0.564312       0.342779
4.53702       0.488958       0.425129
4.54329       0.368909       0.435488
4.46963       0.299721       0.477405
4.50051       0.282199       0.605218
4.60739       0.135386       0.726896
4.60466       0.104382       0.728162
4.75876       0.0578251       0.76275
1.74542       0.000106623       3.07462
0.639632       4.17706       0.00956606
2.47805       2.52519       0.126844
3.42777       0.990356       0.259921
3.41484       0.986619       0.25894
3.55183       0.790406       0.194117
3.61843       0.695256       0.276517
3.60022       0.570772       0.544719
3.45973       0.466527       0.7431
3.49567       0.40449       0.750948
3.51498       0.342034       1.0202
3.4315       0.342767       1.50237
2.19073       0.183497       2.25015
0.640036       9.39064e-005       4.17681
0.639687       4.17763       0.00232663
1.70479       3.20771       0.119246
1.96583       1.98298       0.456024
2.55839       1.7274       0.606259
3.21754       1.60757       0.674598
3.36476       1.30335       1.12109
3.08638       1.01511       1.26467
3.08642       0.869327       1.38084
2.24736       0.778093       2.01106
1.61649       0.263332       3.23152
0.639828       4.17793       0.0230133
1.36312       4.10267       0.252223
1.69097       2.40435       0.595379
1.85166       1.84664       0.648109
2.22971       1.67671       1.12272
2.24976       1.30975       1.29582
1.90084       0.953972       1.44488
1.88607       0.877289       1.93732
1.72968       0.550591       2.41037
0.935395       0.367889       3.51473
0.640396       0.00255653       4.10263
0.646553       4.1163       0.481516
1.10693       2.93256       0.821303
1.68813       2.12861       0.848658
1.76132       1.27719       1.42161
1.69557       1.10878       1.67935
1.68459       1.09146       1.81335
1.61311       0.818913       3.2221
0.640776       0.27265       3.54234
0.639812       0.0067362       4.0168
0.640013       4.04497       0.552218
0.6399       2.84507       0.959561
1.51138       2.67363       1.59442
1.50753       1.92983       2.01593
0.639971       1.44008       2.38463
0.639666       1.10436       3.43149
0.640301       0.351927       3.5161
0.639781       4.05321       0.541048
0.640014       3.89821       0.644441
0.650825       2.80812       1.123
0.647307       2.63645       1.97628
0.641009       1.63539       2.16253
0.639912       1.30562       3.27632
0.63948       0.274373       3.53469
0.639636       3.30873       0.703589
0.640296       2.78928       1.34392
0.640286       2.08379       2.09099
0.639953       1.39855       2.64196
0.639502       0.00370624       4.06992
0.639511       0.595131       3.48391
0.639766       3.00338       0.776837
0.639746       4.17785       0.00771455
0.639823       2.74644       1.76862
0.639363       1.64017       2.15299
0.639389       1.25566       3.33759
0.639433       0.97575       3.461
0.639615       2.68874       1.89639
0.639291       1.63999       2.15276
0.639414       1.30795       3.26836
0.639477       2.42807       2.0578
0.639348       1.43855       2.38354
0.639373       1.25564       3.33753
0.639467       0.639595       3.48183
0.639435       0.745485       3.4785
0.639315       1.4385       2.38345
