108.865       0.0105431
9.85966       0.103857
7.83095       0.130868
6.22394       0.161831
5.479       0.182816
4.96423       0.201441
4.9       0.204082
4.9       0.204082
4.9       0.204082
4.9       0.204082
4.9       0.204082
4.9       0.204082
4.9       0.204082
4.9       0.204082
4.9       0.204082
4.9       0.204082
4.9       0.204082
4.9       0.204082
4.9       0.204082
4.9       0.204082
4.9       0.204082
4.9       0.204082
4.9       0.204082
4.9       0.204082
4.9       0.204082
4.9       0.204082
4.9       0.204082
4.9       0.204082
4.9       0.204082
4.9       0.204082
4.9       0.204082
4.9       0.204082
4.9       0.204082
4.9       0.204082
4.9       0.204082
4.9       0.204082
4.9       0.204082
4.9       0.204082
4.9       0.204082
4.9       0.204082
4.9       0.204082
4.9       0.204082
4.9       0.204082
4.9       0.204082
4.9       0.204082
4.9       0.204082
4.9       0.204082
4.9       0.204082
4.9       0.204082
4.9       0.204082
4.9       0.204082
4.9       0.204082
4.9       0.204082
4.9       0.204082
4.9       0.204082
4.9       0.204082
4.9       0.204082
4.9       0.204082
4.9       0.204082
4.9       0.204082
4.9       0.204082
4.9       0.204082
4.9       0.204082
4.9       0.204082
4.9       0.204082
4.9       0.204082
4.9       0.204082
4.9       0.204082
