1.29983       9.1783e-006
1.00685       0.00262024
1.00554       0.0207431
1.00197       0.030388
0.993355       0.0439787
0.983831       0.0580436
0.977154       0.0711754
0.961265       0.0846135
0.944195       0.0930392
0.923661       0.102368
0.890869       0.111909
0.868959       0.1176
0.850346       0.126784
0.829751       0.137537
0.818049       0.145663
0.810354       0.156496
0.802524       0.162822
0.796267       0.177023
0.790741       0.186019
0.789433       0.195747
0.783683       0.211788
0.780398       0.219232
0.779059       0.23495
0.774298       0.243521
0.770085       0.258463
0.768195       0.273098
0.759837       0.281664
0.746145       0.295219
0.737542       0.305417
0.728542       0.311722
0.705554       0.323011
0.682394       0.330019
0.671702       0.333343
0.645152       0.340507
0.639708       0.350721
0.627557       0.353479
0.605362       0.360146
0.603812       0.36987
0.59288       0.379781
0.584382       0.398118
0.576025       0.402948
0.57444       0.413054
0.569071       0.428378
0.563397       0.447776
0.555419       0.455429
0.551405       0.478558
0.544419       0.491982
0.53655       0.507979
0.534581       0.524872
0.522937       0.53048
0.482939       0.548909
0.477561       0.55433
0.449882       0.558782
0.43594       0.572709
0.420554       0.572782
0.397699       0.581783
0.385846       0.594407
0.370832       0.603643
0.36993       0.612817
0.355724       0.628226
0.351523       0.63684
0.344137       0.655778
0.338367       0.681449
0.327501       0.70567
0.319079       0.738614
0.304613       0.745807
0.299023       0.757015
0.284453       0.767217
0.258258       0.774334
0.251371       0.785262
0.237159       0.787688
0.227201       0.800726
0.196637       0.796207
0.169116       0.80996
0.168715       0.813945
0.154763       0.838437
0.148625       0.842813
0.130914       0.851407
0.121235       0.887845
0.109213       0.924657
0.105075       0.943376
0.0973779       0.978372
0.0776616       0.991744
0.0684842       1.00358
0.0503681       1.01205
0.0498099       1.02227
0.0215988       1.02678
0.019264       1.02809
0.00781589       1.04172
3.12556e-007       1.0583
