25.2351       0.00099639
13.3419       0.134128
12.8406       0.248704
4.93281       0.300591
10.4491       0.79927
8.75583       0.848042
6.27119       0.0692863
3.77662       1.05113
5.36463       0.941657
5.08987       1.16353
1.34641       0.663693
1.07955       1.12202
4.12389       1.14778
3.15128       1.27948
1.83289       0.903498
2.28032       1.21498
1.73749       1.30622
2.41579       1.03404
3.09936       1.18555
2.83915       0.999076
1.71999       0.815536
1.80119       1.32317
2.30637       1.55898
1.87933       1.38057
2.30713       1.4012
1.74475       1.54492
1.9942       1.5613
1.99597       1.46626
1.97859       1.30248
0.736726       0.962722
1.8432       1.60539
1.21187       1.58871
1.85065       1.83594
1.0931       1.04991
0.924913       1.3776
0.902674       1.12415
1.54231       1.61731
0.882727       1.49932
1.39675       2.37296
1.2838       2.18054
0.331036       1.33139
1.51681       2.28427
0.348308       1.19256
1.45931       3.20122
1.45604       2.20341
0.96365       1.61292
1.06421       2.53607
0.457066       1.83827
1.18759       2.53423
1.2303       3.44668
1.02937       3.55262
1.04351       2.78374
0.717389       4.03247
1.06062       3.48378
1.00144       3.854
0.648342       3.64436
0.667005       5.00653
0.532184       2.03505
0.592617       4.44817
0.548069       2.88963
0.627062       4.70671
0.15955       6.51337
0.380876       8.08214
0.189887       7.75183
0.0696696       9.99957
0.072113       7.54797
0.026375       10.9097
0.000144273       12.9732
