0.306969       1.79497
0.308068       1.79378
0.306182       1.7897
0.308484       1.7962
0.307115       1.7927
0.307895       1.79658
0.307471       1.79521
0.306937       1.79479
0.308147       1.79511
0.306441       1.79504
0.307313       1.79356
0.308016       1.7935
0.306818       1.79382
0.306452       1.79172
0.307753       1.79397
0.306673       1.79297
0.308044       1.7958
0.307158       1.79266
0.305115       1.79488
0.307033       1.79467
0.305212       1.79545
0.305448       1.79447
0.306929       1.79133
0.306428       1.79115
0.306494       1.79154
0.305243       1.79129
0.30522       1.79688
0.305551       1.79275
0.305825       1.79093
0.306953       1.79162
0.307244       1.78991
0.307805       1.79294
0.306284       1.79149
0.305812       1.79061
0.307703       1.79258
0.307124       1.79437
0.306999       1.79451
0.306725       1.79335
0.30677       1.79385
0.306169       1.79153
0.306434       1.79531
0.306158       1.79572
0.307926       1.79705
0.307039       1.7987
0.307482       1.79563
0.306287       1.79335
0.306482       1.78998
0.306376       1.79591
0.307373       1.79737
0.306446       1.79527
0.307557       1.79557
0.306634       1.79671
0.307542       1.79548
0.306947       1.79616
0.306324       1.79548
0.307078       1.79654
0.307682       1.7983
0.307097       1.79348
0.305977       1.79891
0.299699       1.8133
0.279898       1.865
0.2627       1.91462
0.243491       1.96124
0.225811       2.00465
0.205815       2.06318
0.186569       2.13349
0.161435       2.22426
0.145506       2.29009
0.125705       2.36841
0.0988895       2.47988
0.0806481       2.61455
0.0535064       2.76721
0.0274533       2.94548
7.95981e-006       3.5013
