1.10856       0.832415       2.99738e-006
0.808075       0.638049       0.044188
0.832622       0.508659       0.105341
0.791802       0.464524       0.139488
0.752453       0.420276       0.150419
0.816129       0.410615       0.240033
0.822405       0.314327       0.310136
0.532154       0.278532       0.310141
0.604819       0.208551       0.352687
0.598965       0.203243       0.416818
0.790911       0.149895       0.4995
0.779392       0.0322088       0.515275
0.797073       0.0232204       0.537861
0.480318       8.66044e-006       0.627922
0.619349       0.731465       0.0299095
0.485207       0.445097       0.140478
0.810451       0.403637       0.26234
0.758997       0.239454       0.32932
0.603061       0.204383       0.401614
0.78748       0.153715       0.49649
0.459792       0.0276434       0.560424
0.447335       0.0074877       0.572981
0.591658       0.646307       0.104135
0.569656       0.512764       0.109826
0.533047       0.514357       0.112648
0.589007       0.457717       0.122015
0.498688       0.418307       0.238363
0.819011       0.363809       0.304742
0.569636       0.251098       0.326198
0.735412       0.18327       0.483709
0.514383       0.108392       0.523793
0.448041       0.000318268       0.622968
0.449315       0.00142908       0.606956
0.568962       0.486812       0.173196
0.511648       0.458701       0.144772
0.501298       0.485162       0.118128
0.507239       0.29272       0.31818
0.476967       0.222322       0.361
0.454408       0.206512       0.489052
0.44791       0.00489493       0.58196
0.4488       0.00747054       0.571667
0.493402       0.428213       0.186077
0.478629       0.417964       0.300477
0.458352       0.229953       0.347006
0.455116       0.213846       0.439745
0.447763       0.0129276       0.561981
0.447885       0.0052569       0.581657
0.448955       0.0135901       0.560738
0.464714       0.308126       0.325401
0.466566       0.224396       0.376684
0.463667       0.21808       0.444746
0.451421       0.158313       0.52679
0.446465       0.000241364       0.624916
0.44767       6.58332e-005       0.63369
0.448453       0.000320987       0.625299
0.450098       0.200474       0.500022
0.447664       3.59919e-005       0.633731
0.449212       0.00266742       0.596986
0.447519       0.0189037       0.5532
0.448839       0.0114884       0.563934
0.446771       0.00107889       0.607712
0.449716       0.204385       0.490838
0.449229       1.2137e-005       0.634032
0.449503       0.0120318       0.565884
0.446981       0.000119192       0.629982
0.447148       3.59922e-005       0.63267
0.44827       0.07645       0.530562
0.448326       0.047199       0.537055
0.449782       0.000114806       0.633988
0.451043       0.214216       0.40859
0.449249       0.000321147       0.62561
0.449189       0.000149375       0.630929
0.450598       0.114471       0.528154
0.449334       0.00018352       0.630066
0.446873       0.00380781       0.585433
0.449534       0.016855       0.557479
0.449272       0.000353771       0.625982
0.450035       0.0222898       0.55247
