1.59293       1.46706e-005
1.14945       0.00655979
1.15052       0.0142275
1.11282       0.027413
1.06872       0.0537173
1.08693       0.062406
1.09417       0.0549968
0.986718       0.126801
0.967931       0.124125
0.909698       0.152814
0.927616       0.155824
0.895772       0.170703
0.898363       0.176273
0.892064       0.169156
0.799311       0.245184
0.82899       0.247187
0.812806       0.250496
0.781382       0.261079
0.773906       0.2886
0.754612       0.289245
0.768846       0.296863
0.77278       0.28818
0.678356       0.35836
0.687179       0.352695
0.663783       0.363693
0.644962       0.368784
0.637716       0.383057
0.622421       0.395265
0.632228       0.398494
0.555931       0.452095
0.563194       0.451902
0.548411       0.456436
0.540689       0.469418
0.527587       0.482224
0.520311       0.487223
0.50703       0.499602
0.506412       0.498994
0.445339       0.561466
0.442659       0.562221
0.441157       0.564935
0.428377       0.579217
0.41593       0.588645
0.40601       0.598653
0.397045       0.61542
0.394514       0.615481
0.338216       0.677697
0.33498       0.685847
0.331978       0.679702
0.316932       0.691371
0.301713       0.716864
0.302307       0.755581
0.300842       0.714794
0.231865       0.811625
0.221746       0.834905
0.208193       0.851017
0.210089       0.858765
0.201181       0.876509
0.199037       0.889381
0.200229       0.877068
0.190271       0.881629
0.108418       1.02678
0.0864626       0.990757
0.159708       1.06251
0.099962       1.03745
0.0941874       1.07927
0.0674523       1.10754
0.0705595       1.15856
0.0144837       1.64901
0.0147848       1.68329
0.0116033       1.54472
3.18258e-007       2.1302
