0.99886       0.0618488
0.992178       0.0296531
0.974234       0.0597758
0.986576       0.0398422
0.987393       0.0428449
0.96461       0.0623272
0.952844       0.0640351
0.935868       0.0729359
0.937365       0.0941374
0.92491       0.116357
0.904911       0.12269
0.89536       0.130933
0.848835       0.143184
0.84526       0.149584
0.834627       0.176077
0.810963       0.180878
0.814199       0.202741
0.790754       0.229357
0.789005       0.23678
0.784393       0.220368
0.769515       0.275881
0.717027       0.268199
0.701553       0.27276
0.671151       0.305807
0.63359       0.333839
0.66683       0.31389
0.654661       0.363327
0.625775       0.363332
0.606488       0.382784
0.587314       0.405901
0.576966       0.415084
0.566554       0.426166
0.555491       0.427931
0.555491       0.43208
0.534502       0.445851
0.513026       0.455267
0.506668       0.461482
0.503367       0.477158
0.496781       0.489628
0.455389       0.502315
0.466471       0.502757
0.444306       0.50696
0.42322       0.536609
0.426274       0.553649
0.406389       0.56127
0.38829       0.566165
0.38174       0.580329
0.364136       0.595307
0.351471       0.612257
0.342597       0.613919
0.323791       0.647826
0.309477       0.664871
0.306472       0.668865
0.295163       0.678937
0.281782       0.689717
0.268599       0.699736
0.259939       0.705412
0.242191       0.717923
0.233369       0.751503
0.215863       0.746387
0.204925       0.770782
0.17412       0.795864
0.175256       0.828929
0.162027       0.844458
0.14998       0.858665
0.145553       0.876945
0.131139       0.900945
0.112441       0.899915
0.0975674       0.93893
0.0867045       0.949262
0.0583674       0.971655
0.0291995       1.0322
0.0096227       1.07916
0.0164834       1.08612
4.27359e-005       1.16122
