1.69045       0.760346       0.382921
1.69115       0.760661       0.383081
1.69045       0.760345       0.382922
1.69159       0.726425       0.445012
1.69606       0.660688       0.543615
1.69199       0.548251       0.653808
1.69579       0.435404       0.734687
1.69468       0.383874       0.762248
1.69395       0.383711       0.761924
1.6949       0.383925       0.762349
1.69577       0.384122       0.76274
1.6918       0.760954       0.383224
1.69374       0.761825       0.383662
1.69045       0.760345       0.382922
1.6945       0.690598       0.501306
1.69974       0.605283       0.605288
1.69433       0.495803       0.695876
1.69878       0.384805       0.764096
1.69811       0.384652       0.763791
1.69501       0.383949       0.762396
1.66506       0.824036       0.414997
1.67851       0.772808       0.437356
1.69522       0.661053       0.542737
1.67267       0.435728       0.836683
1.68245       0.409103       0.798773
1.69859       0.384761       0.764009
1.69845       0.384728       0.763943
1.58413       0.93502       0.470892
1.52927       1.01375       0.510537
1.45927       1.08706       0.547455
1.38272       1.17196       0.590215
1.4176       1.08722       0.649482
1.43821       0.874959       0.875152
1.44989       0.703918       1.01693
1.34976       0.596834       1.18506
1.48428       0.541586       1.07513
1.54668       0.493952       0.980793
1.57321       0.47496       0.943108
1.34493       1.19989       0.60428
1.25378       1.26899       0.639082
1.19164       1.32698       0.668282
1.06617       1.41712       0.713676
1.20234       1.22539       0.891716
1.20326       0.873761       1.20384
1.06184       0.704329       1.39796
1.18623       0.66579       1.32147
1.25613       0.637047       1.26493
1.10581       1.38999       0.700015
1.00664       1.43732       0.723848
0.896617       1.48955       0.750149
0.850555       1.46506       0.84028
0.865101       1.18099       1.19744
0.876048       0.853738       1.44376
0.907022       0.751949       1.49258
1.0134       0.718621       1.42602
0.867859       1.50093       0.755881
0.850555       1.48729       0.800264
0.850555       0.76017       1.50818
0.865101       0.756517       1.50209
