5.61238e+008               1.62898               2.30539e+011               0.0391784               799.379
3.59697e+009               1.5751               5.08426e+015               0.0133001               768
5.00055e+009               1.38341               8.65819e+018               0.0214854               65536
4.91393e+009               1.22364               5.70356e+020               0.0952477               2.09715e+006
8.31734e+009               1.09056               1.62695e+022               0.159323               1.34218e+008
9.70297e+009               0.979095               6.06261e+023               0.321452               0
9.70297e+009               0.885463               4.56647e+024               0.36429               0
9.80198e+009               0.806755               7.76523e+026               0.402961               0
9.80198e+009               0.740713               1.02669e+029               0.438207               0
9.70297e+009               0.685553               2.39515e+029               0.470619               0
9.80198e+009               0.639844               3.65252e+029               0.50067               0
9.70297e+009               0.602428               4.6403e+029               0.528741               0
9.80198e+009               0.572354               4.37979e+029               0.555145               0
9.80198e+009               0.548834               2.73857e+029               0.580139               0
1e+010               1e+010               1.40014e+029               0.235702               2.53597e+038
1e+010               1e+010               1.40014e+029               0.235702               2.97193e+041
1e+010               1e+010               1.40014e+029               0.235702               4.97254e+042
1e+010               1e+010               1.40014e+029               0.235702               1.74081e+046
1e+010               1e+010               1.40014e+029               0.235702               7.36455e+047
1e+010               1e+010               1.40014e+029               0.235702               8.59895e+050
1e+010               1e+010               1.40014e+029               0.235702               7.09415e+052
1e+010               1e+010               1.40014e+029               0.235702               8.55115e+054
1e+010               1e+010               1.40014e+029               0.235702               3.35509e+056
1e+010               1e+010               1.40014e+029               0.235702               9.59395e+058
1e+010               1e+010               1.40014e+029               0.235702               6.42985e+060
1e+010               1e+010               1.40014e+029               0.235702               8.53285e+062
1e+010               1e+010               1.40014e+029               0.235702               2.61772e+064
9.90099e+009               1675.58               1.40014e+029               0.235106               1.43274e+064
1e+010               1e+010               1.40014e+029               0.235702               2.65827e+069
1e+010               1e+010               1.40014e+029               0.235702               4.48671e+071
1e+010               1e+010               1.40014e+029               0.235702               2.31114e+072
1e+010               1e+010               1.40014e+029               0.235702               5.0606e+072
1e+010               1e+010               1.40014e+029               0.235702               9.76185e+072
1e+010               1e+010               1.40014e+029               0.235702               6.10675e+073
9.901e+009               1.16777e+006               1.40014e+029               0.235695               5.17631e+069
1e+010               1e+010               1.40014e+029               0.235702               1.37037e+079
9.90099e+009               1905.36               1.40014e+029               0.23284               2.03597e+080
1e+010               1e+010               1.40014e+029               0.235702               3.07774e+083
9.90099e+009               49759.3               1.40014e+029               0.235634               3.3438e+080
1e+010               1e+010               1.40014e+029               0.235702               3.01991e+086
8.71288e+009               33.5096               3.36552e+029               0.191893               3.82577e+081
1e+010               1e+010               1.40014e+029               0.235702               2.25658e+087
1e+010               1e+010               1.40014e+029               0.235702               9.0551e+088
1e+010               1e+010               1.40014e+029               0.235702               4.4171e+090
1e+010               1e+010               1.40014e+029               0.235702               1.16296e+093
1e+010               1e+010               1.40014e+029               0.235702               3.15507e+094
1e+010               1e+010               1.40014e+029               0.235702               5.66595e+095
9.90099e+009               2302.67               1.40014e+029               0.234969               1.47524e+095
9.90099e+009               463.765               1.96e+029               0.232108               2.90961e+097
1e+010               1e+010               1.40014e+029               0.235702               2.48562e+102
