1.41676e-011  1.07377  0  
1.98275e-005  -3.40141e-015  32.9107  
32.9721  -9.04822e-019  0.0087547  
20.8569  -6.91962e-016  6.69515  
4.32017  0.779753  7.63002  
1.40926  -1.99536e-015  19.3063  
14.0365  -6.39759e-016  6.19005  
22.5137  -5.5876e-016  5.40634  
32.5221  -4.05812e-017  0.392647  
0.0281514  -3.12001e-015  30.188  
3.26705  -2.51077e-015  24.2932  
24.7369  -3.69667e-016  3.57675  
21.8465  -4.93661e-016  4.77647  
21.0559  -5.21397e-016  5.04483  
0.0444291  -3.20111e-015  30.9726  
20.1232  -9.86708e-016  9.54699  
11.3004  -1.73532e-015  16.7903  
6.56693  -2.28438e-015  22.1027  
18.8568  -8.33674e-016  8.0663  
1.91494e-005  -3.34095e-015  32.3257  
31.9391  -1.88121e-016  1.82018  
28.8184  -2.60955e-016  2.5249  
2.51097  -1.75324e-015  16.9636  
5.978  -2.35834e-015  22.8184  
14.6391  -1.3629e-015  13.1868  
18.6643  -3.26919e-016  3.16313  
1.86803  -2.69515e-015  26.0772  
31.3708  -2.02791e-016  1.96212  
11.748  -1.66887e-015  16.1473  
0.092903  -3.03743e-015  29.3889  
17.5737  0.821879  0.0283049  
12.5995  -1.5491e-015  14.9884  
17.9032  -1.23243e-015  11.9245  
23.9709  -4.60076e-016  4.45151  
13.6618  -8.7394e-016  8.4559  
5.90347  -1.62534e-015  15.7262  
23.6649  -4.59901e-016  4.44982  
0.0663261  -2.94752e-015  28.519  
30.3739  -1.55254e-016  1.50217  
15.9173  -1.58341e-015  15.3204  
19.3397  -1.50479e-015  14.5597  
6.71588  0.0720897  2.14764  
3.54701  -2.56654e-015  24.8328  
26.8797  -4.33505e-016  4.19442  
10.8097  -1.07807e-015  10.431  
20.0675  -1.04878e-015  10.1475  
1.90959  -2.75511e-015  26.6574  
5.36362  -1.85787e-015  17.976  
7.95581  -1.91135e-015  18.4935  
16.1295  -9.64703e-016  9.33408  
13.0678  -1.03508e-015  10.0151  
4.70884  -2.57792e-015  24.9429  
0.918383  -2.72324e-015  26.3489  
25.3019  -4.05645e-016  3.92485  
14.9363  -1.42483e-015  13.7861  
5.1145  -2.14954e-015  20.798  
8.32038  0.469679  1.21235  
0.314155  0.734751  10.838  
28.215  -2.3551e-016  2.2787  
30.6558  -2.9122e-016  2.81773  
14.2855  -1.51844e-015  14.6918  
15.5345  -1.35186e-015  13.08  
0.0801069  -3.0113e-015  29.1361  
17.8567  -1.46778e-015  14.2017  
5.73009  -1.57761e-015  15.2643  
13.2846  -1.26678e-015  12.2569  
29.8929  -2.2728e-016  2.19907  
0.00965458  -3.2732e-015  31.6701  
7.23501  -2.16991e-015  20.9952  
3.89768  -2.394e-015  23.1634  
10.5412  0.26087  0.789929  
29.1283  -1.81829e-016  1.75931  
3.99666  0.293595  8.74653  
26.4921  -3.50895e-016  3.39512  
4.00353  -1.78405e-015  17.2618  
9.36431  -2.43844e-015  23.5933  
8.89911  0.293234  0.798819  
31.1361  -1.50832e-016  1.45939  
0.0743785  0.188705  21.1177  
17.131  -1.1965e-015  11.5769  
28.0132  -4.00537e-016  3.87543  
22.3948  -2.52397e-016  2.44209  
12.2227  -2.82446e-016  2.73283  
9.12455  0.300683  0.09713  
6.25353  -1.15219e-015  11.1482  
23.1622  -2.39669e-016  2.31894  
24.9013  -4.17952e-016  4.04393  
7.33163  -2.01339e-015  19.4807  
7.78668  -1.05594e-015  10.2169  
0.30136  -2.45386e-015  23.7426  
4.87387  -1.71182e-015  16.5628  
0.0117146  -3.25657e-015  31.5093  
9.46946  -1.87641e-015  18.1554  
7.87793  -2.06125e-015  19.9438  
10.1354  -1.83353e-015  17.7405  
29.6207  -3.17737e-016  3.0743  
26.1721  0.00686776  1.13782  
25.7957  -5.16787e-016  5.00022  
19.2704  -9.44895e-016  9.14243  
9.67789  -1.28408e-015  12.4242  
