3.13955e+192  3.97023e-193  
2.1481e+192  6.68713e-193  
1.73671e+192  7.03145e-193  
2.51015e+192  5.76113e-193  
2.94864e+192  5.13581e-193  
2.68193e+192  5.19275e-193  
9.93173e+191  1.28472e-192  
7.25495e+191  1.47353e-192  
1.16828e+192  1.18118e-192  
1.32348e+192  9.80487e-193  
1.41788e+192  9.1199e-193  
1.55839e+192  8.26187e-193  
1.60864e+192  7.42183e-193  
1.06528e+192  1.24637e-192  
5.55885e+191  2.21583e-192  
6.11526e+191  2.21535e-192  
4.93221e+191  2.45688e-192  
6.5868e+191  2.15472e-192  
4.09897e+191  2.991e-192  
6.93133e+191  2.01665e-192  
2.36122e+191  5.13783e-192  
1.86994e+191  5.94933e-192  
3.62056e+191  3.58026e-192  
4.29278e+191  2.92227e-192  
3.26956e+191  4.18179e-192  
2.95619e+191  4.35067e-192  
3.56789e+191  3.81048e-192  
4.61185e+191  2.61402e-192  
1.16161e+191  9.46685e-192  
4.58572e+191  2.78056e-192  
3.09799e+191  4.21401e-192  
2.70237e+191  4.63473e-192  
2.53569e+191  5.06243e-192  
1.43057e+191  9.23295e-192  
1.60342e+191  8.31939e-192  
1.09161e+191  1.01406e-191  
1.78401e+191  7.01355e-192  
1.66454e+191  7.71306e-192  
1.44335e+191  8.70684e-192  
2.65525e+191  4.6669e-192  
8.3889e+190  1.46785e-191  
9.48679e+190  1.16006e-191  
5.36141e+190  2.25638e-191  
6.46541e+190  2.21565e-191  
9.47553e+190  1.39386e-191  
4.2908e+190  2.62807e-191  
7.74518e+190  1.56827e-191  
7.19128e+190  1.72399e-191  
7.97691e+190  1.49917e-191  
2.73006e+190  4.20788e-191  
4.85523e+190  2.54905e-191  
7.31748e+190  1.67135e-191  
6.67267e+190  1.92095e-191  
5.17345e+190  2.30057e-191  
2.44681e+190  4.27857e-191  
3.07712e+190  4.07839e-191  
2.26185e+190  4.79953e-191  
2.0516e+190  5.54606e-191  
4.87918e+190  2.5008e-191  
3.54415e+190  3.44486e-191  
4.01122e+190  2.68166e-191  
1.18824e+190  9.51969e-191  
3.85998e+190  3.23011e-191  
3.14578e+190  3.87226e-191  
3.32529e+190  3.55135e-191  
3.37317e+190  3.52583e-191  
8.59048e+189  1.19902e-190  
1.90381e+190  5.61447e-191  
6.65178e+190  2.00443e-191  
1.40546e+190  7.88475e-191  
1.04338e+190  1.02703e-190  
9.97063e+189  1.1809e-190  
3.6857e+190  3.32129e-191  
3.72199e+190  3.32111e-191  
1.32108e+190  9.30201e-191  
1.55424e+190  7.69575e-191  
1.84256e+190  6.49041e-191  
3.98224e+190  3.18187e-191  
1.74798e+190  6.80833e-191  
1.70279e+190  6.94913e-191  
1.61058e+190  7.55869e-191  
1.00531e+189  1.27519e-189  
1.70411e+189  6.56101e-190  
1.36012e+190  8.81696e-191  
7.82728e+189  1.3963e-190  
7.20159e+189  1.56636e-190  
3.64106e+189  2.94256e-190  
4.54292e+189  2.58372e-190  
1.56651e+190  7.59254e-191  
5.88202e+189  1.93193e-190  
7.53733e+189  1.42121e-190  
4.03609e+189  2.70168e-190  
6.14806e+189  1.82308e-190  
6.56055e+189  1.77799e-190  
1.86334e+189  6.25582e-190  
2.43702e+188  4.65134e-189  
6.37556e+189  1.80401e-190  
5.50211e+189  2.05663e-190  
2.15807e+189  5.23e-190  
4.00087e+189  2.74416e-190  
