4.15778e-022  18.8885  
0.999371  1.00206  
2.76311e-016  6.64937  
4.80688e-020  17.7947  
3.22946e-019  12.301  
8.00097e-017  12.0142  
3.98942e-011  3.99239  
3.60053e-015  5.23264  
4.73344e-015  5.10251  
1.50602e-020  18.0125  
6.95188e-007  3.51496  
6.06969e-018  12.0896  
5.2936e-006  3.36098  
6.25527e-006  3.15393  
0.00100396  2.86006  
0.000734411  3.06341  
3.36306e-006  3.43557  
0.307486  1.79536  
0.600851  1.46098  
0.0660145  2.52224  
0.63629  1.41014  
0.0279531  2.66986  
0.380205  1.77858  
0.911234  1.09407  
0.567834  1.514  
0.290979  1.83682  
0.0449084  2.64574  
0.881406  1.13772  
0.685378  1.34187  
8.77661e-005  3.0814  
0.0505035  2.58125  
0.442411  1.66923  
0.576745  1.4896  
0.512456  1.52574  
0.982504  1.01786  
0.726219  1.28916  
0.667561  1.38735  
0.0092505  2.80948  
0.209255  2.05999  
0.0206937  2.72754  
0.00940724  2.78562  
0.0792029  2.4854  
0.962164  1.05002  
0.793176  1.23148  
0.452725  1.63936  
0.216154  2.03013  
0.162729  2.22133  
0.482759  1.60334  
0.0460842  2.59334  
0.0172699  2.73853  
0.407147  1.74164  
0.255207  1.92583  
0.171124  2.18997  
0.119446  2.35118  
0.838968  1.17549  
0.460699  1.61614  
0.511909  1.54397  
0.117809  2.38594  
0.280692  1.86505  
0.427721  1.70343  
0.708296  1.31688  
0.230218  2.00972  
0.747209  1.27089  
0.813693  1.21129  
0.820026  1.1963  
0.272304  1.88343  
0.779855  1.25036  
0.853674  1.16305  
0.133013  2.33334  
0.263744  1.909  
0.113551  2.4108  
0.412566  1.70405  
0.19654  2.09312  
0.652431  1.39259  
0.137582  2.30937  
0.758558  1.2574  
0.489906  1.56898  
0.869235  1.14563  
0.238674  1.98812  
0.39708  1.7571  
0.930098  1.08421  
0.703495  1.33098  
0.159519  2.24891  
0.2492  1.96238  
0.935553  1.06834  
0.948061  1.05648  
0.0991558  2.48015  
0.195533  2.10473  
0.100744  2.46273  
0.180772  2.17151  
0.192295  2.13305  
0.153544  2.25993  
0.489058  1.57424  
0.142021  2.28865  
0.145482  2.27657  
0.1096  2.43711  
0.387403  1.772  
0.109171  2.44647  
0.243385  1.97119  
0.186288  2.16185  
