5.15544  4.77218  4.53076e-015  
1.22654  3.24284e-015  4.60491e-008  
2.08339e-011  0.000108712  3.51007  
1.35358e-007  7.54524  1.5615e-011  
1.27024e-014  0.694386  1.45829  
5.17048e-014  0.00015108  1.50967  
3.52169e-011  0.000107757  3.47923  
3.52257  0.0682272  5.65421e-014  
4.59601  4.68589  1.17322e-014  
2.62328  0.00184325  2.01261e-012  
1.88813  5.84987  2.2897e-013  
1.95437  3.38518  8.65368e-013  
1.22959e-008  6.25232  2.36669e-005  
3.58187e-011  2.93985  0.0199771  
4.66289  4.75407  1.08473e-014  
8.34786e-006  6.571  2.80887e-011  
2.30873e-010  5.29638  0.000230421  
2.13016  0.00413312  1.72319e-011  
6.92926e-012  2.53759  0.72601  
9.08774e-012  2.17178  0.423183  
1.83117e-006  6.87225  1.54079e-011  
0.000125278  4.15197  2.70006e-011  
1.99296e-011  5.09522  0.000756261  
0.223301  7.26928  2.84528e-013  
1.08319e-005  5.61782  4.68311e-012  
1.60316  2.40026e-009  1.82448e-011  
1.5016  6.95537e-011  3.40674e-011  
1.22366e-011  1.63646  1.27686  
8.46522e-012  3.83638  0.0175384  
5.39157e-007  6.99433  3.90015e-012  
2.39279  0.0463455  1.59958e-012  
2.98403e-005  2.70184  0.124407  
1.85757e-008  4.44768  6.25849e-005  
8.56359e-007  4.88345  7.75007e-007  
2.07877e-006  7.197  1.23254e-012  
3.63716e-011  1.85666  0.166636  
3.4132e-005  1.2427  1.21463  
1.40412e-011  1.65322  1.0391  
1.12806e-010  3.63141  0.000312028  
2.08791e-005  1.54515  0.947449  
2.10216e-011  1.42239  1.10983  
2.40589  0.0032893  1.13528e-013  
2.09367e-011  1.38968  1.13906  
0.0032542  1.30031  0.238137  
0.445077  1.98628  0.00349187  
0.123995  0.981636  0.347645  
2.75131e-011  3.8261  0.0177262  
0.347643  0.596694  0.814275  
0.00722856  1.17717  0.0474306  
1.79753e-008  3.46673  0.0175185  
1.10909  0.238243  0.386606  
0.158521  0.642449  0.958552  
0.97669  0.435568  0.477912  
0.436581  0.203867  0.889211  
3.59359e-012  2.58476  0.269137  
0.0890615  0.920086  0.443872  
0.000105381  4.25392  4.80146e-012  
1.23369e-012  4.39443  0.637493  
0.623445  0.568922  0.57815  
1.10406e-005  5.72693  4.92473e-013  
2.70784e-011  2.04588  0.139947  
0.332347  1.07311  0.286521  
1.01115  0.561382  0.197381  
0.794488  0.32578  0.529299  
0.256509  0.294624  0.932045  
0.386959  0.945657  0.150343  
0.684901  0.382563  0.621556  
1.7869e-011  2.13393  0.191522  
0.714325  0.744595  0.532338  
0.101991  1.12526  0.330133  
0.296325  0.821818  0.850482  
0.517274  0.16029  0.85485  
0.0629207  3.90776e-005  1.06063  
3.10864e-011  4.32306  0.000659016  
0.480932  1.08072  0.135381  
0.755976  0.246142  0.677513  
1.06991  0.461664  0.104495  
0.00134353  1.88533  0.0234207  
1.16499  0.290388  0.0238506  
0.56171  0.0849841  1.01043  
1.06326  0.386675  0.317276  
0.205643  0.503178  1.04665  
0.926692  0.127411  0.698013  
0.651415  0.962916  0.0791532  
0.868353  0.0638248  0.776375  
0.288161  0.73586  0.874528  
0.0031045  2.66685  3.00002e-011  
0.901239  0.10487  0.724973  
2.96444e-012  3.57607  0.507647  
0.100508  0.661799  0.987423  
0.590952  0.782974  0.293774  
0.776675  0.866173  0.071225  
7.48017e-006  4.80829  6.62993e-006  
1.72793e-010  3.56453  0.000583226  
3.45032e-007  5.68373  9.57513e-007  
0.947195  0.178827  0.663343  
0.853314  0.504229  0.371029  
0.871029  0.802373  0.28159  
0.993785  0.52127  0.310045  
0.827779  0.772443  0.308261  
