2.81091  1.08511e-059  
1.66974e-039  1.00736  
1.79694  4.25024e-048  
2.50941  3.01418e-052  
1.32247  9.67445e-048  
2.56316  6.77834e-055  
0.637507  0.00968682  
0.855765  0.00905339  
1.22173  1.08069e-044  
0.569164  0.0117203  
1.09174  2.65486e-039  
0.464614  0.0133441  
0.888533  0.00637061  
0.975059  0.0035453  
0.227745  0.865861  
0.60008  0.00987453  
0.337872  0.194136  
0.207957  0.895  
0.337814  0.252051  
0.262534  0.77967  
1.05125  1.50854e-017  
0.376252  0.0375328  
0.315401  0.506823  
0.388272  0.0263589  
0.350772  0.121202  
0.331555  0.341142  
0.351905  0.0849488  
0.33383  0.31694  
0.31475  0.546981  
0.27018  0.75692  
0.342159  0.153759  
0.364692  0.0574459  
0.453776  0.0222489  
0.278398  0.728913  
0.330493  0.366656  
0.341323  0.18738  
0.236844  0.850389  
0.111143  0.976671  
0.330002  0.406399  
0.255535  0.800472  
0.418776  0.0257067  
0.334226  0.292762  
0.285044  0.705703  
1.01253  3.35135e-017  
0.330173  0.386386  
0.986014  0.00238494  
0.128135  0.969699  
0.42778  0.0239713  
0.327468  0.427006  
0.291106  0.679606  
0.29619  0.652669  
0.193295  0.917213  
0.238444  0.833043  
0.17914  0.933854  
0.205828  0.907291  
1.06752  1.05022e-017  
0.147759  0.959426  
0.274272  0.742287  
0.300424  0.634115  
0.159268  0.949217  
0.166181  0.942505  
0.246986  0.822921  
0.305929  0.600097  
0.0718293  0.990342  
0.307795  0.581776  
0.321999  0.484338  
0.33449  0.276519  
0.286841  0.696331  
0.311321  0.571663  
0.291671  0.663239  
0.323213  0.467878  
0.327396  0.442032  
0.253283  0.813672  
0.185327  0.924649  
0.326457  0.457206  
0.0970489  0.982035  
0.139887  0.966456  
0.0557274  0.992441  
0.319322  0.49707  
1.01052  9.17415e-016  
0.312903  0.554777  
0.344705  0.131651  
0.304947  0.612998  
0.363056  0.0721741  
0.303609  0.624035  
0.344319  0.141857  
1.08798  4.20405e-018  
0.358126  0.0766652  
0.336565  0.262676  
0.0869231  0.98981  
0.0255091  0.997901  
0.0336303  0.996855  
0.0922689  0.987818  
0.0144837  0.9988  
0.0478662  0.996202  
0.0444701  0.996807  
0.337397  0.25643  
0.00986671  0.999316  
0.00554793  0.999864  
0.000944937  1.00138  
