3.76416e-040  2.8983  
6.55736  1.6633e-012  
2.73771  0.000115403  
1.43522  0.00083878  
2.73616  0.000118069  
4.16318e-039  2.05635  
1.10809e-013  1.00972  
0.760613  1.00043  
1.46226e-031  1.25492  
2.20728e-033  1.47917  
7.26352e-034  1.62322  
3.34798e-034  1.76929  
1.54747e-034  1.88682  
4.42476e-030  1.08642  
7.58453e-036  2.00946  
0.917539  0.786454  
0.814816  0.948438  
0.85145  0.916583  
0.864261  0.841776  
0.77049  0.992154  
0.932139  0.704773  
2.42158e-026  1.05102  
0.833219  0.931996  
1.41529  0.0200047  
0.878983  0.826211  
0.898597  0.80559  
1.40179  0.0503761  
1.17683  0.385891  
1.40686  0.0362872  
1.2958  0.228399  
1.38419  0.0908443  
1.20359  0.343882  
1.14952  0.414328  
1.04267  0.562079  
0.890776  0.81395  
1.23549  0.308311  
1.13656  0.431396  
1.31863  0.197548  
1.30753  0.21189  
1.39725  0.0736448  
1.09301  0.489636  
1.35389  0.147702  
1.26627  0.267179  
0.955721  0.675978  
0.994863  0.632921  
1.39645  0.0793331  
1.25772  0.27857  
0.985725  0.637578  
1.0876  0.498236  
1.34708  0.156026  
1.10346  0.47988  
1.02731  0.581418  
1.22616  0.318228  
1.16497  0.395596  
1.34204  0.164565  
1.08113  0.507032  
1.36095  0.13716  
1.33695  0.172801  
1.05134  0.548021  
1.37863  0.103331  
1.32647  0.18882  
1.31116  0.20873  
1.21436  0.330847  
1.1302  0.438563  
1.29091  0.237682  
1.27233  0.26122  
1.11868  0.456463  
1.19547  0.353602  
1.25263  0.283187  
1.02243  0.592371  
1.27625  0.2533  
1.18376  0.370106  
1.01048  0.609226  
1.0181  0.595587  
0.978377  0.647897  
1.36934  0.123942  
1.03476  0.572018  
1.24636  0.29101  
1.37158  0.11622  
1.36357  0.130729  
0.969186  0.659673  
1.01246  0.605058  
1.10585  0.473851  
1.0004  0.621585  
1.24186  0.296559  
1.37602  0.108625  
1.2812  0.246816  
1.15492  0.409084  
1.0756  0.517297  
0.940334  0.696733  
1.2868  0.244314  
1.12548  0.450787  
1.00141  0.616863  
1.05776  0.539019  
0.963488  0.666296  
1.15907  0.40454  
1.11565  0.46637  
1.11201  0.46726  
1.33062  0.179801  
1.03388  0.575529  
