0  1.00192  1.24596e-069  
0  0  1  
2.00556  6.2535e-069  1.94989e-137  
2.09399  2.60402e-069  2.82593e-116  
1.63837  6.5042e-099  5.10855e-069  
1.26216  2.72191e-095  5.37044e-066  
0.192931  0.165345  0.0927614  
0  0.255957  0.221315  
1.23078  1.53056e-069  5.11723e-114  
1.09316  7.15305e-095  4.65134e-066  
0.0528132  0.000526402  0.657627  
0.0485001  0.615766  0.00471591  
0.0185601  0.0058963  0.734543  
0.581588  0.45256  3.30052e-015  
0.0394361  0.666356  3.93359e-030  
0.348798  0.541243  2.4148e-008  
0.835533  0.00558483  0.00134482  
1.00375  1.63199e-075  4.27071e-066  
0.27012  0.113162  0.0213465  
0.64409  0.0434772  0.000246389  
0.318032  0.0665677  0.0533452  
0.734584  0.0130606  0.0089265  
0.000142706  0.951458  0.000104339  
0.216236  0.570818  6.08399e-011  
0.690542  0.0574169  0.000229356  
0.880166  0.0198419  0.000431882  
0.0609896  0.49921  0.0052739  
0.0204496  0.701531  7.16056e-018  
0.79236  0.000197254  0.011879  
6.98819e-006  0.123394  0.511296  
0  0.13017  0.431072  
0.00646181  0.00325217  0.819532  
0.968602  6.43847e-006  0.00158916  
0.425241  0.0525421  0.0174583  
0.145197  6.25803e-006  0.383034  
0.178372  0.375204  0.00426997  
1.05591  4.49283e-066  9.19672e-129  
0.375643  0.15753  0.00952691  
0.0878318  0.920506  8.07021e-035  
0.170674  2.24732e-007  0.463152  
0.00851758  0.00280194  0.778437  
0.762884  0.0242863  0.000528936  
0.0116739  0.818332  3.73563e-033  
0.126242  0.4201  0.00286075  
0.0827456  7.04334e-020  0.92519  
0.0102221  0.00218119  0.847482  
0.39011  0.0555749  0.0506172  
0.076524  0.344782  0.0251369  
0.00683028  0.736692  0.00347659  
0.4657  0.0407401  0.0311608  
0.327687  0.0341344  0.060381  
0.908612  0.100501  4.15427e-005  
0.128125  0  0.613107  
0.445376  0.17988  0.000256723  
0.0013736  0.848569  0.000939446  
0.164852  1.25499e-006  0.341377  
0.526495  0.00883645  0.0385168  
3.93033e-011  0.179288  0.357942  
0.16349  9.50128e-009  0.541162  
3.27522e-009  0.211787  0.255924  
0.00010412  0.0926818  0.559597  
0.227033  0.396508  1.13697e-007  
0.024938  0.00355652  0.758006  
0.0303116  0.758224  9.79347e-024  
0.216624  0.196399  0.0745358  
0.0945697  0.472891  3.79899e-007  
0.00570719  0.895119  1.61623e-021  
7.53373e-014  0.228167  0.27334  
0.207384  3.41653e-014  0.307027  
0.247305  0  0.233372  
0.48451  0.00875597  0.0483841  
0.248426  0.26863  2.74149e-008  
0.232822  0.301975  0.000433149  
0.0101646  0.0190986  0.63647  
0.936476  0.0012389  0.000225601  
0.00650673  0.873191  0.000107104  
0.074451  0.543806  0.000215107  
0  0.239653  0.257313  
0.15704  4.049e-007  0.573847  
0.0850616  5.07964e-008  0.597665  
0.109547  3.28534e-005  0.482706  
0.00776766  9.1052e-005  0.909381  
0.103235  0.440043  0.00433636  
0.00251493  0.00824186  0.876343  
0.00674787  7.80465e-005  0.96281  
0.574294  0.0449098  0.0202834  
0.505953  0.0779873  0.000272018  
0.0156945  0.788226  4.41077e-030  
6.31666e-005  0.143621  0.408248  
0.551926  0.0267774  0.0204811  
0.000520331  0.0369729  0.883478  
0.20585  2.02728e-006  0.300838  
0.104662  0.295302  0.0711612  
0.000131719  0.00450317  0.967054  
0.18492  1.82912e-009  0.485733  
0.188909  0.324121  7.09548e-005  
9.20334e-005  0.13968  0.397044  
0.6656  0.0177363  0.0135659  
0.21744  0  0.280667  
1.07038  1.14489e-066  1.10734e-066  
