1.24387e+057  8.26696e-058  
6.03645e+056  1.70375e-057  
4.68644e+056  2.1492e-057  
2.07207e+056  5.0014e-057  
3.64843e+056  2.80213e-057  
5.46976e+056  1.93056e-057  
3.70222e+056  2.76836e-057  
1.95711e+056  5.34464e-057  
1.65621e+056  6.05966e-057  
1.39028e+056  7.21991e-057  
1.15871e+056  8.6823e-057  
1.6317e+056  6.21495e-057  
9.58312e+055  1.04868e-056  
1.22775e+056  8.34938e-057  
9.0072e+055  1.14498e-056  
1.30522e+056  7.77641e-057  
8.16338e+055  1.23075e-056  
1.35546e+056  7.52461e-057  
5.8751e+055  1.76421e-056  
5.49256e+055  1.85118e-056  
6.75963e+055  1.48928e-056  
6.34312e+055  1.58317e-056  
4.76537e+055  2.1213e-056  
7.80224e+055  1.28894e-056  
6.21911e+055  1.62287e-056  
7.53343e+055  1.33056e-056  
5.05788e+055  2.01802e-056  
4.09232e+055  2.48483e-056  
6.88633e+055  1.48526e-056  
7.12482e+055  1.41206e-056  
8.02526e+055  1.27319e-056  
4.31909e+055  2.34108e-056  
5.20576e+055  1.94725e-056  
3.7557e+055  2.70844e-056  
7.25088e+055  1.40127e-056  
7.42253e+055  1.35427e-056  
4.56526e+055  2.20028e-056  
3.56093e+055  2.84432e-056  
3.2495e+055  3.12307e-056  
4.50179e+055  2.23281e-056  
2.86851e+055  3.56328e-056  
3.36387e+055  2.99044e-056  
2.74754e+055  3.74823e-056  
4.14352e+055  2.44515e-056  
2.38606e+055  4.21215e-056  
3.61426e+055  2.78777e-056  
3.1057e+055  3.28318e-056  
2.97973e+055  3.45843e-056  
5.13904e+055  1.96656e-056  
3.74612e+055  2.77952e-056  
2.17906e+055  4.61606e-056  
2.47444e+055  4.15431e-056  
2.51536e+055  4.00463e-056  
2.14598e+055  4.82548e-056  
2.05516e+055  4.89461e-056  
2.66821e+055  3.77261e-056  
3.35277e+055  3.05348e-056  
2.28615e+055  4.46196e-056  
2.2865e+055  4.39522e-056  
2.00321e+055  5.01673e-056  
2.59849e+055  3.9725e-056  
1.52795e+055  6.58223e-056  
8.21558e+053  1.26413e-054  
1.9276e+055  5.2072e-056  
1.87671e+055  5.34919e-056  
1.02891e+055  9.86282e-056  
1.5326e+054  6.55239e-055  
1.09183e+055  9.29064e-056  
1.37642e+055  7.46768e-056  
1.3138e+055  7.63442e-056  
1.48343e+055  6.77264e-056  
3.07413e+055  3.29573e-056  
1.77369e+055  5.84611e-056  
7.88419e+054  1.27965e-055  
1.14828e+055  8.77272e-056  
2.34649e+054  4.35596e-055  
1.27316e+055  7.98702e-056  
1.5778e+055  6.37862e-056  
1.2093e+055  8.31986e-056  
1.75532e+055  5.85333e-056  
1.00885e+055  1.02981e-055  
1.70687e+055  6.02233e-056  
6.74347e+054  1.49956e-055  
7.24835e+054  1.39242e-055  
1.83057e+055  5.81749e-056  
1.11121e+055  9.2652e-056  
1.42785e+055  7.09773e-056  
2.62821e+055  3.82964e-056  
1.45072e+055  6.92201e-056  
2.85497e+054  3.57956e-055  
3.02902e+055  3.43218e-056  
2.02639e+055  4.95831e-056  
1.39467e+055  7.1907e-056  
4.12618e+055  2.48197e-056  
1.91565e+055  5.29223e-056  
9.36221e+054  1.08291e-055  
3.02164e+055  3.44225e-056  
8.69237e+054  1.15684e-055  
4.86036e+054  2.11177e-055  
1.69508e+055  6.03176e-056  
