0  0  1  
6.06412e-016  4.69485  2.25597e-067  
1.22194  2.19623e-044  1.38443e-095  
2.24693  2.21361e-103  1.41639e-051  
0  2.95743  3.14497e-021  
0  4.02401  3.72096e-024  
9.52022e-051  1.78338  3.45727e-063  
1.05781e-052  2.38817  4.62974e-063  
0  4.2198  5.12431e-029  
0  3.50338  1.7995e-023  
1.42232e-050  1.24479  2.41317e-063  
0  1.94554  1.93438e-009  
0  2.2576  9.72603e-013  
7.81258e-054  3.22117  6.24459e-063  
1.81589  6.19082e-099  1.14468e-051  
1.18479e-057  3.3724  6.53777e-063  
1.35962  7.48792e-067  2.56154e-063  
2.02891  4.09904e-101  1.27896e-051  
2.06174  6.72807e-075  3.99691e-063  
1.61344  4.70263e-074  3.12782e-063  
0  0.361508  0.245522  
1.69369  0  6.63883e-032  
0.31167  0.0808341  0.112488  
2.2377  2.17868e-102  1.41057e-051  
4.36613e-010  1.08361  2.1007e-063  
1.92541e-034  1.20262  2.3314e-063  
0.110626  0.628299  0.0100433  
1.03119  4.42072e-064  6.10818e-064  
1.13276  2.19055e-063  5.6006e-069  
2.03686e-007  0.240301  0.30454  
1.48667  0  3.48712e-007  
0.837306  1.01944e-009  0.373241  
1.48373  6.07658e-070  5.79946e-060  
0.0550256  0.540042  0.0185687  
0.592484  0.0653235  0.000673074  
0.0887945  0.789412  2.28278e-056  
2.87729e-008  0.259255  0.71624  
0.925796  0.0343462  0.000333914  
0.989144  1.4888e-005  0.00230794  
0.778486  0.0250783  0.000620645  
0.659638  0.270376  1.1271e-006  
0.888442  0.0922016  0.000237828  
0.00950344  0.00883881  0.950437  
2.25816e-005  0.0375288  0.824329  
0.0771422  0.852429  1.98917e-005  
0.177093  0.210397  0.0881519  
1.16748  1.53327e-064  1.3022e-063  
0.0413375  0  0.789402  
2.79885e-006  0.103404  0.649033  
0.106712  0.704224  1.01668e-017  
0.0182953  0.664185  0.00944022  
0.00904529  0.904309  0.00214607  
0.702656  0.00483551  0.0341817  
0.679628  0.412882  4.43841e-016  
0.021151  0.0208474  0.549242  
0.0020068  0.0192081  0.90285  
0.490898  0.128624  8.19349e-005  
0.738032  0.00230505  0.0208861  
0.0198846  0  0.880509  
1.80347e-007  0.208262  0.373144  
0.206955  0  0.410975  
0.00111717  0.120508  0.472718  
0.537394  0.103405  0.00023814  
3.29983e-009  0.266586  0.440251  
0.0575836  0.95608  1.95309e-018  
0.0602429  1.01937  6.51454e-024  
0.0002339  0.200633  0.391263  
0.38765  0.175857  9.75038e-005  
3.62906e-008  0.33112  0.270996  
0.357484  0.049507  0.0600332  
0.136957  0.442934  0.022941  
0.012812  0.972683  0.000770305  
0.00354764  0.073313  0.520507  
0.131294  0.762294  4.4728e-019  
0.0781753  0.394837  0.0277493  
3.68972e-005  1.04104  1.13222e-006  
0.15285  0.511248  9.91112e-064  
0.268657  0.118423  0.0811952  
0.0528533  0.87754  3.26768e-018  
0.0639144  0.00211985  0.624093  
0.179795  0.151215  0.0603939  
0.0445685  0.0112296  0.577894  
0.557933  0.09616  0.000219647  
0.0734666  0.487125  0.021605  
0.226753  0.350736  5.22894e-010  
0.000881061  0.0978959  0.585644  
0  0.297997  0.274799  
0.0184382  0.000336117  0.995052  
0.246624  0.132302  0.0501578  
0.393723  0.161395  8.94852e-005  
0.0607899  3.73581e-005  0.759056  
0.146845  0.246644  0.0468645  
0.110559  0.729612  8.65173e-018  
9.15387e-005  0.131542  0.505733  
0.454532  0.0292517  0.0541289  
0.231353  0.310019  1.39698e-008  
0.415716  0.0436361  0.052914  
0.42695  0.0228783  0.0588524  
0.199027  0.465079  1.12093e-010  
0.0566606  0.000766029  0.740021  
