1.57757  1.57757  5.98557e-090  
1.53501e-005  3.74946e-033  3.99783  
3.74962e-033  4.62496e-006  4.00021  
1.68935  1.77315e-025  3.98212  
3.7535e-033  3.7535e-033  4.00438  
2.36683e-013  1.79649  3.59744  
1.34292  0.0273987  1.64814  
4.18238e-013  1.35678  2.71851  
1.19509  0.223719  1.03109  
1.07317  0.601027  0.495807  
0.0628556  1.3255  1.80223  
3.12053e-009  1.02246  3.17469  
0.14067  1.20835  1.10769  
0.86275  1.04073  0.266957  
0.00750465  0.751717  2.99081  
0.0601845  0.0369821  3.79305  
0.91139  0.699524  0.690839  
1.0014  1.00558  0.0908893  
1.14635  0.445362  0.767344  
1.28428  1.87299e-011  2.56891  
0.369686  0.0232903  3.06894  
0.40814  0.47731  1.15626  
1.88413e-011  0.756941  3.44111  
0.720358  0.239367  1.57571  
0.0416118  1.18552  1.85581  
1.06793  0.509716  0.574091  
0.20631  0.318053  1.91244  
0.789468  0.0783485  1.48952  
0.662801  0.551235  0.864765  
0.606425  0.356383  1.4064  
1.03593  0.661628  0.430602  
0.321106  0.0365486  2.81474  
0.98361  0.964991  0.16031  
0.756285  0.40795  1.00654  
0.439695  1.02668  0.60538  
3.29304e-010  0.187429  3.25309  
0.478832  0.86509  1.13523  
0.0741857  0.718854  2.21944  
1.01252  0.769999  0.403834  
0.825307  0.870423  0.466791  
0.290028  2.06821e-012  3.72194  
1.19397e-006  1.09451  2.41467  
0.0591526  6.44984e-006  3.90718  
0.0774379  1.15285  1.44143  
0.264322  0.00429208  3.28787  
0.0617631  0.0105352  3.6796  
0.0165362  0.287855  2.90612  
0.532249  0.529526  0.956076  
0.657175  0.138872  1.96681  
0.792577  0.802578  0.654012  
0.15246  0.0835799  2.29233  
0.692794  0.163412  1.70607  
0.0704381  0.325689  2.32695  
0.777781  0.0266081  2.38076  
1.10919  0.95825  0.152867  
0.728445  0.42754  0.979623  
1.3026  0.141413  1.22392  
0.552016  0.881663  0.810584  
1.14861  2.11666e-006  2.62011  
0.0922949  0.854725  1.609  
0.789937  0.630097  0.829011  
0.049517  0.301802  2.64157  
2.62211e-006  0.993716  2.69642  
0.228644  0.11437  2.09898  
1.00247  1.00247  2.01076e-084  
0.332916  0.0274272  3.06467  
0.517221  0.754435  0.917713  
0.159181  0.501226  1.79878  
0.799496  0.257481  1.32274  
0.697939  0.0976935  2.05711  
1.11356  0.933972  0.203643  
0.194802  0.180208  2.00258  
1.0281  0.79495  0.32672  
0.246191  0.897186  1.3945  
0.00866234  0.230604  2.91359  
1.02588  0.828717  0.2115  
1.16029e-006  1.06423  2.53125  
1.03011  0.0325387  1.72966  
0.0434339  0.0435816  3.59971  
0.156933  0.914777  1.08781  
0.0841091  0.000196824  3.3339  
0.887737  0.87737  0.351074  
0.351614  0.545848  1.19005  
0.0287033  0.210479  2.74543  
0.651965  0.377921  1.08804  
0.43245  0.383727  1.24589  
0.0975835  0.169508  2.19783  
0.291515  0.826022  1.43005  
0.118798  0.0878865  2.54056  
1.13405  0.345201  1.25581  
1.11739e-009  1.19387  2.46027  
0.872524  0.0156458  2.03835  
0.571771  0.0502338  2.20146  
0.0275159  0.285709  2.76659  
0.521623  0.706705  0.891267  
0.942335  0.139714  1.36472  
0.184561  6.953e-011  3.36893  
0.0712303  0.00720152  3.39592  
1.10539e-006  0.0120105  3.91712  
0.927459  0.312597  1.29126  
