8.47049e+044  9.17445e-044  
3.08576e+044  1.09482e-043  
1.8506e+044  3.95496e-043  
5.01615e+043  4.52089e-043  
1.69487e+043  8.41003e-043  
5.53735e+042  1.58651e-042  
2.10001e+042  3.81176e-042  
1.04141e+042  1.24483e-041  
1.61355e+042  1.06877e-041  
6.47819e+041  1.64041e-041  
1.86516e+042  1.02905e-041  
3.71836e+041  2.74476e-041  
2.34375e+041  3.658e-041  
5.05739e+040  1.2912e-040  
1.769e+040  5.65363e-040  
1.43493e+040  7.11576e-040  
6.64813e+039  1.33191e-039  
4.55731e+039  2.09785e-039  
2.57372e+039  6.00264e-039  
1.95201e+039  6.6989e-039  
4.7825e+038  1.29949e-038  
3.2572e+038  2.19869e-038  
1.84285e+038  8.47776e-038  
2.42474e+038  5.52035e-038  
9.62557e+037  8.74009e-038  
7.1684e+037  2.69029e-037  
2.81124e+037  2.74527e-037  
1.98783e+037  9.64652e-037  
1.07405e+037  1.46202e-036  
7.74553e+036  1.70949e-036  
4.26433e+036  2.81471e-036  
2.97954e+036  5.09854e-036  
1.1006e+036  7.2053e-036  
6.43467e+035  9.31213e-036  
3.38482e+035  1.84436e-035  
8.46681e+034  2.19038e-035  
2.72962e+034  5.68752e-035  
1.24133e+034  1.69131e-034  
8.00709e+033  2.58689e-034  
5.14292e+033  4.31245e-034  
7.94863e+033  2.73246e-034  
1.00401e+033  1.73964e-033  
3.98407e+033  4.71344e-034  
2.69461e+033  1.32623e-033  
2.98985e+033  5.39361e-034  
4.77961e+032  2.49232e-033  
2.30961e+032  7.13122e-033  
1.4918e+032  7.16012e-033  
1.0005e+032  1.22116e-032  
6.25776e+031  2.44059e-032  
1.30794e+032  8.77764e-033  
4.8295e+031  2.95532e-032  
2.90681e+031  4.51379e-032  
2.05805e+031  4.91122e-032  
3.95257e+031  3.55133e-032  
3.68918e+031  3.58416e-032  
1.54952e+031  7.80306e-032  
1.0458e+031  1.09544e-031  
8.38107e+030  1.49546e-031  
9.75345e+030  1.14368e-031  
1.00605  1.00582  
1.#INF  0  
7.17453e+030  1.5792e-031  
5.31202e+030  2.33156e-031  
4.3381e+030  2.55728e-031  
6.44315e+030  1.63152e-031  
6.0187e+030  2.09663e-031  
1.88638e+030  5.40339e-031  
1.15126e+030  9.15007e-031  
2.88505e+030  3.4894e-031  
3.30001e+030  3.45026e-031  
3.93599e+030  2.7645e-031  
3.66449e+030  2.78021e-031  
2.51202e+030  3.99812e-031  
2.07801e+030  4.87278e-031  
2.3957e+030  4.72447e-031  
8.8957e+029  1.14188e-030  
1.06595e+030  9.45572e-031  
5.47769e+029  1.91626e-030  
7.20549e+029  1.46672e-030  
2.00315e+030  5.14488e-031  
7.68788e+029  1.36308e-030  
4.61467e+029  2.37844e-030  
3.8333e+029  2.63858e-030  
2.41286e+030  4.71786e-031  
3.14008e+029  3.25838e-030  
2.67809e+029  3.80783e-030  
1.13377e+029  1.05308e-029  
1.41872e+029  7.34574e-030  
2.41137e+029  4.16596e-030  
2.02303e+029  5.01482e-030  
2.16587e+029  4.87544e-030  
1.52382e+029  6.69799e-030  
1.09812e+028  9.50796e-029  
2.80713e+028  3.56369e-029  
1.84536e+029  5.63979e-030  
1.70252e+029  6.43637e-030  
2.34147e+029  4.81758e-030  
8.15125e+028  1.22935e-029  
9.55593e+028  1.09796e-029  
