1.00945  1.0116  
1.66162e-017  9.72664  
1.75926e-012  7.79245  
0.00239893  2.16655  
2.67502e-014  8.3104  
4.09317e-006  2.47258  
1.77516e-014  9.72282  
2.33171e-013  7.81795  
0.00437836  2.09477  
0.305056  1.79898  
0.381851  1.78088  
0.697802  1.32956  
0.00496216  2.04533  
0.514464  1.52595  
0.000109161  2.39074  
0.494871  1.56282  
0.596599  1.47572  
0.467263  1.6168  
0.00280423  2.1309  
2.32203e-010  2.76392  
0.157743  2.03266  
0.289969  1.8371  
0.218736  2.0324  
0.00474302  2.08468  
8.04626e-005  2.40982  
0.494254  1.60369  
0.276341  1.8836  
2.77653e-008  2.52751  
0.718514  1.30711  
0.000173417  2.37035  
0.559966  1.51717  
0.256365  1.93749  
0.578053  1.5097  
0.798534  1.25469  
2.46609e-009  2.66432  
0.670364  1.37023  
0.000304398  2.32705  
0.987928  1.02519  
0.737189  1.28861  
0.454037  1.65363  
0.26928  1.89753  
2.54361e-007  2.48925  
0.611244  1.45022  
0.848423  1.20141  
0.00474349  2.08251  
0.825719  1.21789  
0.645302  1.39666  
0.233086  1.98924  
0.620943  1.43037  
0.414188  1.69717  
0.809227  1.22983  
0.974934  1.05334  
0.948967  1.07517  
0.431442  1.67988  
0.639438  1.41312  
0.224511  2.01724  
1.08736e-005  2.44608  
0.757752  1.2557  
2.70443e-008  2.56398  
8.27356e-008  2.4953  
0.00104678  2.26461  
0.754172  1.26716  
0.301859  1.82231  
0.410789  1.72429  
0.666984  1.37503  
0.91622  1.12037  
0.861026  1.18545  
0.891027  1.14536  
0.00377517  2.10218  
0.899447  1.12534  
0.245623  1.97305  
0.439204  1.66405  
0.927263  1.10177  
0.936737  1.09233  
0.87646  1.17851  
0.0048492  2.06946  
0.96717  1.06362  
0.878776  1.15515  
0.000868903  2.26586  
0.00105509  2.24179  
0.247624  1.95427  
0.000470558  2.3145  
0.390857  1.74678  
0.000571659  2.28959  
0.389155  1.77035  
3.66902e-006  2.47523  
0.401079  1.73643  
0.00463105  2.08532  
0.00229054  2.17223  
0.000103062  2.39475  
0.0013927  2.20461  
0.00348779  2.10846  
0.000169515  2.38061  
0.000735798  2.27059  
0.156275  2.05888  
3.0074e-010  3.57972  
6.23959e-010  2.93175  
3.39125e-008  2.76931  
3.81632e-008  2.53908  
0.00506631  2.06326  
