1.43308e-019  16.1622  
1.02441  1.02527  
6.69348e-015  9.18024  
3.60336e-013  4.20511  
2.70234e-019  12.4576  
1.19611e-015  11.3034  
9.30845e-006  3.17288  
0.000110907  2.931  
3.27112e-005  3.16869  
0.81117  1.20911  
0.842585  1.17861  
0.894638  1.12101  
0.876367  1.15108  
0.757465  1.25511  
0.100339  2.45756  
0.277744  2.02883  
0.549563  1.53298  
0.201927  2.15287  
0.0571743  2.69688  
0.254766  2.06855  
0.927708  1.09139  
0.5804  1.5007  
0.965563  1.04483  
0.488719  1.62648  
0.61616  1.43389  
0.0988303  2.51725  
0.124123  2.40805  
0.065179  2.65261  
0.98176  1.0267  
0.429764  1.73116  
0.138715  2.3854  
0.948286  1.07316  
0.197975  2.20581  
0.632331  1.41385  
0.417414  1.74797  
0.476891  1.64977  
0.283406  1.9783  
0.0248603  2.85935  
0.334512  1.89838  
0.379136  1.81442  
0.34497  1.87885  
0.305137  1.97088  
0.282128  2.01054  
0.238189  2.12117  
0.191291  2.2279  
0.0301226  2.8289  
0.354801  1.85936  
0.0424172  2.77989  
0.440549  1.70383  
0.143914  2.3607  
0.155346  2.32297  
0.179486  2.26603  
0.665252  1.37087  
0.711199  1.32763  
0.016985  2.914  
0.506324  1.6022  
0.0903258  2.54665  
0.151052  2.34471  
0.603197  1.46013  
0.0670415  2.63646  
0.248645  2.10363  
0.719494  1.31076  
0.691671  1.33546  
0.0236562  2.88436  
0.329797  1.92454  
0.366744  1.84447  
1.01506  1.02558  
0.0878026  2.58005  
0.682128  1.35325  
0.0819919  2.58212  
0.0373545  2.79965  
0.540772  1.54613  
0.405722  1.77024  
0.232251  2.143  
0.223906  2.14746  
0.659466  1.38319  
0.118509  2.44134  
0.0742043  2.6091  
0.446566  1.69452  
0.119881  2.43776  
0.940486  1.08602  
0.0437654  2.75241  
0.582136  1.48555  
0.465934  1.66654  
0.521732  1.57363  
0.456029  1.68029  
0.513063  1.58869  
0.034569  2.81408  
0.645534  1.39937  
0.0204448  2.90095  
0.0536754  2.72456  
0.072224  2.61165  
0.0456658  2.74454  
0.402412  1.79209  
0.532005  1.55716  
0.166164  2.30691  
0.171893  2.28416  
0.32039  1.92933  
0.312491  1.95107  
0.385553  1.80383  
