1.03308  0  
8.35144e-212  2.94941  
2.40002e-177  2.2268  
2.18103e-176  1.31813  
3.19698e-178  2.71204  
9.22919e-210  2.91044  
1.21721e-172  1.11265  
0.005138  1.01688  
0.0468451  0.978025  
0.353238  0.652326  
0.837958  0.164384  
0.107599  0.901424  
0.699418  0.303315  
0.143941  0.87448  
0.385837  0.629328  
0.810426  0.202831  
0.683571  0.318056  
0.600569  0.403027  
0.72593  0.27915  
0.25322  0.755583  
0.335078  0.67375  
0.66453  0.340718  
0.465891  0.542003  
0.625571  0.381786  
0.446726  0.559152  
0.27111  0.740318  
7.46807e-006  1.05156  
3.81257e-153  1.06449  
0.50069  0.504295  
0.527259  0.482954  
0.410487  0.591323  
0.653484  0.350954  
0.488083  0.519939  
0.428354  0.579999  
3.82844e-156  1.10405  
0.51455  0.495835  
0.18487  0.835549  
0.537186  0.467943  
1.00034  5.68549e-009  
0.643065  0.369592  
0.56894  0.433136  
0.564557  0.454675  
0.193163  0.817641  
0.478168  0.530588  
0.168205  0.839912  
0.587967  0.415501  
0.0694114  0.94211  
0.202385  0.808557  
0.39131  0.611849  
0.163524  0.858227  
0.788214  0.215236  
0.099485  0.915574  
0.55006  0.458842  
0.225268  0.792092  
0.240422  0.777625  
0.399703  0.601802  
0.213399  0.795843  
0.0597821  0.954918  
0.435137  0.567484  
0.309291  0.701951  
0.769905  0.234749  
0.733809  0.269643  
0.283718  0.730091  
0.851128  0.152677  
0.298184  0.712701  
0.0768993  0.929585  
0.779513  0.225146  
0.743954  0.258387  
0.323302  0.686545  
0.578748  0.424209  
0.0842934  0.91909  
0.051423  0.963451  
0.15379  0.866798  
0.799145  0.203601  
0.8728  0.129117  
0.758066  0.242533  
0.287725  0.71842  
0.865259  0.135904  
0.859164  0.147085  
0.947506  0.0533308  
0.972632  0.0278581  
0.752728  0.250783  
0.631981  0.375925  
0.239584  0.781651  
0.881746  0.119149  
0.316585  0.69198  
0.919204  0.0850605  
0.967395  0.0370706  
0.993284  0.00695784  
0.892814  0.108447  
0.90268  0.102777  
0.939162  0.0637652  
0.925071  0.0756896  
0.889555  0.116308  
0.986659  0.0143911  
0.928557  0.0722422  
0.980587  0.0195851  
0.914287  0.0939781  
0.938881  0.0688461  
0.954214  0.0479145  
