8.08163  -1.58354e-016  
1.03505e-034  2.88523  
1.11519e-033  1.33579  
8.71532e-034  2.75741  
6.65069e-032  1.05398  
3.58644  -7.02741e-017  
5.28144  -1.03486e-016  
5.51603  -1.08083e-016  
1.47811  -2.89625e-017  
3.43594  -6.7325e-017  
1.16901  -2.29059e-017  
5.89562  -1.15521e-016  
6.71183  -1.31514e-016  
6.25058  -1.22476e-016  
6.42982  -1.25988e-016  
1.65878  -3.25026e-017  
3.7662  -7.37962e-017  
1.02489  0.0102639  
0.333807  0.675325  
6.55222  -1.28386e-016  
7.25786  -1.42213e-016  
0.75148  0.286774  
6.80449  -1.3333e-016  
5.7061  -1.11807e-016  
0.79407  0.220465  
4.34468  -8.51313e-017  
2.59732  -5.08927e-017  
4.23698  -8.30209e-017  
7.4088  -1.45171e-016  
3.19334  -6.25714e-017  
5.96773  -1.16934e-016  
0.999133  0.0582829  
0.401935  0.614602  
1.8612  -3.64691e-017  
1.2934  -2.53433e-017  
0.28167  0.718715  
0.452932  0.554021  
0.699943  0.340664  
0.190816  0.812547  
4.95581  -9.71058e-017  
0.922441  0.0842794  
2.06533  -4.04688e-017  
2.41259  -4.72731e-017  
0.852378  0.187751  
4.43522  -8.69053e-017  
4.15423  -8.13994e-017  
0.157862  0.879396  
6.07836  -1.19101e-016  
2.27369  -4.45515e-017  
2.47379  -4.84723e-017  
3.07402  -6.02335e-017  
8.00008  -1.56756e-016  
0.0835708  0.931425  
0.508687  0.516372  
3.29472  -6.45579e-017  
1.36541  -2.67543e-017  
0.632139  0.392729  
0.016748  0.987756  
7.78569  -1.52556e-016  
3.81623  -7.47766e-017  
0.585348  0.423984  
6.17852  -1.21064e-016  
2.19234  -4.29575e-017  
4.08611  -8.00646e-017  
7.6575  -1.50044e-016  
7.08471  -1.3882e-016  
0.128259  0.899296  
2.80509  -5.49639e-017  
7.54356  -1.47811e-016  
2.03596  -3.98933e-017  
6.92571  -1.35705e-016  
0.0458603  0.960978  
5.18946  -1.01684e-016  
6.48917  -1.27151e-016  
0.249625  0.756723  
4.74656  -9.30057e-017  
5.58825  -1.09498e-016  
7.93722  -1.55525e-016  
0.658487  0.356755  
0.868832  0.141584  
0.558178  0.453392  
7.02947  -1.37738e-016  
0.224827  0.7842  
0.528511  0.485582  
0.418554  0.590974  
4.02081  -7.87852e-017  
0.903039  0.119831  
1.76025  -3.4491e-017  
4.87368  -9.54965e-017  
5.03323  -9.86228e-017  
7.59598  -1.48838e-016  
5.0646  -9.92375e-017  
2.66729  -5.22637e-017  
1.94144  -3.80412e-017  
7.16078  -1.40311e-016  
2.85451  -5.59323e-017  
4.49586  -8.80934e-017  
6.96975  -1.36568e-016  
2.72823  -5.34579e-017  
6.11644  -1.19848e-016  
