1.87476  5.29087e-050  
1.72429  5.45096e-048  
1.32308  5.22589e-045  
0.695294  0.0103096  
0.847222  0.00985288  
0.339598  0.17682  
1.21153  2.70929e-041  
1.10969  1.92193e-034  
0.336386  0.250043  
1.23939  8.2293e-045  
0.622239  0.0104389  
4.58715e-021  1.00143  
0.342721  0.116875  
0.52776  0.0144979  
0.468404  0.0176338  
0.889906  0.00921288  
0.335065  0.29236  
0.333753  0.319626  
0.333687  0.360782  
0.326525  0.445903  
0.298871  0.643857  
0.92544  0.00886373  
0.320528  0.48113  
0.592465  0.0108709  
0.294486  0.671652  
0.367474  0.0599592  
0.330309  0.379824  
0.269527  0.766472  
8.54802e-023  1.0015  
1.01733  2.39607e-012  
0.205739  0.902988  
0.570211  0.0114929  
1.0577  6.32617e-018  
1.08981  7.093e-029  
0.301628  0.621381  
0.975831  0.00291309  
0.547183  0.012019  
0.182694  0.943384  
0.32015  0.517178  
0.308054  0.590704  
1.01294  0.00277579  
0.402249  0.0348763  
0.26117  0.787848  
0.290419  0.688354  
0.314301  0.542014  
0.280833  0.742699  
0.329264  0.408736  
0.139604  0.971544  
0.28296  0.71736  
0.323821  0.465168  
0.355867  0.080071  
1.90831e-025  1.04387  
0.345577  0.0978282  
0.122381  0.97962  
0.170093  0.951378  
0.384467  0.0414566  
0.0399306  0.998508  
0.247857  0.8201  
0.200166  0.92319  
0.213606  0.890199  
0.437754  0.0237301  
0.0149652  0.998934  
0.0508819  0.995179  
0.188022  0.924112  
0.23553  0.859096  
0.242597  0.834473  
0.305603  0.604887  
0.453443  0.0205444  
0.289737  0.71027  
0.0971476  0.987412  
0.0720675  0.992957  
0.376472  0.0491723  
0.274284  0.751212  
0.227411  0.874107  
0.31236  0.567022  
0.153695  0.954496  
0.110525  0.983159  
1.06363  1.64459e-023  
0.238461  0.847929  
0.253342  0.806096  
0.000283156  1.00011  
0.153486  0.968607  
1.63134e-025  1.04942  
0.316807  0.522242  
0.0814571  0.990206  
0.329297  0.406555  
0.224131  0.882706  
0.944364  0.00773125  
0.354198  0.08764  
9.7195e-034  1.27302  
0.95277  0.00661419  
0.414639  0.0273979  
0.312474  0.560466  
0.42105  0.0261076  
0.971012  0.00641249  
0.258029  0.798628  
1.07113e-025  1.06451  
0.0129493  1.00009  
3.32864e-033  1.41833  
1.31708  5.43359e-010  
