8.72388e+031  9.67896e-031  
1.46757e+031  5.97256e-030  
7.57209e+030  1.16896e-029  
5.00884e+029  1.89067e-028  
1.#INF  0  
1.00605  1.00582  
3.17821e+029  3.03531e-028  
4.3478e+029  2.25796e-028  
2.32735e+029  3.99375e-028  
9.13747e+028  9.79185e-028  
5.15246e+027  1.66888e-026  
1.07368e+029  8.52486e-028  
1.83678e+029  4.52979e-028  
1.68412e+029  5.78422e-028  
1.68531e+029  5.23267e-028  
2.37127e+026  3.02819e-026  
1.2675e+026  3.40511e-026  
5.56993e+025  8.14328e-026  
1.24631e+026  3.90428e-026  
3.5048e+025  1.404e-025  
2.39148e+025  3.2955e-025  
7.30192e+024  4.67366e-025  
1.55091e+025  3.33051e-025  
1.432e+025  3.59362e-025  
1.91034e+024  8.09752e-025  
1.32854e+024  1.20275e-024  
7.20002e+023  2.31042e-024  
1.59138e+024  1.16605e-024  
5.23496e+023  6.10489e-024  
3.76147e+023  6.63644e-024  
2.44703e+023  1.08067e-023  
1.74663e+023  1.38391e-023  
1.03426e+023  2.49241e-023  
4.29509e+022  5.0522e-023  
1.28985e+023  1.93921e-023  
2.2591e+022  5.50803e-023  
1.67791e+022  8.81053e-023  
9.12167e+021  1.31265e-022  
6.94774e+021  2.24785e-022  
1.94907e+022  8.80368e-023  
2.0213e+022  6.71717e-023  
5.21751e+021  2.40606e-022  
3.51226e+021  3.31455e-022  
5.00014e+021  2.44451e-022  
1.81135e+021  5.7807e-022  
3.1847e+021  4.43489e-022  
1.47405e+021  7.75212e-022  
1.29469e+021  1.01259e-021  
1.78899e+021  7.01898e-022  
3.19243e+021  4.16905e-022  
7.60007e+020  1.55857e-021  
5.11587e+020  2.0157e-021  
1.06883e+021  1.18714e-021  
6.21538e+020  1.669e-021  
3.56898e+020  3.15072e-021  
8.97431e+020  1.44161e-021  
1.00417e+021  1.24772e-021  
9.24289e+020  1.3238e-021  
2.89026e+020  3.5587e-021  
2.64935e+020  4.14003e-021  
1.41585e+020  7.66694e-021  
1.8291e+020  6.07952e-021  
1.03541e+021  1.1913e-021  
2.12726e+020  5.7957e-021  
1.11247e+020  9.35765e-021  
2.11249e+020  5.98476e-021  
8.87636e+019  1.23147e-020  
1.02293e+020  1.13285e-020  
6.9461e+019  1.57398e-020  
4.38288e+019  2.33184e-020  
8.44209e+019  1.26289e-020  
7.66463e+019  1.48628e-020  
8.03173e+019  1.34014e-020  
4.86436e+019  2.21094e-020  
5.48043e+019  2.02204e-020  
1.06159e+020  1.0901e-020  
6.24155e+019  1.73559e-020  
1.07993e+020  1.0573e-020  
5.93896e+019  1.82234e-020  
3.53106e+019  3.01729e-020  
4.81528e+019  2.23561e-020  
3.9582e+019  2.66352e-020  
4.03102e+018  2.55343e-019  
5.75276e+019  1.87277e-020  
3.92503e+019  2.87231e-020  
2.68686e+019  3.9215e-020  
343.812  0.00907719  
2.9532e+019  3.83519e-020  
7.69546e+019  1.35424e-020  
6.76359e+019  1.61556e-020  
3.22601e+019  3.30669e-020  
6.46217e+019  1.65078e-020  
3.44157e+019  3.05649e-020  
6.58305e+019  1.64264e-020  
2.39755e+019  4.52508e-020  
3.07949e+019  3.33392e-020  
5.51128e+019  1.88283e-020  
2.20343e+019  5.02609e-020  
1.08203e+019  9.50658e-020  
1.98465e+019  5.46608e-020  
