2.98694e+055  1.21533e-055  
1.22109e+055  2.60649e-055  
6.48089e+054  6.19034e-055  
4.20223e+054  8.2947e-055  
2.23009e+054  1.6324e-054  
5.51539e+054  7.44474e-055  
3.23968e+054  1.33874e-054  
5.7646e+054  6.73475e-055  
1.55091e+054  2.82786e-054  
3.81101e+054  8.76108e-055  
1.49128e+054  3.24467e-054  
9.50547e+053  3.63804e-054  
3.58912e+054  1.01058e-054  
3.43254e+054  1.22428e-054  
6.44025e+053  4.83004e-054  
8.93707e+053  4.37558e-054  
5.53472e+053  8.08705e-054  
3.49619e+053  9.04624e-054  
5.82039e+053  6.21796e-054  
3.28166e+053  1.27281e-053  
2.86823e+053  1.32268e-053  
7.23529e+052  6.35809e-053  
1.43177e+053  3.2624e-053  
1.69633e+052  6.73376e-053  
2.6546e+053  1.59955e-053  
1.18218e+053  3.35975e-053  
2.35213e+053  1.60138e-053  
1.75453e+053  2.50235e-053  
9.43275e+052  3.6513e-053  
2.17783e+053  1.68357e-053  
1.85989e+053  2.47517e-053  
2.0045e+053  2.13062e-053  
2.0542e+053  1.9988e-053  
8.79303e+052  4.0285e-053  
7.70975e+052  6.07985e-053  
1.1833e+052  9.48884e-053  
8.24215e+052  5.00196e-053  
8.16761e+052  6.0757e-053  
1.59092e+052  6.93336e-053  
9.33599e+051  1.19786e-052  
7.78692e+051  1.38081e-052  
2.63697e+051  4.4783e-052  
6.06381e+051  1.77226e-052  
3.59957e+051  3.09264e-052  
4.781e+051  2.20547e-052  
6.91696e+051  1.62114e-052  
5.56164e+051  1.95237e-052  
7.47977e+051  1.50939e-052  
2.25752e+051  4.74074e-052  
3.95925e+051  2.78403e-052  
4.3793e+051  2.51973e-052  
7.0011e+051  1.55864e-052  
1.93497e+051  5.53704e-052  
5.66291e+051  1.89073e-052  
4.53949e+051  2.38205e-052  
3.70633e+051  3.02086e-052  
9.92793e+050  1.11605e-051  
1.74879e+051  6.10262e-052  
1.45012e+051  7.56977e-052  
7.4064e+050  1.45343e-051  
1.63751e+051  7.01975e-052  
6.21236e+050  1.8673e-051  
1.21383e+051  9.2256e-052  
1.35872e+051  8.25138e-052  
1.06927e+051  1.03144e-051  
7.30413e+050  1.54427e-051  
1.64289e+051  6.84534e-052  
1.26691e+051  8.8066e-052  
1.13354e+051  9.67096e-052  
1.31739e+051  8.49674e-052  
1.12201e+051  9.89346e-052  
2.35109e+050  4.48061e-051  
3.88802e+050  2.7287e-051  
5.7345e+050  1.93538e-051  
2.9941e+049  3.54516e-050  
4.21242e+050  2.60047e-051  
5.38261e+050  2.02002e-051  
4.37805e+050  2.45043e-051  
3.43592e+050  3.22694e-051  
9.59309e+049  1.12382e-050  
6.29788e+049  1.66548e-050  
3.66585e+050  2.98566e-051  
5.0135e+050  2.25603e-051  
2.65389e+050  3.97736e-051  
4.69609e+050  2.38952e-051  
1.60956e+050  6.66235e-051  
2.10539e+050  4.84588e-051  
3.18449e+050  3.4419e-051  
1.37768e+050  7.73481e-051  
5.20747e+050  2.12551e-051  
5.69583e+050  1.94736e-051  
1.77438e+050  6.59126e-051  
1.96139e+050  5.50549e-051  
5.00746e+049  2.10117e-050  
4.78567e+050  2.34468e-051  
3995.23  0.00171497  
2.93083e+050  3.75688e-051  
1.09861e+050  9.75151e-051  
1.24022e+050  8.73672e-051  
2.76418e+050  3.83977e-051  
