9.87557e-009  1.49368  0  
0.000358625  -3.40288e-015  32.9249  
32.9593  -1.9967e-020  0.000543477  
24.0755  0.444672  0.580848  
31.3252  -1.69245e-016  1.63755  
26.6142  -3.69977e-016  3.57975  
1.17934  -2.80395e-015  27.1299  
3.9382  0.641058  5.71824  
0.000350599  -3.32672e-015  32.188  
32.2879  -1.49998e-016  1.45132  
11.542  -1.05797e-015  10.2365  
12.5243  -7.30281e-016  7.0659  
6.8961  -2.14641e-015  20.7678  
13.9982  -1.44296e-015  13.9615  
0.343964  -2.8912e-015  27.9741  
21.4191  -6.53389e-016  6.32193  
0.0129046  -3.17433e-015  30.7136  
10.8204  -1.76396e-015  17.0673  
4.4434  -1.80454e-015  17.46  
0.0202759  -3.11329e-015  30.123  
10.7859  -1.53936e-015  14.8942  
1.5874  -2.68196e-015  25.9496  
31.8313  -2.43927e-016  2.36014  
1.95396  -2.39455e-015  23.1687  
3.25713  -1.75093e-015  16.9413  
5.86987  0.28778  9.36351  
5.35893  -1.26477e-015  12.2374  
12.9383  -1.37007e-015  13.2563  
30.1943  0.267321  0.267378  
10.0304  -2.03035e-015  19.6449  
2.90128  -2.50834e-015  24.2697  
10.3776  -1.09243e-015  10.5699  
2.45318  -1.84772e-015  17.8778  
24.5466  -2.30193e-016  2.22726  
9.63997  -1.89694e-015  18.354  
16.7234  -1.12487e-015  10.8838  
5.90182  0.175374  9.09393  
8.09914  -1.84096e-015  17.8123  
0.17779  -2.76041e-015  26.7086  
9.39682  -2.18509e-015  21.1421  
5.16766  -2.29265e-015  22.1828  
2.36382  -1.92247e-015  18.601  
10.5962  -1.69008e-015  16.3525  
7.06374  -2.60906e-015  25.2442  
20.4077  -1.30667e-015  12.6428  
3.66727  -2.44954e-015  23.7008  
28.9564  -4.22991e-016  4.09269  
20.8752  -9.92843e-016  9.60635  
27.4343  -1.38896e-016  1.3439  
8.39163  -2.56081e-015  24.7773  
17.1179  -8.45172e-016  8.17755  
29.6301  -3.68263e-016  3.56316  
19.3035  -8.99518e-016  8.70338  
25.4977  -1.39517e-016  1.34991  
15.9549  -1.61486e-015  15.6247  
28.74  -4.56081e-016  4.41286  
23.332  -4.7622e-016  4.60771  
7.62636  -2.49305e-015  24.1217  
4.77078  -2.07859e-015  20.1116  
12.4074  -1.62938e-015  15.7652  
12.881  -1.54542e-015  14.9528  
7.48553  -8.71938e-016  8.43653  
0.113575  -3.05175e-015  29.5275  
11.9239  -1.70436e-015  16.4907  
12.2881  -1.17359e-015  11.3552  
15.1419  -1.5851e-015  15.3368  
0.636091  -2.44007e-015  23.6091  
8.89398  -1.23828e-015  11.9811  
0.0395384  -3.25659e-015  31.5095  
0.201831  0.021959  19.4296  
0.0120268  -3.24421e-015  31.3896  
29.8112  -4.35717e-016  4.21582  
4.29444  -1.9469e-015  18.8374  
4.80962  -1.95327e-015  18.8991  
0.91979  -2.6334e-015  25.4797  
9.2251  -2.5364e-015  24.5412  
25.0737  -3.23854e-016  3.13348  
16.1894  -1.17671e-015  11.3854  
13.5328  -1.41445e-015  13.6857  
30.7532  -2.88475e-016  2.79117  
0.469862  -2.32102e-015  22.4573  
28.3203  -4.23215e-016  4.09486  
22.5572  0.0198268  1.02811  
6.73218  -7.84186e-016  7.58747  
8.59755  -2.57917e-015  24.955  
9.78399  -2.08308e-015  20.155  
25.9625  -4.60969e-016  4.46015  
30.689  -2.76429e-016  2.67462  
4.97558  -2.21779e-015  21.4584  
6.56621  -2.36119e-015  22.8459  
20.7224  -1.02186e-015  9.88715  
14.4859  -1.0139e-015  9.81004  
19.5508  0.0249682  1.29471  
14.7797  -7.42033e-016  7.17962  
11.6827  -1.07086e-015  10.3612  
18.7371  -3.90917e-016  3.78235  
0.0426119  1.18204  8.05639  
17.9966  -3.02295e-016  2.92488  
17.7463  -1.26363e-015  12.2263  
22.7829  -4.18882e-016  4.05293  
