3.48102e-038  1.48066  
9.21811e-012  1.00398  
0.760999  0.999579  
5.59547e-036  1.21745  
4.55563e-036  1.43  
1.88168e-035  1.06739  
0.990293  0.542607  
0.833131  0.936942  
0.993675  0.401886  
0.863834  0.841304  
0.920361  0.782833  
0.971237  0.65636  
0.972829  0.568959  
0.932138  0.704784  
0.802865  0.969812  
0.763129  0.99944  
3.74554e-027  1.03781  
1.00003  2.1074e-008  
0.896229  0.808295  
0.811865  0.952733  
0.884174  0.826997  
1.7942e-036  1.4544  
0.912136  0.791667  
0.978627  0.560945  
1.00043  0  
0.869979  0.835336  
1  9.32603e-007  
0.938157  0.6984  
0.964047  0.666063  
0.945352  0.689167  
0.954189  0.678107  
0.96007  0.671024  
1  5.14539e-006  
0.949661  0.685196  
0.999416  0.388302  
0.995204  0.398264  
1.00002  2.58101e-008  
1.00103  2.1095e-008  
1.00182  1.49282e-008  
1.00001  1.1879e-006  
1.00002  3.33208e-008  
1  9.48634e-006  
1.00249  0  
1  5.25722e-006  
1  2.37817e-006  
1  5.41316e-006  
1.00005  6.49559e-008  
1.0037  0  
1.00019  3.65072e-008  
1.00129  2.11007e-008  
1  9.09899e-006  
1.00279  1.49428e-008  
1.00003  2.66985e-007  
1.00002  1.41203e-006  
1.00002  1.67056e-006  
1.00001  2.65908e-006  
1  2.85877e-006  
1  6.85485e-006  
1.00008  7.14689e-008  
1.00432  0  
1.00007  6.93392e-007  
1.00032  3.65121e-008  
1.00133  2.9842e-008  
1  1.63775e-005  
1.00006  9.32661e-007  
1  2.66321e-005  
1  4.45633e-006  
1.00136  2.1102e-008  
1.00005  3.298e-006  
1.00405  1.49616e-008  
1  7.86761e-006  
1.0002  1.22903e-007  
1  0.00010223  
1.00469  0  
1.00231  2.58692e-008  
1.00011  2.82369e-007  
1.00274  2.11311e-008  
1.00007  8.12274e-007  
1.00045  4.47237e-008  
1  0.000144395  
1.00139  2.98437e-008  
1  3.76405e-005  
1  3.41018e-005  
1.00045  6.32487e-008  
1  9.48641e-006  
1.00027  7.74495e-008  
1.00002  4.69185e-006  
1.00028  8.29897e-008  
1.00479  0  
1.00012  2.17168e-006  
1.00008  3.00744e-006  
1.00148  3.94832e-008  
1.00175  2.98545e-008  
1.00001  8.76112e-006  
1  8.11418e-005  
1.0001  2.17169e-006  
1  6.8276e-005  
1  3.963e-005  
1.00001  3.90275e-005  
1.01699  0  
