5.6183  3.91988e-050  1.13353e-105  
1.6613e-072  5.10789  9.90221e-063  
0  3.37261  2.42308e-037  
1.72019  0  4.82762e-042  
0.0224261  7.94232e-033  1.42015  
4.00049  3.06584e-041  1.19835e-100  
3.39205  1.67734e-048  1.05734e-099  
9.27637e-090  4.14695  1.62093e-059  
2.13895  6.18529e-056  5.23934e-088  
1.13134e-085  2.817  8.14605e-056  
1.1087e-090  4.74184  1.85346e-059  
8.74461e-067  4.50915  8.74149e-063  
5.17832  3.12635e-044  1.222e-103  
8.27809e-089  3.74792  1.46496e-059  
4.91762  1.42205e-055  5.02121e-103  
2.82918  9.4749e-041  2.7399e-096  
5.49644  1.0074e-045  3.93765e-105  
1.48476e-013  1.16377  3.36533e-056  
2.74563e-078  2.26549  1.42809e-051  
1.03094e-013  1.53521  4.43942e-056  
3.79244e-080  2.56847  1.61908e-051  
2.42629  7.0162e-056  1.33622e-093  
4.34762  1.25722e-055  1.16585e-101  
3.0828  2.7643e-127  4.5059e-051  
4.59738  2.89804e-051  1.82683e-102  
4.73228  2.35941e-091  2.27396e-067  
1.14911e-071  2.1452  8.38501e-060  
3.08114e-073  1.94577  5.62665e-056  
8.93621e-040  3.45006  1.46799e-065  
4.01585e-064  3.67451  7.12345e-063  
2.56148  1.82384e-089  7.40713e-056  
1.10873  3.20618e-056  6.60021e-070  
5.41349e-074  1.76849  1.42209e-009  
4.38259  1.26733e-055  6.5132e-102  
1.27421  3.17959e-067  3.68468e-056  
5.4045e-089  1.56888  0.000115981  
3.09947e-097  9.15655e-024  1.04952  
0  0.364737  0.306577  
3.0026  1.54038e-041  4.45439e-097  
1.89322e-024  0.286411  0.238513  
0  8.17893e-005  1.22872  
0  4.76816e-006  1.39857  
0  2.66583  4.39012e-033  
0.909747  3.54301e-025  0.888474  
1.10984e-104  1.10291e-027  1.20889  
3.18265e-036  1.82584  7.76886e-066  
1.4989  4.33445e-056  3.00848e-084  
0.822608  0.0471867  0.00337331  
0.109068  1.246e-010  0.981408  
0.491369  4.72416e-023  0.493042  
0  2.75968  5.00489e-035  
0.295361  0.226794  0.159595  
0.273299  3.25131e-007  0.380109  
1.35449  1.18754e-056  1.2023e-056  
0.0847012  0.0221288  0.697925  
0.514114  0.0518506  0.123247  
1.42045  2.09214e-057  2.94946e-056  
0.175775  0.807671  6.88357e-017  
1.60326  4.04331e-068  4.63623e-056  
0.328246  0.309232  8.94219e-057  
2.53193  1.38423e-088  7.32171e-056  
0.03177  0.0404579  0.816666  
0.996219  0.00246694  0.0329402  
7.32904e-012  1.09957  3.17966e-056  
0.000740819  0.119436  0.636455  
0.248198  3.83595e-008  0.439467  
0.00999182  0.977284  0.00206792  
0.0513938  1.03217  0.0013436  
0.4656  0.192719  0.057882  
0.00645255  0.914149  0.00237153  
0.561425  3.09935e-023  0.609636  
0.138794  0.753474  1.42848e-007  
0.364314  0.203438  0.0481349  
0.0547002  0.531855  0.0367802  
0.0434396  0.00500478  0.911138  
0.249573  0.435131  1.25829e-056  
0.194988  0.263812  0.13636  
0.95861  0.0165742  0.136226  
0.118216  0.677288  3.49387e-005  
1.58078  6.24765e-057  2.40385e-056  
0.595567  0.0723442  0.0749133  
0.694738  0.0675007  0.0019814  
0.146148  0.590327  0.00730772  
7.50657e-095  0.239584  0.544604  
0.000248871  0.0911291  0.86162  
0.217427  0.866578  2.45232e-021  
0.645308  0.163608  0.00324862  
0.288739  2.31812e-008  0.332361  
0.0586763  0.621518  0.0244426  
0.0157382  0.065276  0.775224  
0.30576  0.231874  0.07984  
0.399102  0.139814  0.0663296  
0.418606  5.73265e-023  0.598294  
0.0709056  0.00719514  0.736834  
0.758791  0.0212484  0.0609683  
0.0974339  0.846643  0.000560835  
0.0533314  0.700637  0.0224955  
0.765408  0.154122  0.00155263  
3.03688  7.20852e-095  8.78188e-056  
0.232589  0.491828  2.50858e-006  
