1.8891e-091  6.91483  0.0576968  
7.17891  3.77805e-061  3.88217e-063  
1.40833e-038  5.01112e-054  3.45762  
4.29592  5.42241e-007  2.60558e-074  
1.92765  1.81457e-075  1.59509e-052  
1.40015e-034  5.33333  2.31855e-052  
2.83687  3.70401e-054  3.07072e-067  
2.32395  1.11443  3.47489e-069  
1.42458e-072  4.41727  1.0236e-011  
8.3295e-032  2.49603  4.29187e-048  
2.7981  5.44297e-057  3.91115e-056  
3.46183e-074  2.10119e-012  2.83968  
9.97353e-036  3.99466  1.1662e-049  
1.33989  6.36846e-063  5.62188e-050  
2.748e-005  2.09512  6.43715e-064  
1.2867e-037  5.00122  1.66999e-049  
6.06412e-016  4.69485  2.25597e-067  
2.04919  1.07184e-054  7.50625e-054  
4.66283e-078  0.00421565  1.92838  
1.08002e-078  5.24964e-009  3.06011  
5.85201e-013  3.86347e-057  2.59068  
2.49351e-010  3.59395  1.72697e-067  
1.65217  7.08823e-065  5.46903e-051  
1.88322e-021  5.23625  1.45494e-064  
0.000458261  1.91821  5.32992e-065  
2.30723e-010  3.32547  9.24009e-065  
3.66222e-033  3.11155  9.97615e-049  
1.57468  4.09921e-051  4.14523e-051  
7.5997e-079  0.000704385  2.46464  
1.4496e-033  4.82051  1.46836e-051  
3.3006e-009  2.86346  1.37595e-067  
1.82706e-071  3.42889  5.24394e-009  
0.214069  4.80031e-041  1.05711  
0.000275362  1.685  3.4001e-051  
8.92498e-053  3.00815  3.99591e-006  
1.81402e-050  0.00299139  1.71445  
1.13926  4.54696e-066  8.35394e-050  
7.11895e-007  2.66832  1.24153e-060  
1.15821e-081  0.00132942  2.28164  
5.06858e-088  4.56365e-010  3.25088  
0.363654  0.363653  3.06407e-049  
1.24158e-071  0.461645  0.602684  
0.925378  0.000326755  0.0126169  
4.01735e-015  3.79615  1.05479e-064  
3.75634e-067  0.307647  0.552929  
0.590054  0.0425128  0.0250773  
0.239533  1.10815e-017  0.23945  
1.10405e-005  1.16237e-007  1.21883  
0.820234  0.21687  7.59189e-006  
0.692794  0.0745066  0.000266294  
9.60267e-007  2.7333  2.87001e-061  
1.95679e-091  0.611017  0.820546  
0.218481  0.0955603  0.0801491  
2.63784e-016  1.35036e-054  2.0937  
0.433539  1.13793e-052  0.471075  
2.97906e-077  4.14457e-012  3.22709  
0.00250065  1.03309  4.51889e-005  
0.00375743  1.57627  7.57428e-068  
0.267576  0.0712684  0.0712326  
0.164004  0.412431  8.58404e-047  
1.01935  1.31616e-058  5.28175e-049  
0.0118464  0.927143  4.2165e-011  
0.0183152  0.00159428  0.912817  
0.189955  8.11919e-055  1.25886  
0.0485874  0.535165  0.022981  
0.000405015  1.33721  2.69831e-051  
0.0698419  0.692526  0.000119165  
0.0236867  1.48339  7.12801e-068  
5.21567e-019  0.780308  0.319085  
1.32971e-041  0.203557  0.42518  
8.45746e-082  0.0963628  0.979607  
0.760447  0.0207637  0.00101643  
3.02836e-088  3.89182  4.72871e-006  
0.112393  0.61961  2.97735e-068  
0.00159123  1.44356  4.01106e-065  
1.92798e-016  0.239899  0.239896  
1.60851e-071  0.200464  0.648428  
0.535602  0.0401738  0.0436798  
6.32031e-090  2.00331  0.735991  
0.0463084  0.866775  4.16503e-068  
0.197197  3.70651e-008  0.331388  
0.393271  0.284067  0.000655395  
0.092866  0.820508  3.94271e-068  
2.21389e-036  2.3974e-056  2.12185  
0.0013832  1.25392  8.55681e-008  
1.09881  8.59686e-060  5.38296e-049  
5.14738e-025  7.42283e-041  1.63464  
2.41881e-012  2.33346e-056  1.57048  
0.00276029  1.15925  3.87094e-050  
1.43114e-007  1.60427e-065  1.52131  
0.488158  0.148016  0.00101795  
0.00130948  1.66835  7.17919e-052  
1.13209e-075  1.94646e-010  2.21975  
2.20656e-041  1.3905e-007  1.45804  
4.88677e-006  0.106851  0.723844  
1.88153e-006  9.80421e-065  1.35591  
3.30064e-032  3.96094  1.34096e-050  
0.424828  0.181794  0.00876231  
2.02485e-041  0.0132484  1.41258  
6.18501e-032  3.80662  7.05598e-049  
