0.504157  0.75435  
0.396837  1.29673  
1.21145e-011  8.98779  
1.00972  0.0435619  
1.16844  0.000603437  
0.34524  1.37231  
4.6752e-021  9.07055  
1.73215e-019  9.04604  
0  11.7717  
16.7161  3.05552e-048  
2.70991e-019  9.04313  
0.685062  0.671125  
1.18349e-011  9.01385  
5.11838e-013  9.02278  
5.30276e-016  9.02816  
0.18132  8.13329  
1.22006e-016  9.02889  
3.04413e-009  8.97205  
0.250254  6.49806  
1.32049e-020  9.08689  
2.74054e-015  9.03447  
2.08011e-011  8.99126  
0  11.9359  
0.762804  0.746354  
0.551889  1.58344  
3.16959  0.00163693  
1.71337  0.619411  
0.423677  3.69843  
2.71356  0.483538  
0.453947  2.01646  
0.667518  0.79073  
16.9292  3.09447e-048  
0.325563  7.48162  
0.683608  1.19479  
1.791e-006  8.99561  
21.4264  1.89937e-046  
2.73365e-019  9.12236  
18.4761  1.40885e-009  
21.4677  3.92405e-048  
21.23  2.55175e-015  
3.87004e-020  9.59295  
3.62991e-010  8.99874  
0.483038  4.21661  
0.838843  0.822706  
0.72766  0.864972  
0.583025  1.86164  
1.04445  0.754917  
1.10516  0.749578  
2.07328e-020  9.666  
0.474144  7.7821  
7.36136  0.441816  
0.429809  7.79801  
0.477782  5.93317  
0.483241  2.07386  
6.51647  0.459267  
0  12.0759  
11.6881  0.00212967  
6.17048e-020  9.40294  
0  22.6937  
2.4211e-009  8.99937  
8.03141e-010  9.00886  
1.22135e-016  9.53859  
9.60429e-020  10.0656  
21.5168  1.90738e-046  
0.813697  0.961478  
9.77314e-012  9.23139  
12.4502  0.0480352  
0.729618  1.59009  
0.782742  1.29888  
2.09012e-014  9.25473  
21.7041  3.96726e-048  
18.7549  0.000279679  
0.533741  2.27684  
0.868323  0.850189  
0.488743  5.00392  
1.19663  0.816033  
7.545e-022  22.2575  
0.435245  8.00405  
0.523985  4.57387  
12.6069  0.363494  
1.83966e-012  9.52616  
7.24318e-008  9.00944  
3.47911e-019  11.61  
20.5326  0.0409229  
2.04641e-019  12.0901  
3.23948e-018  10.5117  
0  25.3693  
2.15739e-021  22.8268  
5.40591e-014  9.66868  
0.776514  1.6462  
2.46542e-016  10.2349  
1.19438e-008  9.27531  
3.46393e-010  9.39148  
0.000290947  9.00451  
22.1074  4.04098e-048  
0.651226  2.65745  
0.487989  8.62315  
0.893798  0.854249  
0  25.9038  
25.7417  4.70529e-048  
