4.08448  0.0121073  
1.34232  0.115036  
0.148813  0.548648  
6.34594  2.60398e-005  
0.0932787  1.15426  
0.533038  0.172002  
9.16845  6.1605e-007  
0.013841  1.50846  
59.0964  3.03555e-007  
0.00189109  6.16261  
7.62197e-005  8.03365  
6.78928e-005  9.14368  
4.30759e-005  9.63646  
0.230423  1.13429  
1.64894  0.177524  
0.703817  0.804363  
20.6166  2.63692e-005  
0.0185537  3.12454  
0.0411657  1.51068  
46.6456  1.82815e-005  
13.3588  0.000622416  
50.4121  3.35294e-006  
0.015914  6.1871  
9.04288e-005  10.9919  
0.000716475  10.1836  
0.0047883  6.82673  
8.57784  0.0333473  
6.81246  0.0550892  
7.10498  0.162023  
10.6653  0.0982087  
10.0463  0.103796  
16.9534  0.000648393  
13.451  0.0381726  
15.0261  0.00616602  
1.99305  0.35591  
0.776269  0.945431  
0.554495  1.58874  
0.215515  2.9179  
0.0546779  4.58422  
0.0601022  3.50199  
0.0457701  5.5488  
53.2857  1.12219e-005  
52.3202  3.11899e-005  
13.9915  0.0196887  
0.410405  2.48516  
3.89835  0.317898  
8.19052  0.169609  
5.67935  0.351988  
7.61984  0.213179  
1.60175  1.68354  
10.3157  0.155029  
0.299274  2.99291  
15.9712  0.0417889  
0.710896  2.80909  
13.6437  0.0559301  
15.6327  0.0443641  
13.6324  0.119908  
18.382  0.00231616  
3.40036  0.427663  
4.41449  0.386546  
2.16862  0.556002  
32.5824  0.00103356  
27.4098  0.00130117  
0.0582464  5.47389  
1.32203  1.71128  
0.273391  3.13383  
1.11473  1.76272  
0.881228  2.304  
0.152261  3.71594  
0.0932386  3.95697  
2.03181  1.66328  
5.66663  1.01429  
3.99537  1.05117  
7.692  0.32161  
2.22837  1.11795  
8.88128  0.220861  
8.75648  0.319996  
9.09173  0.180455  
12.484  0.166698  
0.525815  3.15615  
0.892638  2.4219  
0.17613  4.8897  
1.64495  1.72199  
17.4961  0.101255  
21.9646  0.00376795  
26.9809  0.00312939  
18.4662  0.007805  
2.43626  1.07605  
0.1135  15.999  
5.50449  1.02623  
0.19701  12.8843  
33.9566  0.00679651  
20.781  0.121438  
26.5025  0.0569197  
12.8567  0.17673  
0.275073  5.83376  
2.81173  1.10672  
7.8485  0.799569  
0.593089  3.61989  
0.954452  2.85472  
