0.386914  1.16728  
6.02399e-005  8.74307  
0.00417797  4.06267  
1.19272  0.328603  
11.5927  0.0113116  
25.66  0.000357544  
0.0783326  1.59  
1.51652  0.119825  
0.630138  1.07938  
1.40638  0.216339  
0.931175  0.734919  
1.02559  0.583378  
1.0093  0.700909  
0.466731  1.15549  
0.710399  1.04186  
0.374529  1.25588  
0.116736  1.32328  
0.302104  1.28473  
1.32866  0.24069  
1.3121  0.301233  
0.0238238  1.91782  
0.109858  1.47806  
0.841345  0.885058  
0.792506  0.947891  
0.848417  0.86837  
0.776097  1.01254  
1.57837  0.0192346  
0.0126962  2.30319  
0.0255983  1.6251  
0.873832  1.04436  
0.0393717  1.72166  
2.45608  0.0375408  
1.61951  0.102527  
0.253367  1.36038  
0.249659  1.41614  
0.198117  1.53798  
0.455036  1.30448  
0.685278  1.11456  
1.41897  0.216884  
1.51797  0.196568  
0.987751  0.751493  
1.34964  0.283055  
0.500967  1.24152  
0.012847  7.15829  
1.25579  0.580277  
1.28238  0.458941  
1.36109  0.275912  
1.29605  0.425218  
0.782114  1.10851  
1.41001  0.27155  
1.33355  0.367403  
0.514613  1.15625  
1.24552  0.580778  
0.423614  1.33324  
1.27069  0.574118  
0.881044  0.965314  
0.891459  0.879502  
0.492724  1.25021  
1.13447  0.614824  
0.0869443  1.64583  
0.536357  1.22757  
0.0697304  1.73288  
0.0462569  2.48432  
0.507962  1.3127  
1.81957  0.141189  
2.65681  0.0813301  
0.256657  1.55481  
0.285262  1.51507  
0.29507  1.5047  
2.86172  0.0758305  
0.107999  1.70345  
12.6429  0.0411065  
0.21105  1.58318  
2.38121  0.129606  
0.298395  1.36343  
1.58222  0.23137  
1.45043  0.242273  
1.42058  0.516873  
0.680659  1.16592  
1.28624  0.56199  
1.10702  0.852039  
1.33274  0.520514  
0.965061  0.992302  
0.074947  2.68922  
17.1541  0.0491569  
9.4832  0.0770997  
5.69325  0.141837  
2.64123  0.159806  
2.08194  0.176559  
0.644956  1.23055  
0.0839169  2.10135  
1.29567  0.788654  
1.82696  0.209966  
0.0770896  2.41067  
1.68849  0.411382  
1.00691  1.07795  
0.56255  1.37152  
1.48372  0.539847  
0.223499  1.73502  
0.135735  1.8293  
