25.4872  -6.24256e-016  
23.6934  -5.8032e-016  
23.0186  -5.63792e-016  
0.273349  0.800657  
0.349384  0.625903  
24.1584  -5.91709e-016  
20.3992  -4.99637e-016  
1.06254  2.34223e-017  
0.535979  0.5287  
17.3558  -4.25094e-016  
8.85664  -2.16925e-016  
9.96013  -2.43953e-016  
21.4157  -5.24534e-016  
19.2389  -4.71218e-016  
1.07257  -2.10164e-017  
0.974808  0.0877763  
0.486909  0.560023  
9.58208  -2.34693e-016  
0.108471  0.915686  
13.2203  -3.23803e-016  
0.33626  0.767909  
1.21244  -2.3757e-017  
9.37486  -2.29618e-016  
0.157352  0.89399  
0.684515  0.361255  
0.450661  0.591179  
0.80772  0.288267  
17.7485  -4.34712e-016  
21.7804  -5.33467e-016  
19.2982  -4.72671e-016  
22.225  -5.44356e-016  
24.13  -5.91015e-016  
0.942918  0.0903567  
7.60723  -1.86323e-016  
15.2439  -3.73367e-016  
0.0119889  1.01274  
13.9591  -3.41899e-016  
3.75189  -7.35158e-017  
19.733  -4.83318e-016  
0.00160034  1.07118  
7.17865  -1.40661e-016  
7.1979  -1.41038e-016  
2.21864  -5.43411e-017  
20.6905  -5.06771e-016  
8.69176  -2.12887e-016  
2.11421  -4.14265e-017  
0.299558  0.790339  
12.8608  -3.14998e-016  
7.58465  -1.48616e-016  
4.90047  -1.20027e-016  
18.4058  -4.50813e-016  
7.94793  -1.94668e-016  
1.45588  -2.85269e-017  
16.1762  -3.96202e-016  
5.37289  -1.31598e-016  
0.000798915  1.07829  
7.52561  -1.47459e-016  
4.52083  -1.10728e-016  
13.8611  -3.395e-016  
10.243  -2.50882e-016  
0.526905  0.541975  
0.245061  0.806975  
15.6846  -3.84162e-016  
3.80201  -9.31223e-017  
11.9017  -2.91507e-016  
7.50741  -1.47103e-016  
7.39744  -1.44948e-016  
10.4473  -2.55885e-016  
0.845856  0.183193  
0.426721  0.61077  
15.8705  -3.88715e-016  
7.5598  -1.48129e-016  
10.6997  -2.62067e-016  
21.9122  -5.36695e-016  
0.177086  0.844005  
0.611714  0.384951  
7.12356  -1.39582e-016  
15.4699  -3.78904e-016  
1.02121  0.0373053  
1.52044  -3.724e-017  
11.4049  -2.7934e-016  
2.12617  -4.16609e-017  
0.690867  0.338317  
16.7464  -4.10167e-016  
0.102504  0.934274  
2.57517  -6.30734e-017  
2.90595  -7.11751e-017  
5.00297  -1.22537e-016  
7.52936  -1.47533e-016  
1.66986  -4.08998e-017  
0.130626  0.907636  
3.70508  -7.25986e-017  
7.52747  -1.47496e-016  
1.27713  -2.50246e-017  
0.422012  0.618395  
7.36007  -1.44216e-016  
6.83614  -1.3395e-016  
7.11099  -1.39335e-016  
1.06657  -2.08987e-017  
0.802594  0.310886  
