1.23871e-083  1.82344  
1.84882  0  
3.14304e-066  1.06381  
1.97997e-085  2.10523  
1.44822  0.000266101  
0.716101  0.436131  
0.953132  0.276457  
1.1981  0.00939635  
1.42146  0.000857891  
0.500498  0.591613  
0.395869  0.6938  
1.16711  0.275413  
4.78558e-088  4.18133  
0.00117093  1.03642  
0.13297  0.893627  
0.305507  0.84064  
1.38843e-085  2.61451  
3.0075e-064  1.05444  
0.129051  1.00244  
0  11.8079  
1.12759e-087  3.70922  
1.18459e-087  3.20613  
5.94921e-075  1.153  
0.000160302  1.05354  
8.11592e-088  4.29011  
1.91603e-087  3.59599  
5.00769e-088  4.57589  
6.80703e-075  1.23892  
3.12647e-067  1.19907  
0  12.6065  
0.530999  0.689868  
2.84948e-064  1.06522  
0.129967  1.00956  
0.1029  1.06353  
0.399991  0.745572  
0.506048  0.692776  
1.33836  0.0233237  
1.2085  0.189351  
2.63621e-085  2.11899  
1.61101  0.000972287  
1.71591  0.000843569  
1.55588  0.0025072  
0.538177  0.613432  
0.786121  0.510895  
0.171204  0.922579  
6.55056e-075  2.03325  
2.25812  0  
0.851315  0.446513  
2.11131  0.000512116  
2.17004  0.000474539  
1.20305e-087  4.18193  
1.58596e-086  3.23915  
7.72172e-066  1.08343  
2.13735e-075  2.39158  
2.23835e-086  3.29063  
3.50775e-086  3.26049  
9.14768e-066  1.17278  
1.03942e-086  3.73734  
9.63925e-088  4.57189  
9.21158  0  
1.68668e-065  1.14591  
7.05323e-084  3.24292  
6.49395e-088  5.96972  
6.04326e-087  3.95741  
9.91289e-075  1.64437  
3.5788e-066  1.21131  
0  12.8796  
0.000713757  1.07197  
0.131662  1.01751  
0.43423  0.993651  
0.151159  1.01587  
0.470449  0.938823  
0.542125  0.640817  
1.29951  0.230827  
1.7673  0.00217831  
1.43941  0.0466265  
1.72639  0.0116652  
1.33165e-077  2.8906  
0.00032761  1.07667  
2.53719  1.94385e-006  
10.8774  0  
0  13.537  
1.97366e-087  5.87633  
0.58739  0.805874  
5.13732  0.276351  
6.76789  0.00164161  
8.266  6.33293e-006  
5.48888  0.00258903  
8.22867  0.00149921  
5.57332e-087  4.76311  
2.42735e-075  2.61878  
2.24294e-086  3.32535  
0.119103  1.07294  
3.52102e-073  1.70415  
6.14279e-087  4.46457  
1.07333e-086  3.85929  
1.03006e-074  2.03134  
5.22704  0.262667  
6.17435e-087  4.04326  
3.58551e-066  1.21358  
