0.418372  0.0203243  
2.34586e-008  1.02192  
0.489626  0.0136287  
1.56375e-010  1.02662  
0.325011  0.528201  
0.335717  0.277294  
1.04986  6.16783e-030  
0.341342  0.229961  
0.296799  0.669047  
0.278469  0.80302  
1.03496  4.66433e-007  
0.51402  0.0121298  
0.300349  0.647886  
0.384308  0.0518141  
2.10117e-059  1.6193  
0.0497848  1.01771  
0.910174  0.00716942  
4.30237e-055  1.09713  
0.048216  1.02053  
0.355712  0.0840643  
0.174866  0.981156  
1.12418  1.01648e-059  
0.196665  0.953194  
0.248059  0.851261  
0.189375  0.958644  
0.567119  0.0118283  
5.54091e-011  1.06329  
1.22208  6.35456e-063  
0.313401  0.638706  
0.23139  0.883674  
1.28253  1.8192e-070  
0.141667  0.994254  
9.18298e-012  1.06666  
1.4848e-010  1.03787  
0.854366  0.00926202  
0.111764  0.997857  
1.05231  3.97327e-040  
2.49043e-055  1.10587  
0.412459  0.0225606  
0.68073  0.0100707  
0.852634  0.00928233  
0.593994  0.0109992  
0.487223  0.0149761  
2.13748e-055  1.17467  
1.12194  1.55843e-053  
0.768885  0.00941874  
0.33342  0.365439  
0.769054  0.00941579  
9.13359e-060  2.27126  
0.356862  0.0684224  
0.344317  0.149107  
0.717262  0.00962801  
0.983553  0.00689649  
1.03068  0.000121337  
0.880058  0.00744438  
0.270517  0.844363  
0.234737  0.880497  
2.37539e-056  1.53012  
0.358677  0.0531887  
0.272801  0.803289  
0.206166  0.920642  
1.26859  2.82885e-063  
1.58888e-055  1.18031  
2.39661e-055  1.13937  
0.402545  0.0326774  
1.00334  0.00529451  
2.98261e-060  3.12722  
0.280003  0.744181  
0.207536  0.899405  
2.6119e-056  1.25344  
0.448236  0.0174532  
2.56818e-056  1.37671  
0.483535  0.0167971  
1.20187e-059  3.08628  
2.3574  3.34383e-070  
1.3147  3.53346e-064  
1.31736e-059  2.43066  
3.00802e-058  1.90709  
4.87603e-058  1.6332  
3.43649e-059  2.25761  
3.39037e-056  1.45229  
0.115659  1.0088  
0.919784  0.00875391  
0.336304  0.32528  
0.330136  0.537894  
5.48031e-059  2.11847  
0.352025  0.18463  
0.228956  0.919737  
0.220721  0.925691  
1.37965e-054  1.10084  
0.28562  0.785815  
6.12807e-056  1.27209  
0.786453  0.00953351  
2.78858e-056  1.56426  
1.19453  6.39466e-046  
1.99174e-055  1.22872  
0.345111  0.303355  
0.30322  0.656548  
0.356911  0.102741  
1.06456  8.67839e-016  
