1.30346e-007  1.09573  
0.919197  0.046727  
0.122823  0.683902  
0.130198  0.649587  
0.00299628  0.946067  
0.0415709  0.8168  
0.0971461  0.690063  
0.318693  0.436082  
0.956526  0.0222989  
0.399734  0.368871  
0.389781  0.385846  
0.222605  0.533449  
0.353932  0.406559  
0.0547897  0.767763  
0.337828  0.42048  
0.99705  0.00503521  
0.0284932  0.837353  
0.467353  0.317697  
0.432695  0.342579  
0.559572  0.269479  
0.983446  0.0110446  
0.205552  0.547658  
0.62276  0.213457  
0.999461  0.00488373  
0.778016  0.1209  
0.0257665  0.847216  
0.0893906  0.703108  
0.511337  0.2896  
0.374902  0.394939  
0.978744  0.0141305  
0.518028  0.280784  
0.909215  0.0490471  
0.495522  0.297005  
0.0239629  0.872667  
0.898643  0.0584465  
0.976005  0.0149283  
0.0636237  0.760345  
0.582323  0.241681  
0.195006  0.572465  
0.976485  0.0147519  
0.301142  0.453642  
0.154172  0.617336  
0.20345  0.558586  
0.440105  0.338772  
0.234469  0.522248  
0.564188  0.25327  
0.138516  0.633212  
0.715037  0.164293  
0.94149  0.0333594  
0.0870648  0.718887  
0.0666854  0.743229  
0.365809  0.400348  
0.0474703  0.791887  
0.726183  0.149443  
0.141768  0.627366  
0.63747  0.20319  
0.802581  0.110359  
0.0466902  0.792236  
0.53718  0.271728  
0.00882058  0.944864  
0.847368  0.0814607  
0.187181  0.578005  
0.999928  0.00319916  
0.956275  0.024694  
0.178605  0.586064  
0.251369  0.499263  
0.570038  0.24564  
0.840838  0.0854329  
0.743588  0.14385  
0.87152  0.07309  
0.0146175  0.907228  
0.535447  0.275765  
0.0717997  0.735513  
0.489942  0.3056  
0.674133  0.179494  
0.699536  0.169153  
0.275914  0.478989  
0.0172164  0.876884  
0.884839  0.0614814  
0.919925  0.0418799  
0.984346  0.00962367  
0.301004  0.453975  
0.662539  0.190824  
0.283869  0.473225  
0.980169  0.0110798  
0.627889  0.208431  
0.811039  0.101461  
0.682348  0.17466  
0.230187  0.523325  
0.169675  0.590469  
0.949788  0.0287775  
0.970254  0.0199448  
0.96354  0.0203611  
0.999924  0.00839454  
1.74705e-005  5.59409  
0.0025657  2.3344  
0.422612  1.30804  
0.209238  2.3132  
0.444105  0.834517  
0.692771  0.594629  
