0.000286362  1.07346  
0.0615794  1.0031  
4.65963e-081  1.1134  
0.00156745  1.00331  
0.0949005  0.998664  
0.644429  0.586342  
0.666891  0.554802  
0.926339  0.145567  
0.628219  0.606296  
0.252853  0.938316  
0.890338  0.213148  
0.99214  0.0189161  
0.44902  0.79984  
0.46914  0.787441  
0.431743  0.814802  
0.696739  0.516002  
0.153446  0.979929  
4.74518e-084  1.15921  
0.196617  0.965562  
0.179211  0.978523  
0.0823874  1.00232  
0.656898  0.56774  
0.804632  0.362808  
0.562713  0.6901  
0.248212  0.948073  
0.896011  0.202655  
0.787797  0.387387  
0.51261  0.745426  
0.903331  0.190493  
0.616966  0.624796  
0.747291  0.445933  
0.365029  0.878223  
0.529013  0.727593  
0.960539  0.0829444  
0.680711  0.544597  
0.958513  0.0939612  
1.17132e-086  1.45376  
0.950877  0.103674  
0.833011  0.308821  
2.48947e-081  1.14083  
0.471471  0.779524  
0.504465  0.754019  
0.569572  0.678307  
0.374817  0.858114  
0.368308  0.868875  
0.000389085  1.05614  
0.324062  0.898781  
0.611996  0.633977  
6.77764e-085  1.17938  
0.296591  0.927823  
0.230044  0.963573  
6.20807e-089  1.56635  
3.61007e-090  1.68796  
1.43061e-088  1.64501  
8.82239e-089  1.68559  
0.565575  0.868474  
9.1355e-089  1.67005  
0.000442312  1.13493  
0.000836556  1.12559  
6.21929e-086  1.46857  
0.721416  0.671446  
1.58768e-084  1.2413  
9.13006e-085  1.29868  
0.0790341  1.08026  
4.13247e-084  1.22673  
0.770157  0.596635  
1.16666e-088  1.65902  
4.66978e-083  1.16877  
0.956118  0.246341  
0.977687  0.167043  
0.593103  0.688848  
0.848125  0.577512  
0.0920083  1.02001  
0.350878  0.901411  
0.539524  0.879886  
0.925826  0.469646  
0.946014  0.353043  
2.13806e-086  1.51058  
0.475438  1.02844  
1.23937e-088  1.69246  
2.74989e-005  1.48632  
0.661228  0.984025  
1.43061e-088  1.66533  
0.0590946  1.15792  
0.00156357  1.46006  
0.0281607  1.32378  
7.00663e-086  1.54112  
0.967891  0.500924  
3.19016e-085  1.52751  
2.36252e-085  1.53687  
0.994606  0.286572  
1.11821e-088  1.79572  
4.98792e-085  1.49242  
0.0322532  1.2509  
0.721416  0.680241  
0.103445  1.102  
0.867657  0.605259  
1.41825e-087  2.08078  
0.976896  0.614251  
0.481106  1.04864  
