2.89013e+036  4.48103e-037  
2.48778e+036  5.29819e-037  
1.30521e+036  9.78725e-037  
4.12048e+036  3.76855e-037  
1.12224e+036  1.37399e-036  
1.00065e+036  1.47869e-036  
4.15747e+035  3.07689e-036  
5.65055e+035  2.32292e-036  
8.75651e+035  1.55807e-036  
3.32608e+035  3.84181e-036  
7.55688e+035  1.84072e-036  
6.93626e+035  1.89105e-036  
6.24755e+035  2.31216e-036  
8.28123e+035  1.60333e-036  
1.99183e+035  6.45471e-036  
2.49976e+035  4.79988e-036  
1.07593e+035  9.71259e-036  
2.22038e+035  5.01567e-036  
8.27145e+034  1.30513e-035  
2.20494e+035  6.2531e-036  
4.71325e+034  2.24039e-035  
6.63789e+034  1.71673e-035  
3.40829e+034  3.14248e-035  
9.3613e+034  1.24889e-035  
5.65129e+034  1.99211e-035  
9.83514e+034  1.12185e-035  
6.10049e+034  1.97004e-035  
1.65091e+034  6.47707e-035  
2.78199e+034  3.76314e-035  
2.23638e+034  4.80212e-035  
9.76295e+034  1.22235e-035  
2.26886e+034  4.73227e-035  
2.60725e+034  4.50655e-035  
1.42594e+034  7.20033e-035  
2.6308e+034  3.91074e-035  
2.77453e+034  3.86774e-035  
1.00368e+034  1.04229e-034  
1.20591e+034  9.08738e-035  
8.51088e+033  1.21597e-034  
1.2783e+034  8.58856e-035  
1.3429e+034  8.21003e-035  
1.1044e+034  9.39349e-035  
6.7734e+033  1.65757e-034  
7.45866e+033  1.35602e-034  
1.13381e+034  9.33123e-035  
9.55234e+033  1.0689e-034  
6.00814e+033  1.75682e-034  
1.4085e+034  7.44422e-035  
4.64676e+033  2.28137e-034  
4.95459e+033  2.11906e-034  
7.28964e+033  1.39024e-034  
9.07179e+033  1.11184e-034  
5.43026e+033  1.9284e-034  
3.61349e+033  2.92087e-034  
4.14684e+033  2.50521e-034  
5.82212e+033  1.78947e-034  
8.8536e+033  1.211e-034  
5.5713e+033  1.81586e-034  
2.99008e+033  3.47403e-034  
3.29409e+033  3.09187e-034  
3.23212e+033  3.11558e-034  
3.8917e+033  2.6522e-034  
4.09281e+033  2.51333e-034  
2.6096e+034  4.2331e-035  
2.23402e+033  4.62634e-034  
8.92454e+033  1.16829e-034  
2.50532e+033  4.06773e-034  
2.02509e+033  5.34281e-034  
2.12832e+033  4.91044e-034  
2.84383e+033  3.55081e-034  
3.89625e+033  2.62816e-034  
2.78006e+033  3.83787e-034  
2.60573e+033  3.88568e-034  
1.62261e+033  6.33486e-034  
2.35469e+033  4.45809e-034  
1.46973e+033  7.25877e-034  
2.39108e+033  4.24157e-034  
1.77856e+033  5.72634e-034  
1.35664e+033  7.55727e-034  
1.16224e+033  9.17629e-034  
1.89853e+033  5.50105e-034  
1.71708e+033  5.86762e-034  
1.91888e+033  5.41999e-034  
8.40152e+032  1.24166e-033  
1.02234e+033  1.03412e-033  
2.60167e+033  4.04104e-034  
1.2498e+033  8.87154e-034  
1.32549e+033  8.0701e-034  
3.45088e+032  3.01178e-033  
1.50993e+033  6.88875e-034  
2.77856e+032  3.67274e-033  
1.10919e+033  9.7175e-034  
1.26211e+033  8.13833e-034  
2.2684e+032  4.74679e-033  
9.12751e+032  1.14685e-033  
6.51758e+032  1.56848e-033  
1.18953e+032  8.79943e-033  
1.55866e+033  6.47353e-034  
9.57459e+032  1.08066e-033  
3.05235e+032  3.44561e-033  
