0.178394  0.942992  
0.552015  0.652055  
0.74071  0.425252  
5.74046e-006  1.31647  
2.60932e-008  2.65421  
0.613974  0.566813  
0.835303  0.28266  
0.817493  0.31702  
0.696734  0.473667  
0.281147  0.925639  
4.46383e-010  3.25841  
0.968009  0.0989999  
0.133618  0.970993  
0.874811  0.236159  
0.768448  0.369322  
0.532164  0.662985  
1.42601e-014  5.7356  
0.000151159  1.04394  
0.864987  0.279675  
0.907698  0.214298  
0.244868  0.942793  
5.99732e-008  2.6121  
1.30099e-007  1.82575  
2.22412e-011  4.73549  
5.14842e-007  1.72667  
0.29496  0.921716  
0.669189  0.540571  
9.57027e-011  4.37277  
1.71982e-010  4.35735  
0.0652837  1.00569  
1.20756e-011  5.30915  
0.739165  0.456007  
1.09058e-011  5.54312  
1.04981e-011  5.57803  
1.42601e-014  6.12515  
1.3606e-012  5.80994  
6.31369e-011  4.80035  
1.58649e-009  3.47962  
0.222594  0.946196  
0.569893  0.656008  
0.0236388  1.56665  
1.5896e-007  2.70454  
1.03006e-006  2.02326  
5.42232e-008  3.24952  
2.42778e-007  2.44784  
2.48497e-010  4.7827  
0.201031  1.0887  
4.18849e-010  4.39928  
6.30691e-011  5.16359  
1.6178e-011  5.40634  
2.78527e-013  6.29385  
2.48142e-012  6.02243  
1.12208e-011  5.83756  
4.16082e-011  5.6486  
9.57027e-011  5.04279  
2.05482e-010  4.82338  
1.74614e-009  3.51666  
0.44114  0.96413  
0.620469  0.822895  
2.16373e-007  2.70954  
1.30099e-007  3.31178  
0.0722424  2.04059  
5.23601e-007  2.55114  
0.0262519  2.12336  
1.10943e-007  3.35315  
5.92164e-010  4.56212  
2.14155e-007  3.13909  
1.37039e-010  4.8801  
0.435275  1.98574  
1.79198e-014  6.42428  
1.28143e-012  6.33005  
6.04528e-013  6.33432  
3.24807e-014  6.63453  
3.25708e-013  6.43259  
5.70817e-012  6.02821  
3.21433e-014  6.78813  
1.38912e-011  5.97659  
4.79474e-012  6.27699  
1.70132e-011  5.85857  
5.89452e-011  5.79793  
4.52537e-011  5.79888  
6.60186e-011  5.71777  
1.046e-010  5.22603  
5.69838e-012  6.17097  
1.71982e-010  4.93511  
0.977887  0.952015  
1.95707e-009  3.72327  
0.753569  1.8221  
9.02419e-009  3.56816  
8.64804e-010  4.81344  
9.14763e-007  3.03626  
2.11123e-013  6.79208  
0.780441  3.46918  
2.95503e-009  4.26724  
0.389379  3.56785  
5.64031e-010  5.11174  
8.48096e-011  5.74297  
3.36238e-010  5.3882  
2.27691e-013  6.70485  
5.70452e-012  6.27299  
