0.000748115  4.59391  0  
2.82063e-016  4.60644  5.22456e-011  
1.12898e-016  1.84376  0.0613493  
1.54374  0  3.7994e-006  
7.45912e-013  6.39485e-059  3.94618  
6.90525  0  4.8744e-007  
3.54838  0  2.77364e-006  
2.93084  0  3.5175e-006  
2.55116e-016  4.16636  6.36735e-010  
0.00084491  2.95646  0  
2.99287e-012  1.30949e-058  2.63912  
2.00847e-016  3.10894e-021  3.28009  
2.08104e-016  2.76261e-021  3.3986  
1.39522e-016  2.27856  0.0608551  
1.50462e-016  2.45723  1.00349e-007  
1.72441e-016  2.81618  2.26864e-008  
0.00765661  1.89132  0  
0.193417  7.83161e-045  1.01903  
0.0515639  0.00119711  1.30024  
0.513097  0.690437  0.561999  
1.35313  4.29886e-008  0  
1.2133  0.507352  0.131192  
2.91323e-015  7.08978e-020  1.80325  
0.000732379  1.41106  0.0440199  
0.112219  0.000621709  1.3367  
1.09612e-011  2.15787e-057  2.18059  
1.50261e-016  7.8056e-019  2.45398  
8.05487e-011  5.01684e-055  1.47212  
0.708766  0.288812  0.718487  
0.00191269  1.21216  0.0245761  
0.000114436  1.163  0.477689  
8.71487e-016  1.72462  0.0174879  
0.910711  0.411709  0.36241  
2.28465e-015  1.8127e-016  1.9564  
1.51802  0  0.0415322  
0.775871  0.590526  0.244022  
0.951962  0.250605  0.288433  
0.378684  0.53137  1.01508  
0.612912  0.134785  0.907954  
6.61736e-013  2.09871e-017  1.69785  
0.733709  0.0537587  0.690628  
5.79029e-016  5.61604e-018  2.04413  
0.00608483  0.703122  0.912634  
0.365898  0.614535  0.708198  
1.17609  0.607909  0.167093  
3.6869e-015  2.77898e-015  1.56622  
0.613171  0.84603  0.206372  
0.989834  6.03344e-005  0.375335  
0.264324  0.94134  0.234398  
0.864759  0.435792  0.296595  
0.00469364  2.93105  0  
0.640641  0.0162683  0.849855  
0.0440289  0.556325  0.860876  
0.457082  0.909291  0.345325  
0.889248  0.906217  0.115526  
0.000745602  1.60485  0.00107117  
6.46449e-016  4.81268e-018  2.2821  
5.46394e-014  2.21208e-015  1.62799  
0.545874  0.773348  0.332422  
1.08276  0.60865  2.26768e-010  
0.704868  0.0696973  0.792606  
0.395978  1.13679  0.00197227  
1.32166e-015  1.81705  7.10604e-006  
0.0536406  0.677773  0.747026  
0.142393  0.973753  0.222731  
0.874757  0.44083  0.254156  
0.677215  0.0539701  0.806848  
6.55072e-016  6.005e-023  2.31248  
0.245477  0.940172  0.341234  
1.00162  0.625709  0.183997  
0.731756  0.0826937  0.691321  
0.605466  1.1065  0.0309526  
0.7379  0.745491  0.191542  
0.946852  0.126811  0.305252  
0.000789592  1.52129  0.0318947  
2.89901e-012  4.97671e-058  2.39152  
2.79997e-015  5.72344e-022  2.00931  
0.395817  1.17162  0.0928904  
0.00506082  1.59358  0.000170886  
1.03443  0.00558853  0.188557  
0.0623481  0.985377  0.223464  
0.575062  0.747113  0.354226  
0.949991  0.652997  0.00702494  
0.00017891  1.45516  0.277164  
0.00473667  1.07707  0.26859  
0.056211  1.03816  0.205348  
1.06061  0.0012815  0.196953  
0.906918  0.913623  0.0549796  
0.00289889  1.08175  0.144874  
0.00392016  1.49971  0.0162375  
0.575273  0.796297  0.226599  
6.7103e-012  4.28361e-059  2.40164  
0.196983  0.951407  0.341491  
0.576597  0.789221  0.245961  
0.647564  0.99511  0.00320138  
0.962968  0.127842  0.249177  
0.000179275  1.45813  0.0577847  
0.0169062  0.96751  0.316916  
0.663743  0.908502  0.133122  
0.0324436  0.958277  0.303723  
