8.70058e-007  3.9217  3.46893  
4.22067  -1.47212e-015  14.2437  
20.203  -3.43468e-016  3.32326  
0.719197  0.948408  0  
18.8547  -1.26859e-016  1.22744  
17.594  -3.44112e-016  3.32949  
0.113957  2.06423  0  
0.0563459  3.43581  0  
14.1285  -2.93608e-016  2.84083  
15.5872  -3.04866e-016  2.94976  
10.9595  -7.9246e-016  7.66752  
5.16088  -1.16195e-015  11.2426  
4.54282  -1.43042e-015  13.8402  
16.2913  -3.23159e-016  3.12676  
3.82735  -8.91187e-016  8.62277  
9.972  -6.33678e-016  6.13122  
7.43145  -5.55623e-016  5.37599  
11.5378  -3.53993e-016  3.42509  
3.23494  -1.32848e-015  12.8539  
1.33344  -1.2695e-015  12.2832  
0.390172  1.33077  0  
9.14201  -7.38214e-016  7.14266  
12.1413  -3.21077e-016  3.10661  
8.23178  -4.57052e-016  4.42225  
4.29637  -9.84328e-016  9.52396  
12.6321  -3.07212e-016  2.97246  
10.6064  -3.66083e-016  3.54207  
0.56623  0.356117  0.33635  
2.24274  -1.12177e-015  10.8538  
4.49725  -1.08614e-015  10.509  
13.1458  -2.24826e-016  2.17532  
6.35443  -6.48192e-016  6.27164  
9.4153  -5.87226e-016  5.68176  
13.7657  -3.22461e-016  3.12  
0.64445  0.670361  0.0089361  
8.90033  -8.00442e-016  7.74475  
3.52818  -6.90722e-016  6.68315  
15.8435  -3.19163e-016  3.08809  
1.00636  0.324129  0.523427  
7.11802  -4.59759e-016  4.44844  
9.62058  -3.99795e-016  3.86826  
0.66409  0.199687  0.761979  
4.03661  -8.494e-016  8.21845  
0.185976  1.17504  0.00828282  
3.42561  -1.00983e-015  9.77068  
0.993967  0.00848083  1.03051  
6.00471  -6.05434e-016  5.85794  
16.1892  -2.52763e-016  2.44563  
4.23122  -1.04111e-015  10.0734  
2.63252  -1.28453e-015  12.4285  
8.49001  -5.74772e-016  5.56126  
1.75106  -1.30742e-015  12.6501  
13.3919  -3.13713e-016  3.03536  
8.68846  -4.81242e-016  4.65631  
6.81653  -5.29011e-016  5.11849  
1.77606  -2.57522e-016  2.49168  
3.99363  -7.23427e-016  6.99959  
3.04354  -1.03988e-015  10.0615  
0.515051  0.94161  0.00306171  
3.69941  -7.08555e-016  6.8557  
2.04019  -2.4971e-016  2.4161  
13.3868  -2.69042e-016  2.60314  
1.19174  0.0077289  0.939146  
2.01565  -8.32825e-016  8.05808  
3.90611  -8.18044e-016  7.91506  
0.717224  0.745351  0.00525397  
0.957363  -1.29358e-016  1.25162  
2.5771  -3.7564e-016  3.63454  
6.12543  -5.01712e-016  4.85436  
1.15107  -1.54638e-016  1.49622  
5.6447  -3.5719e-016  3.45603  
4.06919  -9.93281e-016  9.61059  
4.82582  -3.77739e-016  3.65485  
2.39441  -3.47047e-016  3.35789  
1.98524  -2.89732e-016  2.80333  
6.55123  -5.08424e-016  4.91931  
6.71302  -5.2098e-016  5.04079  
3.72415  -2.17992e-016  2.1092  
5.72646  -4.45573e-016  4.31119  
5.81725  -4.63584e-016  4.48545  
5.48196  -5.27363e-016  5.10255  
5.07613  -4.84074e-016  4.68371  
1.36013  -1.7723e-016  1.7148  
1.58707  -2.00631e-016  1.94123  
5.45455  -5.36506e-016  5.19102  
2.68151  -3.701e-016  3.58094  
0.634458  1.20257  0  
1.23131  0.000756468  0.762359  
5.9305  -2.34047e-016  2.26454  
4.1597  -3.32637e-016  3.21847  
4.68119  -4.6761e-016  4.5244  
1.24257  -1.72166e-016  1.66581  
3.45716  -2.69218e-016  2.60485  
8.53093  -4.75379e-016  4.59957  
3.80516  -2.97099e-016  2.87461  
4.92622  -4.76038e-016  4.60596  
1.06145  -1.44807e-016  1.40109  
3.12286  -2.81214e-016  2.72091  
5.46874  -5.40966e-016  5.23417  
3.66948  -4.31581e-016  4.17581  
