0.430001  0.638484  
0.92378  0.0774301  
0.119568  0.967322  
0.591688  0.416678  
0  1.07399  
1.00468  1.75411e-007  
0.998037  0.00619606  
0.321375  0.70072  
0.473714  0.532046  
0.71113  0.297744  
0.925936  0.0763242  
0.073724  0.982622  
0.968812  0.0346012  
1.00357  3.35084e-005  
0.953955  0.0570515  
1.00419  3.94741e-006  
0.812981  0.20776  
0.213636  0.890397  
0.955475  0.0553187  
0.937867  0.0715876  
0.922567  0.0817243  
0.813152  0.204479  
0.507766  0.515521  
0.942298  0.0630612  
0.940275  0.0653812  
0.977699  0.033791  
0.461349  0.588661  
0.933664  0.0720578  
1.01083  1.27253e-009  
0.779959  0.235015  
0.214455  0.8196  
0.740995  0.26865  
0.576107  0.467681  
0.334221  0.690266  
0.0916932  0.977344  
0.230681  0.791904  
1.0224  1.28744e-010  
0.946727  0.0577366  
0.912736  0.0927364  
0.918124  0.0887616  
0.7915  0.222219  
0.943793  0.0615772  
0.766641  0.253817  
0.659785  0.361712  
0.940078  0.0709008  
0.654134  0.364041  
0.98705  0.0228342  
0.44973  0.623877  
0.601587  0.415011  
0.0774094  0.980919  
1.4666  3.72276e-011  
0.660219  0.352484  
2.85908  0  
0.337695  0.678571  
0.234238  0.778746  
0.3933  0.676095  
3.03928e-005  1.05458  
0.647327  0.384204  
0.906971  0.167038  
2.10573e-005  1.06161  
0.10275  0.968435  
0.0478804  1.08222  
0.084776  1.05386  
28.4014  0  
0.342999  0.693013  
0.214963  0.82154  
0.479872  0.57378  
0.342238  0.726338  
3.28039  5.02992e-012  
0  1.14322  
0.463869  0.643492  
1.4303  3.24425e-010  
1.51614  1.85142e-010  
0.744339  0.287273  
0.735309  0.306808  
4.7724  1.22871e-012  
0.785543  0.253383  
0.792574  0.238816  
0.912998  0.0940026  
0.464589  0.595503  
0.4937  0.554493  
0.93818  0.0716115  
1.00047  0.0102604  
0.955272  0.0582674  
0.476953  0.576642  
0.895025  0.205026  
0.0877267  0.985616  
8.54103  2.79258e-012  
0  7.69208  
0.0903  1.01453  
4.05939  1.30172e-009  
1.46539  0.219377  
2.85799  0.0177431  
0.950125  0.56287  
2.18385  0.110245  
0.697233  0.656835  
0.620397  0.860631  
2.57853  0.0687085  
2.37729  0.0827248  
0.344682  0.868125  
