40.2542  2.29057e-016  
0.938723  0.535344  
1.01553  0.000524471  
0  2.15503  
0.12413  1.01565  
20.1883  6.36005e-009  
22.406  2.04996e-013  
31.0583  1.33636e-014  
40.4936  2.08163e-043  
34.6225  5.52276e-016  
35.6303  7.38072e-015  
41.0339  2.10941e-043  
1.02583  0.00052979  
0.968328  0.806432  
22.8098  2.4632e-013  
20.9161  6.65465e-009  
0  2.96738  
35.5239  1.5778e-014  
39.5801  9.64149e-016  
40.7653  6.92844e-015  
41.3165  1.25923e-039  
35.6295  2.9093e-014  
32.6501  1.08645e-012  
0.969382  0.814916  
1.1417  0.000589628  
29.0513  3.4833e-011  
0  16.4456  
1.31658e-009  15.6198  
6.83358e-011  16.3635  
41.4237  2.12945e-043  
0  23.7574  
42.6833  2.1942e-043  
41.3168  1.2008e-015  
40.8395  2.33859e-014  
2.52996e-024  20.2959  
41.4859  1.92703e-016  
34.0705  5.27314e-012  
2.07579  0.00107204  
1.40304  0.611308  
1.19661  0.952089  
1.06937  3.77018  
30.2858  6.68885e-011  
29.9021  8.51356e-010  
2.12653e-013  18.3166  
3.77902e-010  17.3827  
3.58379e-018  18.6661  
41.3999  2.63262e-016  
2.43742e-006  16.4848  
3.81007e-018  19.733  
42.6866  2.19437e-043  
41.5744  2.70916e-016  
0  23.9665  
2.81034e-012  18.8741  
1.93193e-023  22.6425  
1.12564  14.7049  
1.46093  1.18668  
1.42263  1.62994  
2.59037  0.0306726  
30.5014  8.65648e-010  
7.81393e-011  18.711  
42.8638  3.10466e-018  
1.50007e-017  21.3956  
1.56895  1.59836  
2.26723e-017  20.3314  
1.10948e-021  22.7023  
42.4053  4.91445e-013  
42.1243  3.26052e-012  
0  26.2127  
1.01105e-008  19.4046  
1.19429  15.6019  
19.648  1.44387  
32.5925  2.60466e-009  
36.9745  1.20833e-009  
43.5464  2.23857e-043  
43.5485  2.23868e-043  
1.73675  1.73639  
0  38.2364  
13.1834  1.65001  
32.9746  1.51542  
40.3618  0.00379042  
36.3773  1.04546  
5.88032e-021  22.8554  
24.5342  2.08542  
42.6069  0.181652  
43.3525  0.0395487  
43.5534  2.23893e-043  
1.99459  13.1389  
2.30386  2.30386  
5.04203e-020  30.7516  
3.37699e-017  28.6026  
4.21142e-014  23.5286  
4.77083e-029  39.8448  
22.3224  2.15294  
0  44.2884  
31.9501  1.94012  
24.6941  2.03732  
40.5669  1.86435  
4.85226e-020  35.1356  
43.6482  2.2438e-043  
0  51.4436  
