3.2815  0.00851728  
5.22114  2.65579e-006  
0.0740925  0.581826  
4.99988  0.00012349  
4.29621  0.00292396  
3.39725  0.00837385  
3.63521  0.00725328  
1.08427  0.0769368  
6.16624  7.1206e-012  
4.31569  0.0024064  
0.154686  0.28024  
0.0577203  0.641333  
1.5233  0.0645775  
2.6754  0.025033  
5.6435  2.37462e-006  
5.7009  5.65266e-010  
2.97919  0.0192567  
0.0132922  0.968951  
0.0100238  0.993953  
0.0477653  0.661445  
2.09363  0.0435199  
0.00151972  1.05711  
6.65496e-008  4.01159  
0.129776  0.413915  
0.0861835  0.466578  
0.000765099  1.25441  
1.20879e-005  3.5824  
9.01649e-007  4.83961  
4.31816  0.00452298  
0.301716  0.29782  
6.21088  2.70896e-011  
0.0452963  1.00486  
2.59156  0.135958  
3.01657  0.119804  
4.27805  0.0628492  
0.250981  0.449401  
0.000504216  4.37883  
0.00200834  3.72247  
0.00153384  3.87571  
0.00334826  3.55107  
0.000590921  4.34688  
0.000608807  4.07704  
0.00629343  2.47998  
0.0441593  1.45767  
0.0132421  1.92227  
2.70694  0.38001  
9.08183e-006  5.77974  
3.12209  0.321754  
1.9455e-006  6.34948  
5.33752  0.0437598  
4.83429  0.0484671  
3.8573  0.24664  
2.37013e-005  4.92884  
1.38328  0.389232  
1.34356  0.418037  
3.18215  0.251433  
0.536778  0.61446  
1.32323  0.566837  
3.094  0.351528  
0.282129  1.24384  
0.185368  1.40123  
0.00376877  3.99705  
0.000734049  4.655  
0.115838  2.61321  
0.00841304  2.94197  
0.160867  2.33364  
0.00184037  4.64562  
0.21867  2.58736  
0.000551552  6.4958  
0.0718171  3.2602  
0.276321  2.44886  
0.116817  3.17115  
0.00268872  5.19159  
0.0010609  5.46793  
0.0716842  3.64732  
0.00573083  5.18393  
2.39721  0.411914  
3.27414  0.335536  
5.01429  0.16797  
1.51784  0.505289  
0.731313  0.752603  
3.31354  0.296478  
1.90653  0.491869  
0.527524  1.60346  
0.361624  1.88414  
0.634798  1.4406  
0.671554  1.30698  
0.0192409  4.46775  
0.000215757  6.69949  
0.00931411  4.85341  
0.0302899  4.07701  
0.000240274  7.40428  
4.90636  0.309146  
0.00163142  5.50496  
0.535714  1.63992  
0.763151  1.00104  
2.67965  0.465803  
0.469419  2.70555  
0.0265237  4.92973  
3.86896  0.313897  
