0.253429  0.497804  
0.705218  0.160794  
0.211963  0.545129  
0.342887  0.415765  
0.203198  0.557191  
0.00206905  0.965615  
0.798924  0.106486  
0.618391  0.216144  
0.466722  0.345345  
0.0768343  0.725336  
0.0361608  0.857101  
0.512691  0.292578  
0.916655  0.0802811  
0.473708  0.339655  
0.331054  0.425146  
0.278241  0.473499  
0.417661  0.356939  
0.649682  0.197613  
0.789532  0.11923  
0.2315  0.528057  
0.00299628  0.946067  
0.944304  0.0336103  
0.168857  0.590559  
0.0384033  0.809498  
0.832103  0.0882758  
0.307086  0.457019  
0.690859  0.177731  
0.828164  0.0958859  
0.318693  0.436082  
0.846341  0.0853058  
0.542884  0.269203  
0.0586398  0.796507  
0.121033  0.669916  
1.39771e-007  2.64237  
0.92703  0.0785955  
0.99983  0.027633  
0.999156  0.0299222  
0.781403  0.156534  
7.83757e-007  1.06417  
0.997387  0.0323767  
3.42664e-007  2.60431  
0.493507  0.312166  
0.488177  0.312472  
0.347801  0.616012  
8.26711e-006  2.64014  
0.393696  0.608496  
2.36515e-006  2.83525  
0.470519  0.3461  
0.782433  0.189688  
4.23686e-006  2.82174  
0.21728  0.628252  
0.433245  0.386215  
1.72319e-005  2.61031  
0.737767  0.224543  
0.915964  0.09083  
0.879016  0.143824  
0.904423  0.103374  
0.103469  0.725488  
0.664748  0.236504  
0.575731  0.270893  
0.881515  0.11691  
0.93123  0.0908073  
0.455177  0.360685  
0.999232  0.0329176  
0.000266182  1.77348  
0.986472  0.0769528  
0.428914  0.458748  
0.995011  0.0524222  
0.00534391  1.45144  
0.852206  0.160514  
0.0029041  1.55398  
0.212296  0.676097  
0.0253802  1.04401  
1.02871e-005  2.79269  
0.999878  0.0337102  
0.00238389  1.84684  
0.240846  0.935401  
0.0581618  1.30277  
0.00723669  1.75833  
0.253711  0.712091  
0.0104615  1.48913  
0.851393  0.194089  
0.0725781  1.14587  
0.0122694  1.46283  
0.498529  0.359947  
0.898482  0.129514  
0.598625  0.291194  
0.972169  0.110775  
0.4313  0.546225  
0.150628  1.00469  
0.625963  0.288813  
0.738863  0.241617  
0.725041  0.242654  
0.378335  0.622604  
0.32967  0.692263  
0.432292  0.489081  
0.0907123  1.08105  
0.4401  0.430636  
0.106977  1.05985  
0.345095  0.67194  
