6.67226e-009  7.21807  
0.999464  0.00632553  
1.13994e-007  4.11658  
2.024e-007  4.01108  
0.00022117  1.08319  
0.00118052  0.982226  
0.118103  0.692169  
0.0431792  0.820245  
0.12973  0.645479  
0.393457  0.377608  
0.00491255  0.937569  
0.181532  0.582246  
0.0483464  0.788549  
0.369672  0.397118  
0.010651  0.911922  
0.801094  0.106746  
0.910765  0.0460648  
0.199925  0.558198  
0.894823  0.0575135  
0.0347153  0.846737  
0.0172838  0.881595  
0.318664  0.442244  
0.597441  0.230648  
0.60902  0.223919  
0.553786  0.262456  
0.0688674  0.77035  
0.971561  0.0167684  
0.425937  0.349886  
0.527781  0.279791  
0.217186  0.541471  
0.583516  0.245548  
0.410101  0.366109  
0.0951911  0.717339  
0.0592964  0.779112  
0.336417  0.427024  
0.991777  0.00717327  
0.0693914  0.744177  
0.299362  0.463439  
0.514153  0.289867  
0.67467  0.180646  
0.17168  0.59133  
0.569284  0.250147  
0.501052  0.30527  
0.206573  0.557094  
0.745161  0.140164  
0.0234221  0.876702  
0.961128  0.0204345  
0.282806  0.478677  
0.467933  0.324349  
0.784042  0.11505  
0.625052  0.212261  
0.820821  0.100453  
0.00755924  0.925943  
0.0734404  0.736917  
0.269333  0.48834  
0.450264  0.334796  
0.929757  0.0415275  
0.686607  0.174409  
0.783125  0.12159  
0.757754  0.135633  
0.878864  0.063786  
0.837264  0.0893558  
0.141343  0.635396  
0.510864  0.299619  
0.406063  0.370392  
0.825444  0.0984925  
0.766004  0.126231  
0.354447  0.412143  
0.344335  0.421867  
0.48675  0.309822  
0.702475  0.16635  
0.258385  0.500784  
0.0254894  0.85596  
0.0968486  0.696638  
0.865833  0.0735673  
0.252464  0.515191  
0.719789  0.153903  
0.0983628  0.693859  
0.310073  0.451734  
0.539124  0.271918  
0.235532  0.521532  
0.654984  0.195411  
0.84326  0.0834952  
0.482037  0.313241  
0.948138  0.0268989  
0.43354  0.346074  
0.0839967  0.727696  
0.539654  0.266227  
0.150756  0.628558  
0.693821  0.170258  
0.224592  0.529779  
0.264612  0.491314  
0.240362  0.520171  
0.443734  0.342877  
0.877108  0.0686295  
0.362529  0.4039  
0.158575  0.620905  
0.858869  0.0782977  
0.160362  0.608045  
0.663713  0.187665  
