0.883988  0.212845  
0.932054  0.121006  
0.859674  0.236557  
0.654401  0.513785  
0.890695  0.177547  
0.622248  0.547783  
0.640557  0.52517  
0.172651  0.948929  
0.00416234  1.41119  
0.0449426  1.40299  
0.0486733  1.13995  
0.000303496  2.06296  
0  2.19618  
0.259992  1.01171  
0.000639225  2.08863  
0.0111837  2.0737  
0.902138  0.745209  
0  4.72365  
0.424721  1.14431  
0.166198  3.58108  
0.2089  3.51932  
0.136125  3.64235  
0.259992  3.49983  
0.0158451  4.59512  
0.0237147  4.49846  
0  5.35107  
0.916383  2.06084  
0.967132  2.01352  
0.487522  2.464  
0.531589  2.44818  
0.0205106  5.18568  
0.300075  4.13774  
0.245217  4.17114  
0.136643  4.35815  
0.21276  4.18587  
0.157466  4.32742  
0.0161648  5.27726  
0.112662  4.52138  
0  5.7882  
0.0146722  5.66713  
0.986829  2.69986  
0.231735  4.21836  
0.553318  4.18997  
0.136643  5.13822  
0.654233  4.04943  
0.670684  3.96703  
0.203364  4.98751  
0  6.29179  
0.00262141  6.23317  
0.0195914  5.85019  
0.857102  3.71853  
0.753034  3.92819  
0.0269711  5.56879  
0.0399506  5.41643  
0.782756  3.85234  
0.823557  3.74903  
0.00435961  6.12389  
0.101746  5.2891  
0.00544009  5.96249  
0.417876  4.76145  
0.0118768  6.04135  
0.00600457  6.12228  
0.0146722  5.98966  
0.228736  5.01639  
0.846555  4.05081  
0.935425  3.93926  
0.0544599  5.82435  
0.832763  4.08803  
0.516016  4.41668  
0.384395  4.77507  
0.423861  4.67674  
0.900541  4.01701  
0.515338  4.55116  
0.2856  4.87671  
0.343281  4.87352  
0.181156  5.23135  
0.721606  4.12094  
0.150112  5.24465  
0.645827  4.21253  
0.520709  4.39665  
0.612569  4.35818  
0.224044  5.21602  
0.622554  4.27467  
0.418336  4.74611  
0  6.31537  
0.993354  3.85011  
0.072716  5.53989  
0.0243146  5.8607  
0.148158  5.50229  
0.497277  4.64734  
0  6.57397  
0.992682  4.00509  
0.0953571  5.54726  
0.733953  4.18015  
0.571097  4.51461  
0.425802  4.68388  
0.2856  4.92393  
0.0781675  5.99285  
0.155981  5.32622  
0.240249  5.24529  
