17.8747  -4.37804e-016  
1.34823e-019  7.51296  
11.6917  -2.86364e-016  
1.08441e-017  3.01482  
2.26534e-019  7.04683  
3.4651  -8.48704e-017  
8.20263  -2.00906e-016  
10.6893  -2.61813e-016  
9.31878  -2.28244e-016  
3.3557e-016  1.43625  
6.78858  -1.66272e-016  
4.80488  -1.17686e-016  
9.89949  -2.42468e-016  
2.13869  -5.23828e-017  
5.78209  -1.4162e-016  
1.26778  2.79466e-017  
1.71369  -4.19733e-017  
6.19841  -1.51817e-016  
4.94871  -1.21208e-016  
6.51446  -1.59558e-016  
5.3627  -1.31348e-016  
6.03571  -1.47832e-016  
8.63996e-016  1.37625  
0.000167333  1.01566  
5.28165  -1.29363e-016  
1.98147  -4.85321e-017  
6.66546  -1.63257e-016  
1.80317  -4.41649e-017  
1.1016  4.33924e-009  
2.13148  -5.22062e-017  
0.742475  0.309582  
0.752666  0.215273  
0.916575  0.0560912  
0.50587  0.489604  
0.952919  0.0153379  
0.500911  0.519836  
1.74725  -4.27954e-017  
0.0187043  0.995308  
1.03291  1.1195e-008  
0.536862  0.453756  
0.312465  0.693332  
0.905198  0.102795  
0.474602  0.552017  
0.0646191  0.984603  
0.936967  0.0296051  
0.311098  0.740299  
1.08994  6.4069e-009  
0.829248  0.160601  
0.350329  0.633963  
1.00885  0.00780015  
0.174586  0.802364  
0.370728  0.600098  
0.798439  0.194476  
0.809263  0.164201  
0.845854  0.132803  
0.646977  0.34237  
5.31859  -1.30268e-016  
6.4562e-016  1.38764  
0.552422  0.418892  
0.855502  0.122695  
0.124126  0.850799  
0.391628  0.582076  
0.6668  0.334066  
0.15861  0.81362  
0.623905  0.352356  
0.321472  0.667826  
0.25926  0.774919  
0.290277  0.744887  
0.537569  0.437234  
0.589467  0.387102  
0.790039  0.209771  
0.594405  0.367356  
0.098408  0.925846  
0.884252  0.114663  
0.433375  0.560753  
0.111928  0.907344  
0.207017  0.794575  
0.418552  0.572165  
0.569807  0.40989  
0.139141  0.822543  
0.616281  0.366291  
0.27869  0.761923  
5.34273  -1.30859e-016  
0.690354  0.330078  
0.0965828  0.959851  
0.233083  0.786232  
0.138418  0.838005  
0.767399  0.211542  
0.581937  0.403812  
0.11547  0.880486  
0.00017479  1.0059  
0.731945  0.321745  
0.116262  0.872113  
0.338958  0.66538  
0.699358  0.322713  
0.716241  0.322126  
0.893225  0.113746  
0.274563  0.773399  
1.00988  0.00470474  
0.0893314  0.960534  
