5.37941e-020  1.00401  
3.0152  2.25355e-047  
2.43683  8.60643e-012  
1.14409  4.16476e-009  
1.02568  5.54947e-008  
0.318182  0.458799  
0.775867  0.00926227  
0.584243  0.00988074  
0.881582  0.0070176  
0.32299  0.423738  
0.703972  0.00928203  
0.298835  0.635166  
0.303045  0.592756  
0.309341  0.54004  
0.465141  0.013236  
0.839781  0.00792554  
0.30474  0.570303  
0.316439  0.509014  
0.636155  0.00982297  
0.670196  0.00952807  
0.817508  0.00847733  
0.494928  0.0116215  
0.340893  0.0790509  
0.327819  0.352892  
0.246956  0.813753  
0.108471  0.97789  
0.43349  0.0165258  
0.277622  0.714528  
0.555205  0.0102461  
0.338133  0.121728  
0.262181  0.765928  
0.333948  0.178382  
0.235433  0.835972  
0.918221  0.00605586  
0.94176  0.00383328  
0.290697  0.651873  
0.33161  0.290511  
0.332593  0.216461  
0.328559  0.340849  
0.23163  0.845511  
0.220032  0.863782  
0.517647  0.0113976  
0.33225  0.254401  
0.785283  0.00903094  
0.969422  0.00290157  
0.329192  0.310079  
0.268517  0.74153  
0.127481  0.969079  
0.072326  0.99025  
0.280244  0.695039  
0.333932  0.20498  
0.326882  0.389165  
0.405262  0.0221007  
0.536805  0.010564  
0.324725  0.389178  
0.332315  0.248431  
0.312652  0.511812  
0.259817  0.780739  
0.0933876  0.984449  
0.0481654  0.994181  
0.286442  0.668547  
0.272089  0.73508  
0.642404  0.00978315  
1.00317  0.000237316  
0.699787  0.00933922  
0.365551  0.045718  
0.42037  0.016981  
0.388091  0.0234902  
0.201909  0.897229  
0.283843  0.681147  
0.335073  0.158833  
0.19037  0.924558  
0.377161  0.0276338  
0.258066  0.799153  
0.210636  0.890447  
0.36759  0.0330517  
0.199202  0.911974  
0.133198  0.962644  
0.33606  0.139533  
0.0806755  0.986963  
0.925085  0.0044522  
0.250858  0.80179  
0.18059  0.933633  
0.151516  0.952415  
0.98122  0.00106689  
0.357436  0.0568545  
0.991866  0.00036941  
0.147495  0.961952  
0.193888  0.916795  
0.0152024  0.998531  
0.166733  0.949537  
0.00499808  0.999474  
0.213862  0.879219  
0.335404  0.148623  
0.336176  0.122386  
0.0247235  0.997805  
0.350128  0.0662377  
0.032791  0.996458  
0.0411658  0.995668  
0.174157  0.937675  
