1.0677  0.000126895  3.9616  
1.0845  0.0521663  1.55585e-006  
4.35651e-006  1.65809  0.435631  
0.00032814  0.0018974  1.24063  
0.0088676  1.22622  0.054889  
1.03774  0.256783  0.120296  
1.01031  0.306445  0.0141568  
0.0555134  0.00207336  1.0925  
0.145367  1.16009  0.0956071  
0.345043  1.1364  0.0259603  
0.608537  0.403514  0.780306  
1.19864  0.0183305  0.138653  
0.57204  0.506052  0.716501  
0.0224867  1.068  0.139491  
0.403357  1.08679  0.00810572  
0.730764  0.714742  0.316827  
0.330019  0.597573  0.779265  
0.647718  0.149289  0.753739  
0.71018  0.749857  0.398806  
1.16827  0.0487841  0.126886  
0.248044  0.538228  0.818697  
0.769602  0.0427888  0.679783  
0.00040625  0.978494  0.257868  
0.788212  0.452624  0.464487  
0.754307  0.779147  0.190725  
0.957249  0.159455  0.35161  
0.309735  0.382541  0.891934  
0.761362  0.923499  0.121423  
0.686606  0.594847  0.600156  
0.792305  0.684703  0.382536  
0.37547  0.732648  0.647707  
0.00261178  0.627299  0.79771  
0.202905  0.696812  0.737737  
1.14943  0.0344073  0.303473  
0.752377  0.912273  0.122455  
0.693779  0.851424  0.154615  
0.00110897  1.02387  0.213964  
0.681496  0.00134165  1.04524  
0.799383  0.402266  0.557858  
1.04189  0.0791212  0.53068  
0.261067  0.0476382  1.0018  
0.1043  0.862788  0.53687  
0.18712  0.276463  0.962764  
0.542311  0.274099  0.836674  
0.863993  0.432831  0.323513  
0.764874  0.934261  0.099335  
0.417432  0.778861  0.626009  
1.06774  0.0544615  0.485597  
1.04687  0.0874545  0.513316  
0.0884134  0.893992  0.495319  
0.76301  0.917966  0.117082  
0.443334  0.917444  0.179876  
0.577207  0.682112  0.520428  
0.341162  0.521239  0.793334  
0.765911  0.693333  0.0726854  
0.664009  0.768059  0.289413  
0.370086  0.0522128  0.944126  
1.16647  0.0188898  0.17494  
0.169615  0.0123974  1.01294  
1.18721  0.0233254  0.0992308  
0.135735  0.936528  0.340461  
0.942478  0.324601  0.157177  
0.17869  0.765029  0.666968  
0.00716277  0.140283  1.03566  
0.427496  1.0127  0.161117  
0.491485  0.0728577  0.873367  
0.427724  0.957523  0.0392627  
0.00174378  0.995552  0.169537  
0.0513432  0.191559  0.992105  
0.131111  0.808435  0.588311  
0.124885  0.206709  0.977796  
0.929346  0.568814  0.0302576  
0.300937  1.0242  0.0274698  
0.549697  0.866426  0.170391  
0.818909  0.557527  0.323409  
0.117663  1.1614  0.0957145  
1.38181  0.24269  0.0458286  
1.38427  0.0940007  0.209232  
0.0950269  0.97388  0.619982  
1.17032  0.0368438  0.216457  
0.11069  0.181268  1.33417  
0.116805  1.37652  0.139446  
0.620928  1.11578  0.439579  
1.3273  0.369624  0.110782  
0.716444  1.07899  0.30023  
0.821143  0.42228  0.963226  
0.606248  0.789883  0.938772  
0.214919  1.20254  0.507956  
0.286743  0.330008  1.29187  
1.07619  0.141516  0.833227  
0.825927  1.04499  0.343144  
0.993293  0.149396  0.885677  
0.638864  0.335326  1.11133  
1.30526  0.476361  0.0777575  
0.67356  0.891603  0.71352  
0.256959  1.18983  0.549403  
0.914895  0.709582  0.638098  
1.16382  0.678211  0.134012  
0.349507  0.526003  1.15138  
0.47852  0.208899  1.22573  
