0.213566  0.962092  
0.753258  0.487395  
0.474186  0.797964  
0.766433  0.471302  
0.284389  0.923867  
0.193353  0.972551  
0.383922  0.859832  
0.898529  0.235699  
0.7004  0.565755  
0.577365  0.688652  
8.014e-020  1.16281  
3.9291e-019  1.01803  
0.140772  0.986911  
0.0991905  0.994863  
0.432541  0.82776  
0.475123  0.780301  
0.420768  0.831497  
0.369546  0.8757  
0.425743  0.830324  
0.273688  0.926616  
0.580002  0.671683  
0.638275  0.607563  
0.190448  0.976574  
0.227535  0.958102  
0.703063  0.536729  
0.562868  0.690927  
0.0623578  1.00005  
0.542369  0.725516  
0.888962  0.295538  
0.80848  0.370002  
0.176841  0.980004  
0.25138  0.947343  
0.628858  0.63988  
0.87846  0.317988  
0.199144  0.967821  
0.494498  0.764579  
0.44501  0.824377  
0.694005  0.568625  
0.131051  0.992882  
0.451106  0.808006  
0.652189  0.591583  
0.282137  0.925605  
0.543874  0.704917  
0.108005  0.994639  
0.393375  0.849884  
0.0348734  1.00616  
0.767513  0.435408  
0.528872  0.736884  
0.671368  0.57573  
0.962415  0.135426  
0.297033  0.920432  
0.0267821  1.00835  
0.133683  0.992512  
0.516044  0.748447  
0.936975  0.172357  
0.730452  0.491979  
2.37339e-017  1.00877  
8.69547e-020  1.02127  
0.351096  0.887075  
0.713119  0.511855  
0.470406  0.800126  
0.241078  0.947403  
0.291148  0.923685  
0.833015  0.341521  
0.826182  0.344416  
0.314935  0.905856  
0.481992  0.779922  
0.462403  0.80592  
0.5958  0.652623  
0.405127  0.844518  
0.308405  0.91148  
0.496487  0.761071  
0.348047  0.892425  
0.156644  0.981447  
0.759733  0.482528  
0.754929  0.48732  
2.08972e-019  1.1187  
0.997312  0.159544  
0.779695  0.436702  
0.652189  0.59266  
0.888962  0.315739  
0.763274  0.494137  
0.703162  0.539343  
0.937654  0.220702  
0.80848  0.371583  
0.964842  0.162179  
0.83714  0.350494  
0.900627  0.256072  
3.9291e-019  1.02032  
0.543874  0.705732  
0.713686  0.515412  
0.634056  0.657736  
0.068223  1.00445  
0.113476  0.99532  
0.585869  0.683873  
0.470543  0.815022  
0.649651  0.647837  
0.27373  0.933468  
0.242582  0.95009  
0.921365  0.240783  
