0.345773  0.712196  
0.276263  0.880052  
1.0301  0.0317095  
7.60914e-060  1.04656  
1.01116e-060  1.16742  
1.21089  0  
0.527011  0.616071  
3.51396e-061  1.20301  
0.843299  0.495299  
1.19521  0.00145193  
1.15681  0.00201703  
0.925073  0.328755  
0  1.29597  
0.856938  0.344333  
0.668901  0.664403  
0  1.64951  
7.70629e-062  1.40624  
1.1071  0.0340798  
1.24215  0  
0.382765  0.748106  
7.96491e-061  1.29673  
0.860931  0.591993  
0.0618215  1.11373  
1.09395  0.141427  
0.299808  1.06441  
0.933373  0.348646  
0.953195  0.330374  
0.95702  0.339043  
0.896601  0.683689  
0.950917  0.356024  
0.271375  1.21391  
1.12226  0.0924385  
3.31185e-062  1.7186  
3.18225e-062  1.8528  
1.33864e-061  1.57819  
1.15943  0.0356908  
0  1.90416  
1.09906  0.279943  
1.27826  0  
1.26315  1.40237e-016  
0.397033  0.82821  
9.91132e-061  1.30485  
0.189502  1.24868  
0.760633  0.717281  
0.422874  1.18931  
0.652044  1.06898  
0.974798  0.343398  
0.787708  0.787708  
1.24782  0.0424499  
0.942143  0.783662  
1.32725  1.47355e-016  
1.26438  7.67762e-005  
0.69346  0.910647  
0.443589  1.10291  
0.265858  1.3333  
0.398666  1.29434  
0.205268  1.46356  
0.167604  1.64427  
1.40871  0  
0  1.90748  
0.953056  0.591056  
1.10879  0.318334  
1.284  0.0777536  
1.47731  0.000181033  
0.980401  0.366213  
0.71731  0.933594  
0.859778  0.87111  
0.991176  0.344767  
1.36826  0.000213397  
0.609547  1.19414  
1.50466  0  
1.31382  0.039686  
0.339104  1.66465  
0.257477  1.8979  
0.291564  1.74142  
0  1.92157  
1.24839  0.296399  
1.56304  0  
0  1.94661  
1.45697  0.000374948  
1.01116  0.440458  
0.881662  0.885274  
1.45274  0.000514182  
1.04118  0.348309  
1.42017  0.00431057  
1.42165  0.00145478  
0.996138  0.742464  
1.03754  0.408498  
1.33792  0.0544012  
1.52478  5.1691e-005  
0.803444  1.31424  
0.362893  1.82735  
0.582502  1.72656  
0  1.94775  
1.56636  0  
0.790309  1.75695  
0.387702  1.83919  
0.895432  1.10968  
1.34139  0.154382  
1.05932  0.660669  
