0.639114  0.690012  0.6076  
0.98821  0.326427  0.0674248  
0.357762  0.416479  0.880048  
0.476167  0.883438  0.295406  
0.106631  1.27332  0.124985  
1.23384  0.00918505  0.111588  
0.420387  1.10781  0.60691  
1.23086  0.09841  0.601097  
0.946897  0.330771  1.09452  
0.489042  0.474211  1.45625  
1.22041  0.838587  0.330575  
1.07575  0.636293  0.846566  
1.14223  0.468645  0.538966  
0.740714  0.943673  0.568731  
0.920552  0.932182  0.931807  
0.842064  0.586772  1.25236  
0.634553  0.663285  1.32539  
0.815615  0.654547  1.21897  
0.923359  0.578812  1.00845  
0.492129  0.660871  1.39068  
0.77554  0.458292  1.34671  
2.11592  0.769861  0.306652  
0.640727  1.51899  0.64462  
1.7719  0.683823  0.327915  
0.965198  1.33858  0.542556  
0.761693  0.680272  1.50569  
1.96398  0.853482  0.74437  
0.938084  1.50148  0.847601  
1.61562  1.05225  0.410165  
1.76488  0.515165  0.917884  
0.782974  0.67286  1.49227  
1.92201  0.941532  0.577501  
0.933592  1.41382  0.971442  
1.86459  0.946976  0.563953  
1.56994  1.08765  0.4978  
1.7165  0.886772  0.674456  
1.37777  1.13529  0.458406  
0.984195  1.33758  1.09635  
1.86284  0.967099  0.640927  
1.65181  0.589505  0.991418  
1.69094  0.821087  0.782859  
1.43767  0.548938  1.21437  
1.85369  0.623903  0.915509  
1.07708  1.46012  0.842753  
1.38853  0.764782  1.27275  
1.54334  0.672301  1.16164  
1.78201  0.837417  0.755103  
1.49171  0.887175  1.09444  
0.998309  1.21542  1.21996  
1.34105  1.08277  1.0176  
1.27172  1.26228  0.98684  
1.3608  0.797917  1.35943  
1.70381  0.784515  0.904551  
1.80529  0.740515  0.830931  
1.17283  0.849234  1.42214  
1.59541  0.956788  1.0273  
1.56442  1.0699  0.95721  
1.48142  0.723883  1.20016  
1.11087  1.3943  0.928802  
0.987939  1.49248  0.888446  
1.73766  0.598972  0.970276  
1.86199  0.553522  0.903667  
1.12504  1.17585  1.17599  
1.0981  1.36439  0.972762  
1.25637  1.00778  1.28767  
1.33552  0.8717  1.25675  
1.0707  1.03556  1.39709  
1.15994  1.43224  0.821218  
1.27673  1.14885  1.10586  
1.03403  0.857938  1.47568  
1.83566  0.730753  0.854973  
1.10198  1.02776  1.34886  
1.28707  1.16954  1.07381  
1.82749  0.639312  0.896687  
1.46263  1.13142  0.965263  
1.66778  0.895018  0.797061  
1.17702  1.31225  0.652423  
1.37557  1.29272  0.801609  
1.37174  0.994159  1.06472  
1.62747  0.675495  1.0423  
1.67021  0.878323  0.811566  
1.64936  0.641473  1.08228  
1.09946  0.827777  1.44945  
1.54852  0.75944  1.15102  
1.23246  1.05716  1.27061  
1.09045  0.915614  1.40966  
1.02147  1.31635  1.10992  
1.2934  0.981391  1.24353  
1.73074  0.743316  0.825308  
1.41481  0.791478  1.21457  
1.00238  0.90854  1.46957  
1.04385  1.30359  1.12868  
1.4808  0.817015  1.13289  
1.58917  0.798565  1.05413  
1.61606  0.934327  0.938217  
1.79344  0.669775  0.879883  
1.13856  1.35918  0.970592  
1.41867  0.925302  1.14981  
1.75595  0.593925  0.966635  
1.20514  1.25246  1.047  
