1.90863e-095  1.11872  
1.01664  0.181231  
0.500498  0.591613  
1.29007  0.000140972  
0.129051  1.00244  
5.75351e-089  1.01493  
0.485831  0.674136  
0.938479  0.307043  
0.375505  0.737033  
1.55782  0  
0.208206  0.88931  
0.364044  0.779807  
0.371287  0.776647  
3.66364e-090  1.05481  
0.308073  0.790794  
0.16036  0.973102  
0.954107  0.284281  
0.578268  0.578394  
0.464563  0.692558  
5.90036e-092  1.07264  
3.44032e-092  1.07631  
1.17804e-091  1.06849  
0  1.29235  
0.664976  0.393818  
1.04857  0.343062  
3.62461e-094  1.25012  
6.16887e-095  1.26836  
5.05687e-095  1.27121  
0.38528  0.756218  
1.39137  0.0342629  
3.0075e-064  1.05444  
1.7222  0.0261525  
0.58178  0.699982  
1.86717  0.00014596  
1.95366  0  
0  2.43172  
1.11904  0.24648  
0.686418  0.575225  
2.48241e-098  1.468  
1.27703  0.379808  
1.30964  0.292415  
2.53574e-098  1.49954  
0  2.88357  
1.43426  0.291187  
0.503083  0.883196  
0.442523  1.05552  
5.46926e-095  1.29363  
0.137087  1.142  
2.96378e-090  1.25394  
1.10572  0.415331  
9.37518e-090  1.25084  
0.544977  0.825215  
0.423173  1.07864  
1.88515  0.0269691  
1.46199  0.238349  
1.96819  0  
0.687042  0.680994  
1.12217  0.601455  
1.89365  0.106128  
1.12341  0.421976  
1.31549  0.330445  
2.59923e-096  2.13372  
0.762685  0.73525  
0  2.93787  
0.663925  1.09663  
1.60438  0.325725  
1.24651e-094  1.33457  
0.463372  1.10525  
1.97039  0  
1.6251  0.274525  
4.41413e-095  2.55707  
1.84655  0.308446  
1.35877  0.380734  
7.31702e-090  1.59162  
1.18938  0.426636  
0.778331  0.845604  
0  3.19776  
1.66827  0.367453  
0.650491  1.16339  
0.467592  1.30414  
0.124841  1.36647  
1.05538e-089  1.39426  
5.70164e-090  1.63363  
3.23349e-093  1.90446  
1.80156e-093  2.23152  
2.10615  0  
9.35361e-094  2.4051  
3.18998  0  
0  3.65633  
2.37156  0.321736  
9.94918e-094  2.54121  
7.61968e-095  3.62395  
0.0686294  1.55742  
4.42256e-093  2.40888  
0.477713  1.33237  
1.94108  0.34944  
1.26642  0.802757  
1.04947  1.01035  
0.802078  1.22007  
0.133086  1.45671  
