1.34632e-017  5.75132e-033  6.13573  
0.96728  3.7511e-033  2.04616  
3.96039  3.96039  0.00037075  
5.81156e-027  2.03757e-032  21.7375  
1.08002e-019  0.00344348  5.29169  
1.12832e-030  4.28117e-014  17.6749  
8.8695e-014  6.66657e-005  4.82638  
2.69801e-027  1.2198e-007  10.5156  
1.19667e-024  0.808612  7.0745  
7.24803e-026  1.95932e-007  8.97856  
7.95593e-010  0.425227  3.27312  
1.68275e-025  0.645228  8.06187  
1.78952e-032  0.00116949  19.0848  
0.257342  0.0127131  2.21842  
3.77973e-030  0.0558302  16.6892  
2.19996e-026  1.14754e-009  14.0612  
1.22211  1.22219  0.00996863  
3.64494e-020  1.42935e-032  15.2489  
0.474886  0.00405919  2.54618  
1.01525  0.512325  0.754231  
5.26767e-007  0.00842486  3.38813  
3.19591e-031  0.588956  13.1823  
6.83931e-023  0.468504  5.76398  
0.755576  0.478826  0.940401  
1.90163e-024  0.38693  7.9279  
0.936914  0.975526  0.492682  
1.02076  0.489594  0.667822  
0.696398  0.0285442  1.84548  
1.35881e-029  0.00802905  12.7686  
0.0402413  1.15366  1.12016  
1.36251e-018  4.5262e-006  8.44818  
2.25551e-024  5.3945e-008  13.4517  
3.74905e-031  0.00775799  18.6762  
9.56866e-019  0.000241655  7.60422  
0.700307  0.988817  0.635562  
1.62574e-026  3.00203  6.09993  
0.993489  0.525119  0.605442  
1.79307e-025  1.44911  7.09177  
1.19133  1.19161  0.0186657  
3.1208e-007  0.00083268  3.9791  
3.7379e-025  2.6939e-008  13.9714  
4.58647e-031  1.0461e-021  22.8621  
6.96032e-027  1.31614e-007  9.46341  
0.0428468  1.05611  1.78213  
3.02033e-024  0.516825  6.75846  
6.99049  6.99049  8.38396e-005  
6.29446e-017  0.80757  3.04828  
1.52024e-019  1.66233  3.3354  
0.827462  0.744902  0.841371  
3.89626e-018  3.56085e-006  6.64633  
0.0712932  0.0297624  2.74132  
5.95391  5.95391  0.000335189  
0.826902  1.02932  0.248473  
8.10391e-028  0.424147  12.0611  
1.34178e-028  1.27592  9.87316  
4.51564e-027  1.42154  8.07851  
3.75312  3.75312  0.00102985  
1.28552e-027  0.0014864  17.0195  
4.97552e-020  3.07977e-006  8.81141  
1.16578e-023  1.56592e-032  16.7058  
1.97363e-027  0.00246782  8.73637  
8.23637  8.23637  3.44447e-005  
1.84758e-032  0.740973  16.263  
7.10871  7.10871  0.000221426  
2.54566e-032  0.00636782  27.1231  
1.73456e-023  3.19313e-032  34.0655  
1.15119  5.74012e-033  4.20398  
5.93344e-031  1.99223e-021  29.5763  
4.70614e-031  0.00403393  23.4365  
6.33158  6.33158  0.000467755  
5.06998  5.06998  0.000537242  
4.14692e-029  2.67319e-013  26.4614  
4.47516  4.47519  0.0103402  
3.24769  3.24792  0.0286678  
0.777217  2.59538  3.17772  
9.21863e-025  3.05657  6.8901  
0.823208  0.274691  5.51433  
0.0295476  0.293452  9.01548  
9.38973e-030  1.54686e-013  27.3692  
1.18603  2.02421  2.16891  
7.2519e-023  1.54516e-007  13.6274  
1.56138e-030  0.555368  21.6932  
1.84669  3.15176  1.40806  
4.70583e-027  1.77912  10.1269  
5.74973e-010  1.54718e-032  16.5059  
1.2701e-022  2.54184  7.84373  
2.42864  2.56954  1.22605  
0.00602196  5.62035e-009  15.3361  
3.92884e-011  1.71023e-032  18.2453  
2.78948  1.06467  2.32527  
3.13406  3.15064  0.399104  
7.49172e-028  0.000129443  19.8919  
2.0175e-026  0.050116  12.8197  
7.53599e-024  0.000352201  11.8667  
1.75896e-028  3.23615e-013  20.6692  
4.93716e-027  1.48371  8.43182  
3.63818e-026  0.772246  11.4015  
0.0169335  0.420302  4.79212  
1.43682e-028  1.68509  13.0232  
5.50596e-021  1.79486e-032  19.1482  
