0.268087  0.762224  
0.000922759  1.05263  
0.81684  0.301593  
1.09009  0.0557141  
3.5848e-013  1.0932  
1.26207  0.0356993  
3.38819e-013  1.10509  
0.0553383  1.00916  
2.23871  1.54173e-007  
1.28062e-014  1.12051  
0.0714429  0.992534  
0.218177  0.839733  
8.93008e-020  1.54394  
9.06339e-019  1.42724  
1.05781  0.2891  
0  1.69946  
0.444193  0.672754  
1.38309  0.0261918  
5.27172e-015  1.2173  
6.76676e-015  1.20081  
2.95287e-015  1.32532  
0.185137  0.987292  
0.185911  0.970635  
2.78113  0  
1.63454  3.37509e-005  
2.58628  3.65006e-007  
2.37286  0.000194984  
3.03193  1.38022e-007  
3.08161  0  
4.15904e-014  1.12897  
0.923942  0.41701  
1.36482  0.116936  
0.244137  0.85223  
4.90281e-021  1.75445  
0.312083  0.780637  
6.48961e-015  1.26069  
7.31422e-015  1.20204  
0  3.71092  
2.00087  0.00483449  
2.19314  0.00704325  
2.1801  0.00973949  
2.7009  4.30906e-007  
2.82433  3.98603e-007  
0.159225  2.25307  
3.79516  0  
0.580849  0.91262  
0.991549  0.815503  
1.47837  0.457097  
6.76819e-015  2.6531  
5.94175e-015  2.82753  
4.97027e-015  2.94813  
2.14436  0.323047  
0.416225  1.70829  
0  4.13066  
2.25789  0.51178  
0  4.42345  
2.54141  0.0136222  
2.43602  0.119605  
0.230133  2.70812  
3.8825  2.13896e-007  
3.92061  0  
2.87706  8.98097e-007  
2.75081  3.09278e-006  
2.75557  3.07005e-006  
2.71647  0.000252889  
2.43357  0.463341  
2.27722  0.500689  
0.592256  1.05078  
1.66683  0.518378  
1.60454  0.550157  
1.51743  1.03366  
1.8319  0.690429  
2.57099  0.0324876  
2.48871  0.372207  
0.258945  2.77028  
0  4.81574  
4.68204  0  
4.45689  1.23461e-007  
3.9985  5.64316e-007  
3.25323  3.6245e-006  
2.745  0.0268604  
2.98399  0.000859686  
1.40788  1.15828  
0.776007  1.1741  
1.41599  1.13679  
0  5.36602  
4.86991  0  
0.52227  3.39006  
0.852702  1.8054  
0.307178  3.89942  
2.7858  0.0788  
2.31323  0.69984  
1.62421  1.24399  
2.01858  0.811513  
1.04989  1.59572  
4.07924  4.54478e-006  
1.28568  1.28568  
3.42806  0.000421242  
4.37904  6.18022e-007  
0.368812  3.85969  
