1.55907e-015  11.418  
1.20208  0.27766  
1.02901e-006  4.46187  
1.44671e-005  1.63338  
1.01846  0.367496  
1.45117e-006  2.26419  
1.63971e-006  1.99555  
0.359127  1.10561  
1.29511  1.01513e-007  
9.41895e-008  5.28959  
1.6581  1.84086e-016  
0.643667  0.788145  
0.145233  1.40645  
5.8515e-009  6.4572  
2.98754e-015  11.0627  
0.506775  1.09045  
1.24105e-014  10.0842  
6.69946e-017  11.7143  
2.0167e-017  11.8747  
1.27918e-019  13.4123  
5.32691e-015  10.7998  
1.93915e-014  10.0792  
6.1046e-018  12.4433  
3.21122e-019  12.8997  
1.89657  0  
5.80552e-017  12.5878  
6.12612e-018  13.1101  
1.89675  0  
1.38165  1.10572e-005  
1.33139e-018  13.1735  
7.16918e-018  12.7111  
1.84773  1.2337e-008  
1.42902  9.17708e-006  
2.3075e-015  11.4976  
5.62664e-015  11.2356  
7.68113e-015  10.8609  
7.00653e-017  12.2512  
9.8117e-016  11.7155  
7.7503e-006  2.3141  
0.00369862  1.94279  
0.00256298  2.18585  
5.20635e-007  5.89076  
1.2761e-007  10.022  
1.88022  2.08747e-016  
6.78036e-013  10.1573  
1.9393e-014  10.3172  
1.27626e-014  10.3703  
6.41246e-019  13.6747  
6.17392e-016  12.0955  
1.44007  2.59643e-007  
1.32044  0.0261339  
2.3465e-017  12.9434  
2.09771e-017  13.1478  
7.17149e-013  10.7434  
2.18736  0  
1.54291e-015  11.8758  
1.31616e-005  9.91037  
1.9335e-015  11.7803  
1.29274e-007  10.1527  
3.0536e-014  10.7486  
9.55913e-010  10.5638  
9.48712e-019  13.9462  
5.05509e-007  10.0288  
2.38024e-005  2.68736  
1.96809  1.10416e-007  
7.19577e-018  13.2362  
1.02827e-014  11.6395  
1.46861  3.04927e-006  
1.17151e-005  9.96587  
1.40626  0.0733288  
1.49237  2.7946e-007  
4.01611e-018  13.2568  
2.05233e-018  13.2872  
4.4737e-018  13.287  
1.49291  3.35821e-007  
0.000109132  9.35084  
2.29779e-013  11.2513  
3.9172e-018  13.7285  
2.09871e-018  13.9527  
2.20251  0  
8.59467e-018  13.2721  
2.19449  1.03434e-008  
1.64456e-015  12.0441  
5.64008e-005  9.50159  
3.08513e-014  11.7317  
1.72653e-014  11.7478  
7.41678e-013  11.1521  
4.46923e-006  10.0554  
1.87846e-006  10.2859  
3.06926e-009  10.6374  
0.710421  7.46567  
4.52884e-013  11.1589  
2.90395e-005  9.78428  
1.70096e-006  10.3292  
1.45724e-013  11.4904  
6.54518e-018  14.0963  
2.35363  0  
0.770588  8.00275  
1.49446  3.36169e-007  
5.74036e-005  9.67054  
