4.91671e-120  1.24264  
1.41674e-111  1.03906  
0.446757  0.0168945  
0.112737  0.986701  
1.03552  4.22227e-007  
0.528118  0.0128572  
0.301356  0.739904  
1.25054  1.55092e-060  
0.342769  0.271781  
1.19679e-081  1.00948  
0.148771  0.973902  
0.286314  0.755216  
0.409888  0.0358447  
0.259474  0.852581  
2.62149e-120  1.262  
3.06021e-119  1.20642  
0.306016  0.735503  
0.560654  0.0103567  
0.31686  0.656159  
0.906116  0.00828093  
2.54399e-086  1.01514  
0.24977  0.868818  
0.469704  0.0140596  
0.260761  0.817734  
0.229009  0.911079  
0.325259  0.522931  
0.0337325  1.00571  
0.273964  0.816749  
1.10806  8.2965e-022  
8.11178e-118  1.09775  
0.767197  0.00918318  
8.93389e-134  1.66865  
4.85815e-119  1.18752  
0.988345  0.00277142  
0.42578  0.0226277  
0.68795  0.00979349  
0.503141  0.0139496  
0.973747  0.00310945  
7.01062e-089  1.01614  
0.193322  0.950566  
0.360253  0.0648719  
0.387221  0.0427424  
0.317392  0.561832  
0.334976  0.458204  
0.544995  0.0114714  
0.366876  0.0546007  
2.5878  3.89664e-066  
0.856288  0.0083938  
0.215008  0.932474  
0.336669  0.296444  
2.29592  4.46446e-061  
1.4506e-118  1.1589  
0.244612  0.904036  
0.411238  0.0334828  
0.35405  0.157161  
0.330158  0.463726  
0.355686  0.0747526  
0.320927  0.542653  
0.345104  0.168284  
3.18944e-112  1.04842  
0.311769  0.66688  
1.02454  0.000202132  
8.7608e-112  1.03994  
0.3176  0.558167  
1.17395  2.34119e-039  
3.13271e-120  1.26095  
1.15973e-120  1.30066  
3.30636e-133  1.33799  
1.2301e-112  1.05851  
7.08757e-136  1.78513  
1.23729  9.05132e-048  
7.76931e-112  1.04598  
6.91718e-137  1.81885  
2.61343  1.37027e-065  
7.53329e-136  1.8029  
1.55897  6.0182e-060  
2.13293  2.30046e-060  
2.14411  1.55858e-060  
2.60134e-132  1.3651  
9.05563e-136  1.79726  
1.26914  4.8371e-045  
0.342636  0.307872  
0.629122  0.0152253  
0.979776  0.00527143  
0.342178  0.519859  
1.11522  0.00421496  
1.92096e-118  1.1838  
0.310881  0.747196  
0.314271  0.672231  
0.815588  0.0102645  
0.792706  0.0144163  
0.158623  1.01541  
1.93332e-121  1.34083  
0.324507  0.554736  
0.269099  0.836968  
0.512085  0.0490499  
0.0249622  1.01768  
0.364697  0.122684  
1.23184  0.00104736  
0.345552  0.207697  
