0.737439  0.0237301  
1.89557  1.3775e-022  
0.0739475  1.21049  
4.02183e-016  4.80637  
3.5732  9.68153e-025  
0.369352  0.142369  
0.480018  0.0866701  
1.19623e-013  1.75078  
4.5091  6.22133e-025  
0.231217  1.0816  
1.4724  0.0208045  
0.620693  0.0450448  
1.57054  8.86848e-006  
1.55671  5.6338e-005  
0.363999  0.986251  
4.489e-014  4.11134  
1.84716  2.73331e-008  
1.27154  0.0227394  
1.83875  3.63625e-006  
1.72219  7.30523e-006  
8.52905e-007  1.41347  
0.317867  1.01834  
5.81929e-016  4.35106  
0.0130157  1.23124  
1.87248e-009  1.48195  
8.61163e-015  4.32406  
8.04712e-010  1.72321  
2.74761e-007  1.55094  
5.28481e-007  1.54115  
5.31765e-016  6.10494  
3.36371e-009  1.57584  
3.15096e-015  4.59473  
0.0139663  1.32116  
8.65056e-007  1.43358  
1.19953e-013  3.53143  
2.02041e-010  1.80792  
1.69622e-013  2.84264  
0.156212  1.30121  
0.432468  0.378677  
1.15432e-013  4.29157  
0.385433  0.650986  
5.09871  2.88327e-024  
0.533496  0.0966973  
1.0626  0.0262577  
1.0627  0.0261827  
4.16467  3.62324e-022  
4.06123  5.25649e-021  
0.385401  1.01227  
0.290911  1.17039  
0.243297  1.18204  
2.22611  7.04583e-019  
1.31201  0.0251769  
1.86196  2.35272e-006  
1.63151  0.000394039  
0.316157  1.08949  
5.72406e-013  1.85259  
3.50748e-013  2.68586  
2.57574e-015  4.80916  
6.8719e-016  6.82749  
3.78598  0.000162307  
0.259047  1.24546  
4.44211e-007  1.57127  
1.70245e-015  6.69049  
0.330504  1.09819  
0.0079048  1.49544  
2.64864  0.000309242  
2.4686e-012  2.89161  
5.60599e-011  2.13237  
2.21767e-013  3.24574  
3.97517e-012  2.51258  
9.19184e-013  2.97494  
1.86019  0.00044927  
9.18031e-007  1.52137  
0.0537979  1.361  
1.69186  0.00272563  
2.30711e-012  2.91524  
6.67874e-012  2.26561  
3.21378e-015  4.68635  
1.62678e-013  3.93209  
0.159564  1.32913  
3.84774  0.000136812  
1.54489  0.213781  
0.402222  0.902845  
2.17576e-010  1.94694  
1.4179e-013  4.1743  
0.393551  1.01169  
5.93889  7.13394e-023  
4.15598  1.0238e-020  
4.97091  7.47902e-022  
0.562313  0.289607  
1.7473e-013  3.7166  
0.440251  0.683112  
0.419618  0.771694  
0.329887  1.17636  
0.08926  1.35158  
1.92631e-008  1.58827  
3.7308e-015  5.44027  
5.73831  4.90401e-006  
4.30754  0.000373703  
1.88721  0.000455795  
