6.24292e-006  2.67862  1.3085e-009  
5.04011  -1.97911e-015  19.1491  
19.3818  -3.84139e-016  3.71677  
12.6386  2.39395  0  
0.325575  0.859058  0.154022  
9.42299  1.84161  4.44952e-010  
18.3803  -4.11618e-016  3.98265  
7.2135  -1.06621e-015  10.3162  
14.9163  -6.65979e-016  6.44375  
3.41798  -1.13701e-015  11.0012  
5.55899  -1.76948e-015  17.1208  
6.67647  -1.81544e-015  17.5655  
14.7542  -8.51201e-016  8.23588  
2.9315  -1.86074e-015  18.0038  
10.1215  -5.46099e-016  5.28383  
2.09614  -1.38775e-015  13.4273  
2.53292  -8.92862e-016  8.63897  
12.1701  -6.06412e-016  5.8674  
10.0625  -2.04108e-016  1.97487  
5.14792  -1.93304e-015  18.7033  
6.75595  -1.49178e-015  14.4339  
6.91173  -1.59979e-015  15.4789  
9.70292  -1.90128e-016  1.8396  
7.90311  -9.26538e-016  8.9648  
16.5885  -4.37397e-016  4.23208  
1.30407  -1.3478e-016  1.30407  
1.69278  0.386971  0.00237864  
15.7201  -3.16004e-016  3.05753  
4.86084  -1.3789e-015  13.3417  
5.88442  -1.29461e-015  12.5261  
6.46258  2.17426  3.10717e-016  
14.2824  -3.34593e-016  3.23739  
13.3504  -7.85415e-016  7.59936  
4.10048  -7.26959e-016  7.03376  
15.3909  -3.59932e-016  3.48256  
5.13114  -1.32186e-015  12.7898  
0.672742  -9.75107e-017  0.943475  
3.23895  -1.73282e-015  16.7661  
8.92099  -1.74689e-016  1.69022  
4.50396  -1.91627e-015  18.5411  
7.45249  -4.63936e-016  4.48886  
8.69779  -1.70144e-016  1.64625  
17.3216  -3.48974e-016  3.37654  
12.8996  -1.05813e-015  10.238  
1.42749  -5.07152e-016  4.907  
4.32298  -1.41718e-015  13.712  
0.110683  0.642833  0.289282  
1.55509  -1.03563e-015  10.0203  
8.10231  -6.31756e-016  6.11262  
0.697825  0.122801  0.276311  
4.15148  -8.67167e-016  8.39036  
11.5693  -2.26451e-016  2.19105  
6.5059  -1.70531e-015  16.4999  
18.0588  -3.97105e-016  3.84223  
11.8305  -4.76794e-016  4.61327  
2.3164  -1.46824e-015  14.2061  
0.43665  0.0300482  0.489767  
3.83262  -9.90788e-016  9.58646  
10.7544  -1.01726e-015  9.84257  
11.2205  -1.19585e-015  11.5706  
0.176443  0.590875  0.424731  
8.29106  -9.62888e-016  9.31652  
13.5163  -8.47481e-016  8.19989  
3.30246  -8.2126e-016  7.94618  
17.7519  -3.80258e-016  3.67922  
16.9552  -4.29839e-016  4.15895  
17.1621  -3.37722e-016  3.26766  
8.46151  -1.21467e-015  11.7527  
9.31538  -1.22992e-015  11.9002  
16.3559  -3.71985e-016  3.59918  
3.33267  -1.89229e-015  18.309  
1.19534  -1.23542e-016  1.19534  
16.0778  -3.48898e-016  3.3758  
1.80362  -7.98056e-016  7.72167  
6.48931  -1.78573e-015  17.278  
13.0237  -9.78288e-016  9.46552  
5.70291  -7.04638e-016  6.81779  
3.89183  -1.35327e-015  13.0937  
11.073  -5.55426e-016  5.37407  
10.3913  -3.60355e-016  3.48665  
12.4254  -2.87624e-016  2.78293  
2.43429  -5.77495e-017  0.55876  
1.09529  -8.56947e-017  0.829147  
3.09366  -1.51872e-015  14.6945  
10.4858  -9.76799e-016  9.45111  
5.25869  -1.16307e-015  11.2534  
11.4189  -5.04624e-016  4.88254  
5.36574  -1.72554e-015  16.6956  
2.62314  -1.67442e-015  16.201  
15.9747  -3.52834e-016  3.41388  
18.2991  -3.96714e-016  3.83845  
5.03189  -1.24306e-015  12.0274  
6.39125  -1.45935e-015  14.1201  
11.92  -2.46079e-016  2.38097  
6.07207  -1.52399e-015  14.7455  
3.97916  -1.54418e-015  14.9409  
0.281006  0.500274  0.500274  
13.7098  -9.40066e-016  9.0957  
4.67859  -1.25743e-015  12.1663  
9.5115  -5.78928e-016  5.60147  
