1.17327  1.17327  4.86748e-007  
0.810896  3.75283e-033  2.3718  
3.66388e-005  4.34782e-033  4.6347  
1.31038e-012  1.23842  2.51732  
3.79825e-033  3.21456e-005  4.04885  
0.000145366  4.2659e-033  4.53633  
0.000368483  3.99416e-033  4.20838  
0.109952  4.01201e-033  3.61832  
0.446067  3.96425e-033  3.00459  
0.56002  1.22406  0.827754  
1.06515  1.06515  1.05284e-005  
2.01803e-007  0.577102  2.88251  
0.0201737  0.000244743  3.75136  
1.02078  0.983208  0.134358  
5.47013e-009  0.216303  3.49451  
0.609222  0.7885  1.06617  
0.641116  0.158025  1.5418  
0.00814283  0.705702  1.90227  
0.0072554  0.0894381  3.04829  
0.996672  0.834171  0.459131  
0.0135089  0.00278499  3.33528  
0.998391  0.635034  0.394732  
0.00340063  0.44987  2.59915  
0.761269  0.00181843  2.61914  
0.874022  0.653057  0.540394  
1.09174  0.208656  0.980834  
0.40401  0.339198  1.61014  
0.000527103  2.32852e-006  4.11591  
0.284776  0.571485  1.66884  
0.304519  0.848463  1.34627  
0.606174  3.94289e-007  2.97134  
0.231887  0.922079  1.19007  
0.260396  0.00830409  2.66414  
1.01158  0.838685  0.237386  
0.83331  1.06995  0.322495  
0.20966  0.59829  1.79004  
0.000548958  0.00315975  3.88672  
0.951809  1.09851  0.169346  
0.188824  0.0396702  2.44404  
9.93612e-006  0.520829  2.80183  
3.98197e-007  0.266553  3.23073  
0.88932  0.980071  0.297879  
0.689384  0.00601796  1.87317  
0.365273  0.0071154  1.97193  
0.637392  0.951238  0.775538  
0.654668  1.03314  0.584431  
1.0059e-005  0.533991  2.71328  
0.909218  0.395971  0.818826  
0.8501  0.0245655  1.25611  
0.411401  0.418641  1.40513  
4.5787e-006  0.191403  3.95646  
0.0574339  3.79435e-033  3.89881  
1.16917  0.00135531  2.21522  
0.865744  0.699398  0.714692  
0.00613102  0.541926  2.25754  
0.420805  0.912395  0.885248  
1.03168  0.00317021  1.7124  
1.05759  0.502157  0.665198  
0.00483432  0.68918  1.96667  
0.627468  4.01654e-033  2.76664  
0.146417  1.12766  1.06965  
0.577718  0.884422  0.919782  
0.000121377  0.658674  2.47884  
0.00746491  0.487998  2.30313  
1.11092  0.222046  0.955304  
1.37986e-005  0.00659576  3.53219  
0.00255383  1.10114  2.02426  
0.386725  0.612278  1.35879  
0.959675  0.367896  0.854034  
0.00181419  1.08146  2.0818  
0.000750274  0.328561  3.10499  
1.15146  0.20398  1.08761  
0.993298  0.247384  1.23494  
0.147021  0.170941  1.82457  
0.0132167  0.183967  2.13798  
0.398896  0.354942  1.47679  
0.0195028  0.870374  1.46302  
1.00952  0.506259  0.746323  
8.71625e-007  0.245133  3.18695  
1.95498e-006  0.232324  3.28646  
0.0272273  0.963673  1.41661  
0.869025  0.00523175  2.15895  
0.0270616  0.804754  1.84902  
1.02786  0.0107634  1.15383  
0.6146  1.20028  0.64549  
0.189401  1.01526  0.959471  
0.0225095  1.18674  1.30207  
0.66829  0.991469  0.633669  
0.166462  0.62317  1.79173  
0.017425  0.000610125  3.68557  
0.37716  0.798393  1.31084  
0.0482223  0.00738815  3.09268  
0.00634948  0.0609209  3.51279  
1.02556  0.561055  0.608442  
0.00734947  0.917984  1.5203  
0.928124  0.386476  0.956846  
0.681679  0.899685  0.590877  
0.669518  0.367011  1.11651  
0.414418  0.00711508  2.0545  
0.0213816  4.55801e-033  3.69406  
