0.000500806  0.98054  
0.0741161  0.826558  
0.0433254  0.876957  
0.494335  0.331043  
0.000521836  0.979689  
0.112903  0.70704  
0.198922  0.63579  
0.944914  0.0884571  
0.958611  0.0630149  
0.16096  0.661839  
0.65876  0.210829  
0.346812  0.478156  
0.462254  0.377399  
0.000187159  0.987588  
0.00515785  0.948568  
2.98881e-006  0.999877  
0.0741266  0.808728  
0.648019  0.249435  
0.37213  0.446728  
0.00200037  0.975191  
0  1.00001  
0.17437  0.641034  
0.483091  0.33933  
0.00126026  0.976956  
0.00232808  0.969938  
0.228599  0.608803  
0.309754  0.505523  
0.0438188  0.827626  
2.10945e-005  0.997261  
0.00322186  0.961005  
0.305685  0.525052  
0.0131451  0.913116  
0.0103101  0.926302  
0.390048  0.440701  
0.898255  0.101142  
0.214069  0.633586  
0.423983  0.384899  
0.310091  0.49769  
0.0895927  0.74433  
0.0895031  0.786425  
0.75645  0.146561  
0.00273568  0.969813  
0.00789346  0.942463  
0.615543  0.263237  
0.0013481  0.976233  
0.568583  0.27055  
2.68644e-005  0.996854  
0.270996  0.556093  
0.867673  0.129558  
0.0125189  0.917677  
0.838053  0.144919  
0.415203  0.433677  
0.287056  0.543736  
0.355631  0.45718  
0.242931  0.593819  
0.552208  0.327488  
0.262983  0.583133  
0.1002  0.828552  
0.0108467  0.965127  
0.499803  0.3695  
0.958866  0.0652837  
0  1.0012  
0.794426  0.147058  
0.115564  0.711484  
0.161311  0.665705  
0.659747  0.214584  
0.301543  0.552203  
0.432974  0.404599  
0.216005  0.634278  
0.737358  0.212557  
0.581025  0.274661  
0.631893  0.264621  
0.510269  0.354236  
0.873254  0.137247  
0.106801  0.809335  
0.309004  0.534035  
0.397429  0.440957  
0.0340941  0.917699  
0.0471354  0.878817  
0.426884  0.427401  
0.366237  0.46672  
0.533534  0.344462  
0.0620832  0.862241  
0.773035  0.1627  
0.915281  0.101856  
0.0117973  0.927584  
0.0903811  0.830571  
0.0778528  0.845133  
0  1.09858  
0.928988  0.101938  
0.500494  0.402928  
0.552347  0.348849  
0.788676  0.185567  
0.0958253  0.846847  
0.681396  0.223816  
0.41999  0.478177  
0.640348  0.307453  
0.301795  0.62187  
0.232171  0.64136  
0.135752  0.801522  
