1.00191  1.28142e-013  
0.875938  0.139704  
0.979418  0.0378378  
0.00483377  1.03442  
0.705522  0.308338  
0.000391682  1.07135  
0.28301  0.759469  
0.981683  0.0267389  
0.723641  0.296556  
0.877632  0.124936  
0.555364  0.488286  
0.0836521  0.935508  
0.999716  0.0102566  
0.298027  0.7297  
0.877274  0.125027  
0  1.19525  
1.04372  1.39051e-015  
0.457992  0.559886  
0.690402  0.330586  
0.617442  0.423714  
0.27515  0.785008  
0.406327  0.612614  
0.379362  0.650096  
0.813523  0.213948  
0.922668  0.0994489  
0.808809  0.242689  
2.12217  0  
1.56875  1.21916e-015  
0.000297188  1.12518  
0.244002  0.845048  
0.219621  0.895524  
0  1.75148  
0.000138541  1.39211  
0.103045  0.962306  
0.000368749  1.17762  
0.0841237  1.00417  
0.389705  0.673411  
0.396024  0.66647  
0.292483  0.766183  
0.287644  0.771904  
0.717213  0.35475  
0.0328721  1.10387  
0.0668421  1.04454  
0.390093  0.668486  
0.350378  0.758936  
0.721655  0.313651  
1.07114  4.99465e-015  
0.3836  0.694012  
0.482228  0.589513  
0.503352  0.568144  
3.24797  0  
7.40678e-005  1.73761  
0  1.81194  
3.48517  2.70852e-015  
4.06399  0  
0.0918572  1.01978  
1.3731  6.25022e-015  
0.0671946  1.05986  
0.0037528  1.21974  
0.383765  0.69965  
0.250434  0.969301  
0.719267  0.49237  
0.300574  0.806603  
4.06328  9.0223e-016  
0.00338362  1.81933  
0.462562  0.985579  
0  1.98744  
4.15821  3.23158e-015  
2.6128  1.21833e-014  
4.63349  0  
0.713211  0.820541  
0.0224793  1.65678  
0.760016  0.668488  
1.5885  0.243368  
0.10018  1.11217  
1.92656e-006  1.86934  
1.31872  0.513884  
0.000193053  2.0728  
6.18925  0  
0.654289  0.996551  
0  2.14232  
2.67668  0.0120792  
0.127713  1.21283  
0.104257  1.50389  
3.30752  0.00923825  
4.34198  1.62935e-012  
4.50729  5.76472e-013  
4.78729  5.31496e-016  
0.0412986  1.72968  
1.75392  0.301767  
0.821217  0.72203  
0.793294  0.898895  
0  4.14584  
6.56054  0  
4.92179  0.192645  
1.90914  0.368753  
5.98537  2.20617e-013  
9.98695e-005  2.5745  
0.137354  1.28271  
1.23728  0.75549  
