0.0489596  1.01848e-011  1.3171  
0.000170827  4.08166e-013  1.64916  
0.0647459  0.000946378  1.00014  
1.34874  0.000173439  0.000379999  
5.08932e-030  2.00088e-006  2.14701  
0.000263289  6.11713e-005  1.02311  
1.33298  0.00038132  0.000781623  
1.78763e-016  1.85529e-010  2.18102  
0.117744  0.000535317  1.00038  
8.45611e-023  4.57645e-005  2.08548  
2.7049e-005  1.6395  0.0133891  
4.75648e-023  2.60386  5.64301e-005  
0.404592  0.451198  0.0249433  
1.60527  5.54489e-016  1.0251e-015  
1.13621  0.0154299  0.0159882  
0.0835595  1.03896  0.000377535  
0.616518  1.21481  3.0718e-009  
0.850423  3.54871e-008  0.89137  
0.00197844  0.910016  0.910018  
7.86573e-007  1.5289  0.0150326  
1.55042e-007  2.46521  0.119146  
0.000531926  1.27214  0.000953893  
0.00987321  0.00093343  1.00468  
5.58474e-005  5.26037  4.99935e-011  
0.000104364  0.392489  1.12839  
1.5456  2.722e-006  3.38763e-006  
0.526325  1.76689  3.82187e-011  
0.216283  2.57886  4.64196e-008  
0.338719  2.39544  1.38398e-009  
2.32165e-009  0.774639  1.00695  
1.05917  0.381782  0.542872  
0.00126007  1.04668  0.0155345  
1.17246e-013  7.53667e-005  1.5666  
0.00034284  1.02102  0.157056  
1.44707  0.000316363  0.00033763  
0.152475  0.012463  1.00009  
0.0377064  0.00178972  1.0005  
1.29237  0.00252501  0.0190863  
0.000141844  1.33549  0.099644  
0.0443835  1.01522  0.204044  
3.94057e-005  1.33879  0.194363  
9.22917e-006  1.46747  0.0436377  
0.102165  1.08472  0.000308078  
0.000682647  1.20245  0.018338  
0.000265409  0.972256  0.97345  
0.000915677  1.25527  0.00120019  
0.000628089  1.01628  0.142671  
0.00202746  0.88927  0.896148  
0.087822  1.09195  0.000279134  
0.0020219  1.03233  0.00550234  
0.908111  0.907669  0.000198232  
1.0967  0.00304311  0.0189615  
1.46533  2.96171e-006  2.0084e-005  
0.00134293  1.03012  0.0128197  
3.32003e-005  1.4058  0.0261439  
0.808808  1.13799  0.000146157  
3.6985e-005  1.38624  0.00925629  
0.000342524  1.02305  0.0691333  
0.000432358  1.05792  0.0281394  
0.0254688  0.891931  0.893197  
1.63991  7.16688e-010  9.72151e-010  
0.621129  3.4531  0.000294235  
1.16336e-006  3.27049  0.160166  
0.000249187  0.196082  2.61749  
1.98175e-006  2.41446  0.190374  
0.577024  3.26119  0.000299898  
0.000183972  0.30716  2.02337  
2.92886e-006  1.54784  0.0162067  
0.060932  2.64234  0.000436696  
1.08038  0.443134  0.611527  
0.918859  0.875754  0.795101  
0.000360775  1.36157  0.369272  
1.10474  0.0170018  0.0201986  
0.188105  1.19912  0.000435736  
1.47444  6.68897e-005  0.000389027  
0.000143705  0.572873  1.37005  
0.0117272  0.0640218  1.70489  
0.0115824  0.0746358  1.57521  
0.784464  1.24182  1.03607e-005  
0.976563  0.000730242  1.01471  
0.00279327  3.62175e-008  1.91884  
0.182982  0.000413486  1.22971  
0.00019513  0.548531  1.30042  
7.93793e-005  1.42858  1.42623  
0.00201763  1.04693  0.226152  
0.915517  1.16804  0.00160117  
0.00049926  0.234308  1.23336  
0.000142471  0.449509  1.39183  
0.0021344  0.936173  0.943414  
0.0688593  0.889355  0.89692  
0.109861  1.31802  0.000309395  
0.00014428  1.50902  0.0722765  
0.000584975  1.06675  0.0370446  
1.53879  0.000319862  0.000341514  
0.00111011  0.984796  0.984796  
0.965914  0.965159  0.00027412  
0.0015043  1.16164  0.0201201  
1.58869  0.00010248  0.000121799  
3.63518e-005  1.44794  0.174525  
0.00660274  0.902317  0.902337  
