10.3868  2.96459e-058  0.828527  
0.592516  1.66997  0  
5.73535e-017  0.936654  0.454307  
2.55289  5.01048e-057  2.28731  
2.86528e-008  5.87467  8.39046e-058  
9.73406  5.03707e-058  0.667389  
8.46726  4.63212e-007  2.5156e-019  
7.68821e-017  3.78447e-025  1.25558  
4.2579  0.516664  5.47597e-058  
1.38024e-008  4.33228  3.5113e-057  
3.2156e-008  3.08378  4.51972e-058  
3.299  8.17815e-057  3.75217e-008  
0.00470727  4.94373  0  
1.521e-015  5.36931  6.60189e-009  
4.62552  2.97002e-029  3.46888e-017  
7.96357  1.57462e-032  2.66543e-016  
6.58835  4.83061e-007  1.95738e-019  
8.52015e-013  4.44485  1.66791e-006  
5.08709  5.72683e-055  1.77588e-008  
7.01412  2.55931e-029  3.28919e-018  
5.99577  3.88927e-057  0.000290064  
2.9829  1.53672  0  
1.62024e-016  2.64605  0.0608175  
2.14379  0.0455369  5.83599e-055  
5.47738  2.9192e-032  8.84248e-018  
2.59804  0.599238  7.95116e-058  
8.16045e-008  3.00872  3.51549e-057  
7.52939  1.62748e-057  8.77198e-005  
7.65071  1.68438e-032  1.48278e-016  
1.46547  1.90748e-046  0.654581  
2.45008  0.000198643  2.76437e-056  
7.2162  1.6309e-007  3.35167e-019  
2.97742e-011  2.38659  0.000944991  
1.7231  1.25929  1.02252e-053  
1.29596  0.670484  0.0151943  
6.27951  2.28387e-029  4.84828e-018  
0.684988  1.06365  0.153717  
6.01923e-016  2.12486  0.0488383  
3.00116  1.28327e-028  3.50724e-017  
5.73701  1.2052e-033  2.84862e-016  
6.34977  4.6542e-007  5.65411e-019  
2.01471  7.77589e-026  6.52083e-017  
5.22095  5.49737e-057  0.00471699  
0.663185  0.614769  0.497612  
5.68684  6.59349e-057  2.58892e-009  
1.26721e-015  2.50772  1.82065e-006  
1.78999  0.412883  1.1719e-057  
0.228232  1.86205  0  
0.0548753  0.985987  0.302759  
0.301447  0.876971  0.394691  
1.80625  1.59213e-056  0.00199957  
0.126679  1.30594  0.0643093  
7.14181  1.89778e-031  8.46188e-018  
0.000874074  1.45993  0.141439  
2.10685  0.194621  2.93215e-054  
0.475214  0.900856  0.251213  
0.765741  7.97606e-025  0.779242  
0.399658  0.906425  0.256444  
0.339907  1.8584  1.47004e-018  
1.24024e-016  2.02547  0.0732338  
0.109565  1.74987  2.09911e-016  
0.94686  0.307945  0.290209  
9.96395e-005  1.93693  5.65592e-018  
1.20453  0.133873  0.0419274  
0.845153  0.480925  0.281217  
0.552451  0.750613  0.444131  
1.54355  1.33425e-055  0.189258  
1.14921  0.127725  0.053184  
0.717342  0.711503  0.319479  
1.12576  0.275456  0.139407  
0.605396  0.71547  0.484153  
0.877786  0.830414  0.231143  
9.96501e-017  1.62741  0.179152  
1.56861  0.787755  0.004273  
0.926707  0.142999  0.429434  
0.128071  0.957486  0.279369  
5.1957  3.80951e-007  9.51632e-018  
1.01051  0.00441349  0.273269  
1.09525  0.549197  0.043377  
0.807112  0.523723  0.283686  
1.17914  0.844811  0.0140713  
1.0721  0.221291  0.268591  
9.122e-005  1.77334  6.60236e-018  
1.64875  3.71037e-005  1.38374e-052  
2.53886  5.02393e-011  5.03156e-017  
0.966073  1.64715  4.19741e-054  
0.116983  2.07855  5.62119e-018  
0.683703  0.638428  0.354952  
0.562672  0.7645  0.434731  
0.904019  0.252113  0.351772  
1.04219  0.954709  0.000432506  
1.61985  3.39792e-052  6.72022e-006  
1.97348e-011  1.4885  0.00165896  
0.891787  0.277982  0.366476  
0.858986  0.212049  0.491892  
0.955773  0.295639  0.246759  
0.739596  0.589905  0.433265  
0.900194  0.251758  0.363237  
7.46176e-005  2.04495  5.70908e-018  
0.772534  0.590251  0.277531  
