0.00118606  1.00013  
1.796  2.51487e-040  
0.00487832  0.99992  
1.45225e-016  1.00412  
5.2663e-019  1.00495  
1.64713  2.08481e-034  
0.0536682  0.994852  
0.919989  0.00793903  
0.706263  0.00945109  
0.533629  0.0106099  
1.6979  1.46357e-037  
0.654853  0.00951272  
0.050519  0.995282  
0.770717  0.00905501  
0.0458836  0.996425  
1.00106  0.00119869  
0.335602  0.122667  
1.06996  2.80275e-022  
0.329586  0.302838  
1.01169  2.20262e-005  
0.333564  0.192773  
0.313484  0.509078  
0.62173  0.0095772  
0.320505  0.483581  
0.299756  0.601298  
0.32823  0.339471  
0.000154555  1.00195  
1.10751  2.75362e-026  
0.498903  0.0117918  
0.437405  0.0151301  
0.296646  0.623776  
0.000316396  1.00083  
0.123885  0.978393  
0.0883281  0.989098  
0.288736  0.657276  
1.68256  9.96053e-036  
0.486289  0.0119545  
0.148583  0.952434  
1.00641  0.000985584  
0.24299  0.827894  
0.312504  0.55251  
0.370617  0.0317911  
0.326927  0.354073  
0.97609  0.00290651  
0.292892  0.641899  
0.331086  0.276196  
0.169515  0.942574  
0.278907  0.704482  
0.323709  0.406609  
0.338042  0.104803  
1.0806  2.09263e-024  
0.45524  0.0136431  
0.326581  0.379676  
0.356647  0.0633446  
0.284038  0.679551  
0.249338  0.806138  
0.0284016  0.99778  
0.322086  0.424498  
0.387016  0.0254543  
0.940128  0.00460569  
1.13114  9.19883e-030  
0.99011  0.0026553  
0.256902  0.781437  
0.143903  0.960165  
0.316895  0.489396  
0.00582028  0.999578  
0.338848  0.0880302  
0.283035  0.686182  
0.0728303  0.990909  
0.131474  0.968398  
0.0915934  0.982113  
0.0311489  0.997057  
0.275615  0.717313  
0.210106  0.884088  
0.394738  0.0219118  
0.231052  0.857508  
0.332511  0.251949  
0.10401  0.97981  
0.346317  0.076751  
0.27367  0.727669  
0.220547  0.875085  
0.256545  0.797391  
0.0133551  0.999139  
0.332084  0.264973  
0.265047  0.756753  
0.171565  0.936511  
1.00688  0.000273984  
5.27509e-017  1.00436  
0.271094  0.753104  
0.236632  0.835954  
0.199765  0.898695  
0.0573935  0.991697  
0.124986  0.970582  
0.0162333  0.99834  
0.193511  0.906291  
9.51148e-018  1.0074  
1.83371  7.74481e-032  
1.66376  1.05447e-026  
1.09513  2.95287e-022  
0.334461  0.300017  
