32.9126  -7.25514e-016  
3.19049e-039  1.06442  
0.516674  0.496717  
26.0582  -5.74419e-016  
0.949397  0.29806  
26.9972  -5.95116e-016  
18.0925  -3.98824e-016  
31.5098  -6.9459e-016  
24.0454  -5.30048e-016  
25.6975  -5.66467e-016  
5.05648  -1.11463e-016  
1.1629  -2.56346e-017  
17.4247  -3.84104e-016  
32.0176  -7.05784e-016  
19.8164  -4.36825e-016  
5.64488  -1.24434e-016  
23.4895  -5.17793e-016  
25.2229  -5.56004e-016  
18.3848  -4.05267e-016  
30.5607  -6.7367e-016  
24.7191  -5.44898e-016  
31.1322  -6.86267e-016  
7.06533  -1.55746e-016  
7.35887  -1.62216e-016  
15.5047  -3.41779e-016  
30.9239  -6.81676e-016  
18.9713  -4.18196e-016  
13.6897  -3.01771e-016  
8.86189  -1.95348e-016  
9.38244  -2.06823e-016  
22.3564  -4.92817e-016  
12.3076  -2.71304e-016  
32.7424  -7.21763e-016  
4.85581  -1.0704e-016  
32.3931  -7.14062e-016  
29.6796  -6.54246e-016  
28.9245  -6.37602e-016  
19.3858  -4.27333e-016  
7.64096  -1.68435e-016  
3.08288  -6.79579e-017  
27.3717  -6.03372e-016  
8.06318  -1.77742e-016  
4.53993  -1.00077e-016  
21.3543  -4.70726e-016  
10.2693  -2.26372e-016  
6.2029  -1.36735e-016  
6.77854  -1.49424e-016  
29.3599  -6.472e-016  
15.2431  -3.36013e-016  
14.7558  -3.25272e-016  
28.4668  -6.27511e-016  
4.10155  -9.04131e-017  
1.42522  -3.14171e-017  
4.3874  -9.67142e-017  
29.2226  -6.44173e-016  
7.84228  -1.72872e-016  
27.7777  -6.12321e-016  
14.5166  -3.19998e-016  
12.0388  -2.65379e-016  
8.31082  -1.83201e-016  
19.3257  -4.26009e-016  
11.2527  -2.48051e-016  
5.83029  -1.28521e-016  
24.3658  -5.37111e-016  
20.7415  -4.57219e-016  
22.0241  -4.85491e-016  
21.0654  -4.64359e-016  
20.1806  -4.44853e-016  
2.71247  -5.97927e-017  
11.6302  -2.56372e-016  
11.6578  -2.56981e-016  
28.1067  -6.19573e-016  
10.6272  -2.34262e-016  
30.3369  -6.68736e-016  
15.8177  -3.48679e-016  
18.6922  -4.12045e-016  
25.04  -5.51973e-016  
32.227  -7.10401e-016  
23.1151  -5.09541e-016  
3.75563  -8.27878e-017  
21.6786  -4.77875e-016  
28.1809  -6.21209e-016  
2.4293  -5.35507e-017  
10.5053  -2.31574e-016  
11.2175  -2.47276e-016  
24.4542  -5.39059e-016  
13.365  -2.94613e-016  
3.94262  -8.69096e-017  
21.9544  -4.83956e-016  
22.5643  -4.97399e-016  
12.607  -2.77904e-016  
9.71977  -2.14259e-016  
9.40213  -2.07257e-016  
16.5605  -3.65054e-016  
20.5059  -4.52024e-016  
22.6987  -5.00362e-016  
13.9789  -3.08145e-016  
27.7882  -6.12554e-016  
13.0684  -2.88075e-016  
3.48435  -7.68077e-017  
