3.08179e-005  6.10591e-027  1.47215  
6.62109  0.625886  1.75976e-030  
2.73373e-022  6.76136e-017  1.10421  
4.33633e-009  6.79917  2.22701e-020  
6.13166  0.150635  4.95392e-030  
1.14305e-013  5.292  2.43206e-010  
7.43568e-014  6.05823  6.70622e-011  
3.79864  6.33933e-006  2.44829e-015  
4.37857  3.31442e-026  0.931026  
5.71436  0.0184128  1.49545e-029  
4.76587e-013  4.78802  0.199172  
2.66184  0.201887  1.5814e-026  
3.17508  0.0329442  9.45491e-029  
1.52874  2.80149  6.78394e-028  
5.24696  0.000498462  1.4579e-026  
4.56078  4.61742  9.68095e-030  
0.00243273  6.39283  1.7046e-022  
5.01936  0.0331185  1.31359e-029  
5.52011  0.000113752  1.49777e-026  
6.74904e-006  3.83945  1.08982e-012  
3.41835  0.231612  3.76055e-029  
1.1899e-005  2.58216  0.0150854  
0.0459042  4.37715  3.86498e-024  
1.7193  0.265253  0.0272938  
6.68755e-017  2.12961e-017  1.1462  
0.0104667  5.11954  5.31586e-022  
2.07714  8.54127e-005  0.377021  
1.33524e-005  3.60887  2.23186e-013  
1.1872  0.000192365  0.999167  
0.997762  0.869593  0.606302  
1.40221  0.446361  0.225168  
2.03069  0.714454  8.54423e-025  
0.424419  1.02559  0.00463889  
4.89423  0.972881  1.23285e-029  
0.205006  1.40558  0.0815996  
0.277341  2.26578  1.53689e-024  
0.41062  0.384323  0.85095  
3.21905  1.80979e-024  0.684042  
0.0288898  4.60609  1.06329e-025  
7.1632e-005  1.20232  0.697785  
0.936758  1.41324  0.00276458  
1.86573  6.47988e-023  0.769464  
1.32924  0.916865  0.0506822  
4.7936  2.82711e-025  0.102484  
1.03563  1.87502  2.07939e-027  
0.308042  2.18171  5.23271e-006  
3.57126  0.00105462  2.22718e-026  
2.14147  2.99473e-024  1.0227  
2.36363  9.83736e-012  0.56697  
0.781334  0.0288711  0.730113  
0.630329  0.50816  0.739679  
4.68757  1.38176e-014  4.06791e-006  
1.57796e-008  2.08657  0.063579  
1.40727e-012  3.43087  0.142718  
1.12693e-006  1.6382  0.30795  
0.519572  0.000697025  0.858003  
1.98329e-016  3.23896  0.79022  
4.11557e-005  1.2409  1.01952  
0.102643  1.71669  0.000446518  
2.02481e-005  2.96681  2.27472e-012  
2.52885  3.08099e-014  7.53346e-006  
3.15165e-007  2.41208  0.0499397  
8.45198e-007  1.96443  0.615591  
0.0140543  4.0259  8.49161e-022  
2.53938e-008  3.3614  0.0102713  
2.37957  8.18929e-024  0.670847  
2.25852  0.017341  8.96447e-025  
0.0223471  4.09614  3.89985e-022  
2.32248  1.49297  7.17506e-029  
3.87681e-016  6.33132  5.06011e-014  
1.93814  1.05481e-008  0.744972  
0.00439895  5.15081  2.52137e-026  
3.79935e-016  6.20481  0.0681147  
4.67825e-006  3.49372  2.78675e-012  
1.57424  1.8076  1.65106e-014  
3.55111  5.30999e-025  0.754605  
0.66989  0.00038113  0.918799  
0.372144  1.53213  0.00514164  
1.74808e-015  6.17091  0.0968175  
6.87582e-008  4.23863  2.91957e-014  
0.225256  0.189011  0.956694  
0.380283  1.01001  0.304754  
1.65639  0.547532  1.12549e-013  
0.00943593  4.20996  1.06544e-014  
0.000171922  2.37921  1.15576e-006  
0.144145  1.68876  0.00495092  
0.347859  1.92409  3.19832e-005  
8.8491e-016  3.12383  0.582498  
2.05483  0.679237  2.28931e-020  
0.140565  3.03313  8.75333e-024  
0.741569  1.86158  2.07827e-020  
1.62867  0.908431  8.57497e-011  
7.99798e-006  3.22584  0.0159551  
0.048865  4.031  1.00695e-024  
2.59255  0.000182665  8.01935e-026  
2.32962  7.28896e-023  0.649084  
2.36481  0.000120232  0.241177  
1.55629  2.43043e-023  0.865339  
0.756982  1.82921  9.40291e-006  
0.00109878  3.1065  3.85428e-014  
