1.19462e-007  2.04301  
1.25065  0.0908195  
7.67129e-010  2.46196  
1.27254  0.0784947  
1.77698e-005  1.69487  
8.66956  8.12446e-011  
3.0024  0.0158297  
1.0937  0.102391  
0.590844  0.15593  
3.82411  0.00648407  
0.00180255  1.27696  
0.230246  0.26344  
0.0560387  0.60997  
0.226278  0.324017  
8.87973e-008  2.12669  
5.35856  4.75722e-005  
0.000165253  1.69169  
4.35134  0.00318727  
0.00870396  1.02482  
2.29957  0.0464309  
4.88837  0.00132853  
4.82117  0.00175547  
0.0337938  0.689855  
0.212138  0.414748  
0.149554  0.436494  
5.03624  0.000404159  
4.67143  0.00265244  
0.0682547  0.668181  
0.00191385  1.57939  
2.99588e-005  1.77388  
1.28918e-008  3.13028  
3.06103  0.122346  
3.55337  0.105656  
4.15519  0.0837926  
3.98904  0.0927661  
0.739686  0.333218  
5.43043  0.0452506  
0.0478843  1.24191  
2.2432  0.307374  
0.364288  0.873331  
1.02245  0.620699  
0.527101  0.695147  
3.81154  0.328762  
1.28205  0.55764  
0.0208926  1.59613  
1.69139e-006  3.24409  
0.00106359  1.77744  
0.000104775  2.6417  
8.02582e-007  3.51488  
4.31917  0.208457  
0.262729  1.04528  
1.59073  0.389974  
0.524367  0.861912  
5.25895  0.180688  
0.133137  1.32347  
3.42594  0.361902  
2.69434  0.366811  
3.20556  0.393289  
1.29947  0.649716  
1.11165  0.802332  
9.11715e-006  7.11392  
1.56152  0.639466  
2.52652  0.428374  
1.74818  0.516169  
1.65444  0.536461  
2.01441  0.489069  
7.11774e-006  14.7473  
2.82834e-005  4.6387  
3.09426  0.4222  
4.87657  0.331578  
2.15043  0.459095  
0.000208041  3.57737  
0.0058464  2.0722  
1.05076  0.816399  
0.00055455  3.35475  
0.0867724  1.87631  
0.380293  0.899862  
0.488166  0.878429  
0.295398  1.71727  
3.37173  0.399699  
2.88245e-005  10.8212  
8.67115e-005  6.77411  
0.000241638  5.53507  
0.0050652  4.49749  
0.0666927  3.34199  
0.43835  1.15377  
0.415138  1.8581  
2.67678  0.431885  
2.33826  0.525039  
1.73577  0.598348  
0.171393  2.72182  
0.167955  3.08205  
0.826733  1.10224  
0.26915  2.44127  
1.28061  0.901215  
1.69634  0.649926  
0.387818  2.18011  
2.53373  0.509169  
1.32841  0.652972  
0.856701  0.947287  
