0.141375  0.640669  
0.476427  0.317398  
0.37431  0.393962  
0.170284  0.593081  
0.883938  0.0664771  
0.0357232  0.814229  
0.486169  0.310396  
0.0190594  0.869119  
0.543933  0.263752  
0.0434665  0.794405  
0.102006  0.696395  
0.000403088  0.984215  
0.0225141  0.855515  
1.53115e-014  1.0765  
0.0841619  0.748661  
0.101447  0.698391  
0.230933  0.553786  
0.139973  0.678255  
0.00501658  0.983102  
0.274874  0.523961  
0.63347  0.23525  
0.433029  0.385758  
0.217133  0.571428  
0.311182  0.4908  
0.714612  0.169586  
0.794875  0.157944  
0.710109  0.194738  
0.812123  0.138556  
0.990796  0.0428466  
0.705565  0.215921  
0.852792  0.124319  
0.854063  0.097189  
0.736132  0.225333  
0.998347  0.0525252  
0.862639  0.109308  
0.824471  0.14141  
0.89109  0.0845159  
0.80819  0.184551  
0.480746  0.332944  
0.64511  0.258134  
0.581999  0.286061  
0.247422  0.56511  
0.994308  0.0615035  
4.24329e-014  1.15172  
0.108839  0.708995  
0.101447  0.751774  
0.645697  0.248023  
0.0243177  0.88197  
3.15892e-013  1.10618  
0.755856  0.197196  
0.0435624  0.812747  
0.16646  0.645355  
0.0200242  0.917751  
0.592372  0.275241  
0.657453  0.247677  
0.513266  0.325621  
0.689099  0.238905  
0.313072  0.518879  
0.195009  0.632735  
0.751403  0.199365  
0.433029  0.387571  
0.465346  0.387437  
0.478712  0.347247  
0.535125  0.316012  
0.386147  0.476191  
0.951031  0.071305  
0.777845  0.185803  
0.765322  0.189096  
0.833381  0.139446  
0.986849  0.0749756  
1.42729e-007  2.57584  
5.15666e-006  1.54903  
9.00124e-007  2.05327  
0.0258891  0.931936  
0.118538  0.741029  
0.342902  0.535473  
0.438743  0.457875  
0.168694  0.706798  
0.655176  0.248196  
0.254828  0.650208  
0.267149  0.6151  
0.480866  0.39373  
0.529465  0.329143  
0.731766  0.241574  
0.592372  0.293805  
0.587626  0.299694  
0.497953  0.34586  
0.817124  0.187685  
0.950045  0.0895849  
0.754399  0.216123  
0.922292  0.0971866  
0.491839  0.367743  
0.898259  0.105659  
0.788199  0.200141  
0.829857  0.168264  
0.97533  0.0776843  
0.835402  0.154319  
0.267035  0.628482  
0.854492  0.142906  
0.874465  0.111937  
