1.6577e-006  2.41448  
0.271544  0.068453  
3.65106  1.17428e-016  
1.0488e-067  8.82925  
1.98959e-006  1.88739  
6.62245e-006  1.31714  
8.96617e-007  2.90066  
54.4833  1.66052e-039  
1.09635  0.00056621  
1.95676  8.04075e-005  
41.2069  1.90332e-029  
0  88.4931  
7.47191e-060  79.9529  
0  94.6456  
45.3462  2.09451e-029  
1.05763e-050  56.7516  
1.39624e-005  2.13021  
1.48354e-005  1.60406  
2.45512e-006  2.32902  
5.87451e-014  27.0303  
4.11356e-014  30.4514  
1.07766  0.966917  
0.530637  1.35758  
34.4309  1.14249e-013  
28.9432  9.45866e-010  
26.1413  5.5623e-008  
1.15798  0.000598034  
5.24233e-018  33.0649  
3.38206e-047  43.6423  
2.6335e-059  60.5846  
6.05493e-043  37.5561  
1.46027e-059  72.903  
4.58212e-059  59.9409  
3.62096e-062  94.3386  
1.42865e-048  48.3595  
1.14029e-060  89.6793  
1.57774e-061  90.141  
2.297e-059  79.8096  
2.69798e-018  40.1085  
2.82402e-018  37.9692  
8.46821e-019  42.1952  
47.2304  2.18154e-029  
6.80762e-043  42.2247  
0  118.243  
2.41583e-059  78.7389  
5.26037e-059  69.8906  
5.8568e-006  2.36743  
0.61054  1.46424  
40.8506  1.3555e-013  
31.4648  1.02827e-009  
29.9691  6.37678e-008  
29.6532  1.02842e-007  
3.04406e-015  33.712  
8.64113e-017  34.7909  
8.78056e-017  33.8532  
7.62852e-017  37.2554  
6.5904e-047  54.2284  
2.93391e-059  78.0419  
2.03295e-044  50.06  
7.66815e-062  110.459  
2.74421e-053  67.1217  
7.90409e-062  97.926  
55.9148  2.58267e-029  
1.36204e-060  101.095  
2.21596e-060  100.609  
52.1682  1.3212e-013  
4.53389e-041  47.7768  
2.28878e-019  46.1477  
0  118.749  
9.24267e-061  112.476  
5.37003e-059  70.2479  
1.77539e-005  2.70867  
2.11374e-005  2.46723  
43.8318  1.45442e-013  
34.5502  1.1291e-009  
1.41352e-014  33.7126  
9.89214e-017  38.1389  
5.62407e-016  34.6226  
3.97539e-062  118.648  
41.2156  0.000728368  
0  119.579  
9.37468e-061  114.082  
1.85044e-059  103.691  
56.064  2.58956e-029  
2.09357e-060  107.958  
9.69414e-034  47.978  
2.15187e-018  47.9206  
1.86501e-040  54.5221  
8.06672e-059  71.5084  
2.39444e-005  2.51786  
44.9625  1.49194e-013  
58.3018  2.69292e-029  
0  125.101  
1.27902e-027  49.1337  
54.1835  0.0194999  
3.56332  3.56332  
3.10551e-005  3.56666  
1.39696e-044  76.4492  
1.11214e-058  101.366  
5.64561e-060  109.107  
