0.39069  0.0410506  
0.306461  0.71814  
0.259166  0.835411  
1.11025  1.57483e-070  
0.203306  0.919545  
1.95178e-071  1.30589  
0.000426064  1.01431  
0.29485  0.756305  
0.474569  0.0162684  
0.431858  0.021026  
0.310643  0.652153  
4.31564e-071  1.22813  
0.9972  0.00780165  
4.36291e-087  1.7252  
0.509587  0.0124358  
0.329038  0.443369  
0.254105  0.890852  
0.798619  0.0105297  
0.167778  0.961115  
0.379353  0.0504601  
0.424331  0.0278852  
0.370182  0.0691002  
5.20388e-079  1.3969  
1.06324  1.60504e-027  
0.243424  0.91398  
8.20858e-005  1.02975  
5.46477e-052  1.09201  
0.00522532  1.01198  
3.00963e-078  1.38068  
1.23355e-075  1.34367  
1.05527  4.33596e-011  
8.55538e-071  1.17367  
0.0675214  1.00415  
2.00715e-070  1.1014  
2.35855e-079  1.50808  
9.27386e-079  1.38946  
5.85579e-071  1.19475  
0.50531  0.227453  
0.466944  0.235654  
0.896312  0.171599  
0.419105  0.248013  
0.757305  0.181614  
0.881056  0.174798  
0.333748  0.658856  
0.255874  0.943572  
2.58753e-079  1.61415  
0.333319  0.787357  
0.392667  0.292599  
9.86253e-071  1.2164  
0.972798  0.146764  
1.50006e-078  1.44321  
0.178158  1.0193  
2.60882e-075  1.35904  
2.33367e-075  1.42809  
2.54271e-005  1.09905  
6.71356e-052  1.10057  
8.43956e-005  1.05873  
0.558623  0.199769  
0.203869  0.96999  
1.17181  1.66214e-070  
0.33514  0.456242  
0.263678  0.880033  
0.962155  0.167463  
1.081  1.63185e-027  
0.0422601  1.02085  
0.00192457  1.02534  
0.375402  0.339334  
0.625828  0.188682  
1.05564  0.144606  
0.31297  0.813831  
0.43899  0.245986  
0.558302  0.204885  
0.447694  0.245179  
2.16335e-070  1.12867  
0.529314  0.210568  
6.17889e-071  1.26956  
5.07301e-087  1.78762  
5.23132e-087  1.8434  
1.0883  1.64286e-027  
0.340822  0.689454  
2.67337e-079  1.64436  
0.981444  0.148068  
0.804132  0.189812  
0.206788  0.983582  
0.588382  0.200161  
1.08147  8.41968e-005  
0.0660062  1.021  
0.345504  0.501422  
0.472003  0.251236  
0.331839  0.832744  
0.561674  0.218553  
0.363439  0.474654  
0.270175  0.944556  
0.926546  0.182442  
0.378151  0.36733  
2.37455e-078  1.50109  
8.07905e-075  1.37045  
0.301075  0.911381  
8.31012e-071  1.3373  
9.93433e-071  1.22526  
