3.87717e-033  3.87717e-033  4.13631  
1.27966e-006  0.825976  2.61058  
0.00234863  0.489553  3.5919  
0.824847  1.06509  0.492724  
1.33578  1.22213  0.135386  
9.87087e-010  0.497269  2.81226  
0.609949  0.00368034  2.35303  
0.768531  0.222806  1.3492  
1.99304e-011  0.405508  4.12104  
0.322022  0.525791  1.8185  
3.473  3.473  4.25424e-026  
0.615479  1.02129  0.605516  
0.40497  0.996546  0.813793  
1.01949  0.148636  0.873242  
0.856784  0.621505  0.544228  
0.00832939  0.897509  1.81254  
0.0307859  0.0259987  2.88925  
0.574866  0.927539  1.12113  
1.27212  1.11352  0.480162  
1.24748  1.2548  0.31999  
1.46741  1.46739  0.00637  
2.58576  2.58576  1.52309e-025  
1.37025  1.27968  0.0906123  
0.242528  0.471357  2.71959  
1.53173  1.53173  1.82396e-025  
0.381075  0.131866  2.64298  
0.0050891  1.06548  2.31027  
0.0240246  0.690279  2.71736  
0.794505  0.000480088  3.82519  
0.000654957  0.107995  3.87849  
1.19553  3.85051e-011  2.78437  
0.939413  9.54872e-006  3.87841  
0.0557325  0.822317  2.68543  
0.899227  0.118545  1.67473  
0.698693  0.0682255  1.80111  
1.28971  1.16424  0.168306  
0.509863  0.448386  2.25409  
1.54957  0.0877235  1.76237  
1.96055  1.96055  1.84632e-025  
6.5163e-033  1.27174  4.23495  
1.62453e-008  8.35867e-033  8.91734  
2.08393  1.29449e-010  4.47948  
1.83201e-032  1.83201e-032  19.5445  
1.74913e-032  0.00940371  18.316  
8.83106e-012  0.000287714  7.97469  
0.0740651  1.36552e-012  6.85211  
1.75125e-032  0.00530455  18.675  
1.32679  1.17753  0.292859  
0.184939  1.28469e-009  5.87767  
7.74275e-033  0.12371  6.08666  
0.00117796  3.86835e-009  5.45559  
0.69729  1.35934  0.741524  
1.10938  0.521537  1.27864  
0.411345  0.116992  3.45866  
5.83525e-015  0.00301512  6.52008  
0.454117  1.54769  2.04413  
1.56073  1.56073  1.8476e-025  
0.349465  0.736724  2.71944  
0.777531  0.790227  1.46801  
0.138979  0.339427  3.15993  
1.4143  0.658907  1.0718  
1.10473  0.155157  2.33763  
0.9057  0.603264  1.76452  
0.161715  1.84977  1.82393  
1.06621  0.165305  1.54986  
0.898557  0.664517  1.68325  
0.718067  4.32183e-012  6.64056  
0.762747  1.26472  0.850492  
0.506165  0.843596  1.89567  
0.0711459  1.69397  1.99898  
1.48388  1.29579  0.207004  
0.0458545  0.896711  2.68718  
1.18155  0.722211  0.828097  
0.4332  5.38522e-011  5.2242  
0.0394199  1.42839  2.48343  
0.00097188  1.42036  2.92894  
7.47537e-005  0.178225  4.35439  
0.00157444  0.315617  4.02781  
4.5424e-006  5.48665e-005  4.80232  
0.000886351  0.995844  3.11026  
1.39506e-011  0.148082  5.01892  
0.151266  0.238068  3.6332  
1.09422  7.9064e-005  4.56999  
0.00112062  0.475622  3.92095  
0.000934073  1.12848  3.08967  
0.586226  0.00123274  4.72191  
1.37508  1.35055  0.118662  
7.56924e-005  0.715677  4.15641  
0.56881  0.260609  3.13763  
0.694178  0.233349  2.70578  
0.027254  1.65958  2.51793  
1.59247e-005  0.0414186  4.70178  
1.55088  1.55088  0.00294142  
1.42638  1.41387  0.111747  
0.000203062  0.725037  3.82704  
0.0224353  1.55693  2.53632  
0.125725  0.0268261  3.93351  
0.00403319  0.647823  3.66978  
0.000510549  1.13317  3.74679  
0.058812  0.486966  3.72251  
