1.05548  1.49713e-070  
0.328023  0.408973  
0.638228  0.0099036  
0.336229  0.219099  
0.0148711  1.01375  
0.339348  0.125934  
0.986896  0.00202022  
0.742857  0.00927518  
0.326913  0.442982  
0.313217  0.543492  
0.192279  0.93117  
0.343291  0.0813399  
0.286293  0.733842  
0.512461  0.0115412  
0.557608  0.0109213  
0.980075  0.00240277  
0.325604  0.473193  
0.253978  0.840156  
0.125553  0.985544  
0.320054  0.523639  
0.924973  0.00573578  
0.397092  0.0241055  
0.115052  0.985757  
0.157097  0.966477  
0.301938  0.63614  
0.229228  0.881929  
0.426344  0.0170564  
0.205314  0.919742  
0.876578  0.00823788  
0.367879  0.0433522  
0.232018  0.874249  
0.43855  0.0169217  
0.108703  0.99717  
0.175596  0.950301  
0.41742  0.0191669  
0.30094  0.637936  
0.0570402  1.00118  
0.331919  0.382753  
1.03112  5.47135e-026  
1.02929  8.81828e-026  
5.43306e-005  1.01555  
0.0242694  1.00985  
1.04934  1.58406e-027  
0  1.01649  
1.01252  0.00013599  
0  1.03621  
5.14263e-007  1.01997  
3.21674e-010  1.02375  
1.0394  4.27074e-011  
0.117276  1.00662  
0.000179946  1.01582  
6.90436e-005  1.01867  
0.0692401  1.01011  
0.151292  0.986404  
0.034122  1.0147  
0.137132  1.00032  
0.284872  0.884211  
0.796447  0.0143808  
0.340046  0.281799  
0.417595  0.085795  
0.337002  0.513807  
0.998945  0.00748963  
0.202653  0.982417  
0.36162  0.140329  
0.277562  0.888708  
0.220687  0.955909  
0.269009  0.930759  
0.327439  0.536823  
0.249529  0.947912  
0.208732  0.980844  
0.115083  1.00687  
1.05511  1.59277e-027  
0.0420216  1.01192  
0  1.04199  
1.04402  1.70247e-010  
0.96219  0.412018  
0.558885  0.5152  
1.04249  8.11627e-005  
0.404103  0.600249  
0.804295  0.506342  
0.387859  0.820605  
0.882503  0.490258  
0.950338  0.455503  
0.0937544  1.01135  
0.17374  1.00983  
0.31581  0.923763  
0.295653  0.986547  
0.0313281  1.01599  
0.284957  0.998619  
0.229895  1.00335  
0.221395  1.00649  
0.336667  0.907591  
0.340623  0.88061  
0.36707  0.836048  
0.348955  0.87104  
0.352251  0.858857  
0.337587  0.902219  
0.00649875  1.01736  
0.374448  0.825814  
0.361261  0.850842  
