1.998e-021  1.05239  
0.979089  0.0792147  
0.730452  0.491979  
0.945406  0.129327  
0.872018  0.265143  
0.777275  0.424485  
0.976146  0.0856901  
0.0623578  1.00005  
0.90771  0.192266  
3.9291e-019  1.00082  
0.78338  0.392499  
0.750783  0.447035  
0.528872  0.736884  
0.80848  0.357323  
0.799726  0.379104  
0.858378  0.289576  
0.543874  0.704917  
0.941221  0.139148  
0.491319  0.76066  
0.896691  0.222467  
0.925661  0.166266  
0.826791  0.330929  
0.681245  0.542472  
0.882096  0.226316  
0.848721  0.311356  
0.752546  0.44682  
0.602288  0.646116  
0.164833  0.973427  
0.652189  0.591583  
0.195951  0.964024  
0.818591  0.336834  
0.914946  0.16886  
0.672759  0.573446  
0.510456  0.752081  
0.350985  0.879897  
0.090226  0.993277  
0.193353  0.972551  
0.717109  0.512605  
0.619639  0.630217  
1.54568e-020  1.01779  
0.117734  0.990233  
0.33922  0.887563  
0.273688  0.926616  
0.227351  0.96154  
0.5958  0.652623  
0.432597  0.817519  
0.64279  0.606309  
0.390353  0.84809  
0.569887  0.686955  
0.2548  0.935973  
0.481992  0.779922  
0.580002  0.671683  
0.664555  0.582974  
0.588778  0.670103  
0.511141  0.7376  
0.466479  0.796044  
0.475123  0.780301  
0.857946  0.310175  
0.156644  0.981447  
0.142774  0.982335  
0.328803  0.895891  
0.249248  0.938215  
0.562868  0.690927  
0.447945  0.810587  
0.628336  0.619037  
0.323514  0.901204  
0.63068  0.607271  
0.235624  0.946039  
0.31005  0.904647  
0.130108  0.985412  
0.369546  0.8757  
0.0722959  0.997225  
0.411949  0.832579  
0.705153  0.522067  
0.704867  0.53083  
0.308405  0.91148  
0.371159  0.863569  
0.405127  0.844518  
0.556223  0.701844  
0.386368  0.862576  
0.0823843  0.995527  
0.713686  0.515412  
0.451106  0.808006  
0.691002  0.531976  
0.30018  0.918579  
0.685367  0.532182  
0.233084  0.948035  
0.622835  0.627032  
0.227535  0.958102  
0.460059  0.801491  
0.42724  0.827231  
0.40928  0.844353  
0.883039  0.223722  
0.671368  0.57573  
0.122348  0.987222  
0.420768  0.831497  
0.382983  0.863047  
0.291148  0.923685  
0.551567  0.702186  
0.297033  0.920432  
