0.266406  0.929633  
0.883071  0.22201  
0.287555  0.921194  
0.544242  0.706529  
1.13832e-034  1.482  
0.892024  0.21079  
0.698115  0.513936  
0.612675  0.626357  
0.24187  0.949717  
0.0503049  0.999097  
0.479554  0.774239  
0.92055  0.166295  
0.824194  0.330501  
0.443345  0.809772  
5.7021e-037  4.78665  
0.806179  0.355204  
0.339393  0.889504  
0.45661  0.803228  
0.316632  0.905225  
0.693533  0.528261  
0.119244  0.987973  
0.732794  0.475921  
0.225369  0.949938  
0.993942  0.036942  
0.297774  0.912966  
0.595498  0.654762  
0.750524  0.439337  
0.623989  0.617518  
2.54453e-035  1.99143  
0.182964  0.969092  
0.508181  0.746506  
0.932311  0.149485  
0.490282  0.757163  
0.722924  0.482239  
0.306621  0.909497  
7.47616e-031  1.07421  
1.50755e-033  1.38303  
6.7364e-033  1.31632  
3.94394e-032  1.16042  
0.687017  0.589077  
9.66504e-033  1.18192  
8.44369e-036  2.18171  
7.92079e-036  4.26886  
2.99682e-036  4.82018  
1.7675e-035  2.39021  
1.72189e-034  1.53688  
0.0658691  1.12404  
2.88288e-035  2.12742  
3.30995e-033  1.45176  
0.3533  0.932916  
0.73969  0.515707  
0.369773  0.905558  
1.15917e-035  2.63061  
0.911165  0.254858  
0.301333  0.948245  
0.992076  0.180398  
0.737298  0.717785  
1.51704e-033  1.53387  
9.2199e-033  1.42749  
3.44905e-031  1.17508  
0.109639  1.06679  
0.616643  0.807369  
0.559383  0.843697  
8.44369e-036  3.32024  
1.72115e-034  1.88496  
0.751289  0.735545  
2.18769e-034  1.91931  
2.53057e-035  4.09506  
0.714921  0.929754  
0.0658691  1.20549  
2.86534e-035  3.273  
3.66367e-035  2.72073  
9.61573e-035  2.19752  
2.1788e-034  1.95166  
1.13832e-034  2.1729  
3.63438e-035  2.92705  
0.22819  1.11687  
0.141725  1.17264  
0.917393  0.49411  
8.41167e-033  1.46212  
3.75388e-034  1.69141  
0.475756  0.931868  
0.405167  1.02562  
0.91912  0.367353  
0.443921  0.998873  
0.0070177  1.24773  
3.92841e-035  2.57476  
0.787688  0.567525  
3.63438e-035  4.84766  
0.951564  0.372291  
5.38628e-035  3.0794  
1.49159e-034  2.27051  
1.20162e-032  1.46565  
0.802074  0.698242  
1.90347e-033  2.03644  
0.917393  0.501763  
0.723912  0.970789  
0.0932275  1.43133  
0.0953492  1.23104  
0.202587  1.21608  
