0.99999  0.000456255  
2.04276e-020  3.13159  
7.53975e-015  1.77722  
2.97997e-013  1.2186  
0.00290022  0.950413  
0.0269369  0.843114  
0.126754  0.7167  
0.210839  0.608697  
0.220725  0.534592  
0.0574308  0.761206  
0.00825336  0.914541  
0.0825954  0.760262  
0.138537  0.628364  
0.265919  0.512279  
0.147497  0.627431  
0.321556  0.438068  
0.352361  0.407651  
0.465142  0.322385  
0.521925  0.278272  
0.297221  0.468763  
0.270832  0.480043  
0.381786  0.384715  
0.541673  0.264699  
0.360658  0.399943  
0.486106  0.304856  
0.452519  0.332392  
0.309038  0.448963  
0.281059  0.474666  
0.402423  0.366173  
0.430845  0.344673  
0.7052  0.165298  
0.416061  0.356809  
0.763625  0.126997  
0.775125  0.120235  
0.884834  0.059792  
0.440643  0.336814  
0.8256  0.0917231  
0.665322  0.186956  
0.390946  0.379146  
0.715424  0.155058  
0.501177  0.29361  
0.550501  0.260584  
0.396874  0.374296  
0.311928  0.445161  
0.494734  0.297207  
0.414076  0.357381  
0.57202  0.24891  
0.869445  0.0707776  
0.561119  0.259593  
0.678592  0.176847  
0.896322  0.0538465  
0.564235  0.251647  
0.627267  0.209503  
0.982302  0.00919176  
0.509659  0.286674  
0.749435  0.134475  
0.796041  0.108555  
0.991655  0.00466894  
0.654413  0.191948  
0.599629  0.226493  
0.815509  0.0975136  
0.607962  0.222817  
0.915617  0.0433736  
0.733218  0.144244  
0.434259  0.341863  
0.852509  0.0780345  
0.943149  0.0299823  
0.740083  0.140353  
0.936149  0.0350022  
0.834134  0.089424  
0.487483  0.303111  
0.960599  0.0205705  
0.725495  0.151322  
0.356055  0.403622  
0.876256  0.0645495  
0.80477  0.10379  
0.50963  0.287099  
0.743693  0.1381  
0.977936  0.012212  
0.592336  0.231689  
0.728446  0.147058  
0.969807  0.016469  
0.85838  0.0737675  
0.633772  0.204337  
0.586397  0.23552  
0.690894  0.171239  
0.585524  0.23941  
0.905031  0.0501963  
0.861261  0.072244  
0.718331  0.152971  
0.578704  0.243422  
0.614969  0.218329  
0.87798  0.0635053  
0.651385  0.197877  
0.640634  0.200197  
0.643734  0.198221  
0.672154  0.181718  
0.620906  0.212853  
0.92397  0.0391074  
0.920465  0.0410182  
