0.0496281  0.872582  0.734991  
0.00745259  1.12826  0.40143  
1.63908e-039  3.07561  0.27906  
2.97806e-027  0.000697798  2.07885  
8.09094e-037  1.71968  0.13185  
5.88365e-037  0.321588  3.31604  
0.68845  0  1.21944  
0.0468741  1.28582  0.075423  
0.522119  2.53197e-009  1.33933  
0.12063  7.52182e-007  1.85283  
2.23987e-035  0.180344  1.69832  
0.0188956  1.39519  0.000169064  
1.58304  5.87246e-018  1.14838e-018  
4.47108e-036  1.59793  0.000378071  
0.00619129  0.00709853  1.85242  
1.93135  7.34538e-018  1.15077e-019  
0.813363  0.320288  1.05099  
1.09103  3.76796e-005  2.94914e-005  
0.607956  0.768166  1.04832  
0.310687  0  1.54134  
0.00241918  2.82283e-005  2.66058  
0.0102433  1.5929  0.000750851  
0.425629  1.11452  3.27668e-014  
0.0642797  1.03859e-005  1.79619  
0.0880567  1.38694  0.0242818  
0.676207  0.683619  0.930235  
0.0825342  0  1.93827  
1.09646e-039  1.28791  0.647732  
0.00992348  0  2.08706  
0.861757  0.37477  0.845873  
0.410518  0.914586  0.456082  
0.709578  0.229339  1.07204  
0.0162571  1.38354  0.152217  
1.64496e-040  4.36138  1.29277e-020  
0.83737  0.0774432  0.912094  
0.954623  0.847546  0.000380511  
1.34882  3.04445e-006  1.98204e-006  
5.95764e-037  0.297814  2.44599  
0.00628779  0.00215582  1.88132  
0.277804  1.11549  8.27277e-007  
1.95037  7.34094e-018  8.97408e-019  
8.9411e-036  0.2133  3.30787  
0.347722  0  1.50484  
3.31187e-037  2.10749  8.63671e-005  
0.0515633  1.24534  0.375683  
0.287919  0  1.8414  
4.48634e-006  2.8657e-005  3.05843  
4.15558e-036  1.41775  0.0368  
3.53768e-022  0.467351  1.1172  
0.00586059  0.0108013  1.4337  
2.62088e-022  0.544512  1.3008  
0.00189416  0.0814455  1.36775  
2.51819e-038  2.57449  0.209735  
0.171357  0.863901  0.945306  
0.174911  8.21095e-006  1.42004  
0.217248  1.44254  2.40507e-010  
0.0179659  0.0678643  1.16374  
0.00243897  0  2.30314  
1.6029e-021  2.08483  0.000346411  
3.37186e-037  0.37937  1.86247  
0.0105333  1.43692  0.0331903  
2.74688e-037  0.603167  1.28709  
0.284728  0.937094  0.467306  
0.0447728  1.6476  1.84867e-005  
0.042221  0.354855  1.05331  
0.141465  1.07704  0.162544  
1.37533e-027  6.26491e-005  2.1471  
1.43879e-037  0.465035  2.11676  
0.0991789  1.35327  0.0663811  
0.291657  0.00147971  1.08662  
1.01932  0.904983  9.03884e-005  
0.48134  1.26519e-007  1.1125  
0.0168393  1.524  0.000411591  
0.144393  1.53449  3.7464e-011  
3.50265e-039  1.82247  0.498998  
0.00439265  0  2.25435  
9.43626e-034  2.20961  8.40561e-018  
0.462132  9.97987e-007  1.18498  
2.08609e-037  3.4476  1.29384e-006  
0.00256692  0.0129234  1.64105  
1.58304  5.36241e-018  2.49705e-018  
0.00775845  1.96443  5.40518e-005  
0.00972084  1.11921  0.400424  
1.94198e-035  0.000193492  2.56336  
4.47785e-035  8.84729e-005  2.58741  
0.40314  0  1.49527  
1.15658e-037  4.08074  2.99367e-007  
6.68546e-037  0.296723  2.43702  
0.00105371  0  3.50759  
0.00652992  2.19359e-005  1.2045  
0.247966  1.09958  0.0642754  
2.33549e-037  0.292856  5.85577  
2.39432e-038  0.473816  1.35584  
0.448666  6.94024e-012  1.47243  
2.37829  9.04365e-018  1.90085e-019  
0.0018404  0  6.12629  
0.00752991  0  5.00882  
2.28062e-039  4.27942  0.388286  
1.85087e-038  4.8511  6.04991e-008  
0.0495234  0  4.4924  
