27.7202  -6.7895e-016  
29.0502  -7.11524e-016  
10.1192  -2.4785e-016  
5.50285  -1.07825e-016  
32.1984  -7.88634e-016  
1.21687e-012  3.1736  
9.82215  -2.40573e-016  
31.5254  -7.72151e-016  
0.776122  0.27563  
0.144107  0.83065  
0.000676417  1.40929  
0.614055  0.368018  
0.325713  0.718624  
1.24466  -2.43883e-017  
1.36919  -2.68284e-017  
0.479677  0.556561  
1.05446  -2.06614e-017  
0.00925803  1.07644  
8.05131e-013  7.99588  
3.46347  -6.78644e-017  
0.065856  0.98823  
2.93882  -5.75842e-017  
3.40136  -6.66475e-017  
3.21899  -6.3074e-017  
1.53136  -3.00059e-017  
0.00104087  1.32607  
2.39095e-009  1.81398  
7.81687e-007  1.53817  
0.996154  0.241062  
9.18573e-009  1.81185  
9.23059e-009  1.71307  
4.8537e-011  2.23022  
3.82222e-011  3.18035  
7.82785e-011  2.26989  
1.41981e-012  4.08939  
2.19787e-011  3.84221  
0.392427  1.13479  
2.86414e-009  1.89992  
0.000838097  1.52682  
1.23003  0  
8.13532e-007  1.60083  
0.770121  0.455849  
18.7769  -1.83961e-016  
12.3111  -1.20614e-016  
4.56594  -4.47333e-017  
9.4495  -9.25784e-017  
9.99569  -9.79295e-017  
0.0253316  1.49802  
5.96576  -5.84476e-017  
16.4496  -1.6116e-016  
0.222471  1.28979  
9.08812  -8.90379e-017  
3.98767  -3.90679e-017  
13.9887  -1.3705e-016  
5.65082  -5.53621e-017  
1.17954  0.0290241  
0.344213  1.13538  
0.529682  0.697046  
0.623914  0.607533  
16.1653  -1.58375e-016  
10.3276  -1.01181e-016  
14.3219  -1.40314e-016  
0.211656  1.3407  
0.864612  0.445852  
0.907094  0.375257  
0.504539  0.96683  
1.0043  0.299362  
2.58594e-009  1.96191  
8.29773e-011  2.40615  
2.22459e-010  2.32938  
5.05775e-011  3.4238  
2.564e-011  4.48225  
1.68385e-011  7.6558  
0.660733  0.683985  
9.39218e-009  2.11884  
0.000772832  1.64419  
0.368426  1.30083  
1.27683  0.0621451  
4.88763e-007  2.11389  
0.272967  1.37759  
1.36161  0  
0.456763  1.25637  
0.0700289  1.53223  
1.35968  0.0333633  
0.457433  1.21594  
0.808736  0.463791  
0.602353  1.13785  
5.35839e-007  1.92657  
7.89019e-009  2.28444  
1.42763  0  
5.73907e-011  4.03368  
6.18641e-011  3.6971  
1.08355e-010  2.7472  
1.19566  0.51324  
0.0778232  1.6267  
0.674272  0.886582  
0.478402  1.31589  
0.361591  1.40709  
1.01442  0.631805  
0.0548441  2.09282  
