0.188222  0.576091  
0.120872  0.654295  
0.273884  0.477201  
0.174035  0.584382  
0.0686259  0.742284  
1.78634e-006  1.84043  
0.252328  0.503995  
4.07728e-006  1.60683  
0.034661  0.818332  
0.438685  0.342004  
0.662114  0.191378  
0.155719  0.60977  
4.3809e-007  2.1889  
0.410944  0.416251  
0.129746  0.653427  
0.00042023  0.98105  
0.00138454  0.977829  
4.49965e-005  0.997286  
0.0098212  0.936109  
0.0298919  0.830555  
0.372313  0.456019  
0.120382  0.718465  
0.0570227  0.762915  
8.60059e-006  1.00097  
0.239127  0.541745  
0.317205  0.460796  
0.0839634  0.731588  
0.999637  0.0225753  
0.997339  0.13168  
0.83522  0.188585  
0.000297049  0.99416  
0.376561  0.428486  
0.546096  0.294605  
3.24369e-009  2.61442  
0.56634  0.271828  
5.06901e-009  2.26601  
0.513243  0.319928  
0.384574  0.42505  
0.408901  0.422459  
0.38009  0.427009  
0.531812  0.3002  
3.88505e-007  2.22324  
0.490965  0.345625  
0.557281  0.326877  
0.544511  0.340296  
8.1358e-007  2.21352  
1.60504e-006  2.19852  
6.26517e-007  2.23105  
0.632899  0.2727  
0.614125  0.276083  
0.456846  0.393807  
0.379311  0.43586  
0.478758  0.356731  
0.551671  0.333071  
0.170042  0.617841  
0.355421  0.473725  
0.232756  0.60006  
5.54284e-007  2.64423  
0.188162  0.608219  
0.036639  0.822963  
0.0214559  0.973953  
7.98621e-005  1.00155  
0.0593604  0.794577  
1.78634e-006  2.05378  
0.265735  0.533762  
0.262741  0.540342  
0.203523  0.606638  
2.48051e-005  1.24293  
0.321953  0.483766  
0.440774  0.428847  
1.39904e-005  1.52292  
0.0117489  0.978698  
0.0352502  0.833846  
0.0224816  0.941756  
0.157409  0.673452  
0.728816  0.263369  
0.270759  0.528429  
0.837027  0.193317  
0.432326  0.434175  
0.0915673  0.737835  
0.560604  0.309711  
5.74368e-007  2.56796  
0.56634  0.288489  
0.971224  0.243811  
6.26517e-007  2.57378  
2.17549e-005  1.81942  
6.28288e-005  1.50004  
6.70595e-007  2.41679  
8.07074e-005  1.11936  
0.734884  0.278039  
0.0909477  0.911859  
0.146125  0.777716  
0.018016  1.04376  
0.294603  0.570521  
0.196885  0.655152  
0.212592  0.614768  
0.572193  0.28985  
0.533487  0.348376  
6.49391e-007  2.51821  
0.322069  0.492602  
