0.991655  0.00466894  
2.97997e-013  1.2186  
0.0717979  0.740581  
0.0207391  0.867739  
0.0115764  0.903311  
0.0887353  0.713264  
0.521925  0.278272  
0.360658  0.399943  
0.222949  0.56087  
0.37688  0.393836  
0.541673  0.264699  
0.749435  0.134475  
0.196833  0.565222  
0.117981  0.696445  
0.232121  0.528945  
0.585524  0.23941  
0.654413  0.191948  
0.174776  0.594642  
0.501177  0.29361  
0.678592  0.176847  
0.982302  0.00919176  
0.869445  0.0707776  
0.815509  0.0975136  
0.85838  0.0737675  
0.281059  0.474666  
0.218743  0.564329  
0.295193  0.462937  
0.80477  0.10379  
0.7052  0.165298  
0.699862  0.171939  
0.796041  0.108555  
0.327576  0.433778  
0.137921  0.640201  
0.306411  0.452725  
0.633772  0.204337  
0.164858  0.606608  
0.774057  0.125661  
0.958172  0.0284184  
0.8256  0.0917231  
0.834134  0.089424  
0.00289495  0.991679  
0.291582  0.468632  
0.288769  0.469315  
0.402423  0.366173  
0.935163  0.0388716  
0.434563  0.345406  
0.943149  0.0299823  
0.851929  0.0858733  
0.915617  0.0433736  
0.471073  0.318938  
0.884834  0.059792  
0.129668  0.647912  
0.920465  0.0410182  
0.960599  0.0205705  
0.118589  0.663834  
0.78377  0.120231  
0.000235883  1.03854  
0.860622  0.174518  
0.848162  0.190706  
0.486605  0.580383  
0.826176  0.211189  
0.762698  0.219013  
0.013227  1.99731  
0.912177  0.0779874  
0.912143  0.154232  
0.0194414  1.81711  
0.510696  0.407665  
0.835556  0.205672  
1.42203e-006  2.47109  
0.999124  0.0340594  
0.025611  0.901594  
0.662309  0.219946  
0.105116  0.72011  
0.543512  0.31567  
0.6219  0.296021  
0.833439  0.206952  
0.475289  0.610229  
0.509005  0.570386  
5.20501e-006  6.27773  
0.935163  0.0795252  
0.0224661  4.71315  
0.0390216  3.17767  
0.00119964  6.25107  
0.0492862  2.07598  
0.0688076  1.16597  
0.0687052  1.84701  
0.0717309  1.00853  
0.491414  0.660229  
0.258476  0.95915  
0.313045  0.893671  
0.453325  0.807468  
0.0643689  1.87542  
0.518315  0.516015  
0.543605  0.334456  
0.422453  0.853464  
0.6219  0.306697  
0.522365  0.446636  
0.913145  0.186207  
0.686567  0.269925  
0.789388  0.220232  
