1.03593  3.97552e-027  
0.316376  0.481557  
0.319998  0.445448  
0.332797  0.205978  
0.568879  0.0100221  
0.529211  0.0107468  
0.0396411  0.997316  
0.00522158  0.999816  
0.448874  0.0143266  
0.277874  0.708926  
6.96042e-008  1.00443  
0.48321  0.0121861  
0.774224  0.00895312  
0.648352  0.00960466  
1.00459  7.63784e-005  
0.296738  0.646823  
0.270891  0.735958  
0.283416  0.686796  
0.00490254  0.999999  
0.288688  0.662459  
0.0227693  0.999107  
3.58195e-007  1.00014  
0.326204  0.395259  
1.25335e-007  1.00036  
0.0121899  0.999294  
0.254872  0.78769  
0.885482  0.00716239  
1.02466  5.58129e-015  
0.0254259  0.998853  
0.505921  0.0112638  
4.88669e-023  1.0629  
0.679275  0.00952909  
0.620271  0.00961517  
3.29351e-023  1.44544  
0.304711  0.577004  
0.59375  0.00980136  
0.864191  0.00738041  
0.403215  0.0208696  
0.940246  0.00352943  
0.140884  0.95997  
0.265012  0.753868  
0.0871698  0.984409  
0.335514  0.140367  
0.695212  0.00939788  
0.264031  0.784042  
0.264388  0.765981  
0.711606  0.00935686  
0.34577  0.0776687  
0.837289  0.00825412  
0.0565972  0.991898  
0.239944  0.838139  
0.241414  0.821314  
0.848765  0.00742727  
0.990303  0.000727337  
0.163736  0.942134  
0.175525  0.937757  
0.301285  0.601398  
0.185528  0.927684  
1.00946  6.51597e-014  
0.0817858  0.991332  
0.149692  0.954268  
0.215267  0.875742  
0.33559  0.1336  
0.395057  0.0322614  
0.0354655  0.99832  
1.00604  2.32173e-011  
0.0369551  0.998174  
6.70711e-023  1.03895  
1.16298e-022  1.01776  
5.84987e-023  1.48635  
1.01393  6.40094e-013  
0.370742  0.265726  
6.57467e-023  1.07837  
0.597739  0.169123  
0.335507  0.444701  
0.812942  0.0389926  
0.715935  0.165804  
0.314006  0.764662  
0.324194  0.547442  
1.00681  7.13874e-005  
0.750251  0.0421823  
0.297997  0.854116  
0.333579  0.538132  
0.306227  0.805602  
0.220032  0.947694  
0.29648  0.931871  
0.283473  0.947213  
0.191268  0.989215  
1.16391e-022  1.01857  
0.121802  0.997121  
0.216693  0.980898  
0.0222792  0.99975  
0.0728441  0.998285  
3.58283e-007  1.00038  
0.157165  0.991787  
0.136908  0.994076  
0.0945488  0.997307  
0.210569  0.983578  
0.0463115  0.99938  
0.0431096  0.999382  
