26.2896  -5.79518e-016  
23.2961  -5.13532e-016  
10.7961  -2.37985e-016  
25.7031  -5.6659e-016  
8.08341  -1.58389e-016  
0.248743  0.77606  
0.836964  0.158267  
0.926401  0.146713  
2.50884  -4.91591e-017  
7.15795  -1.40255e-016  
1.81863  -3.56349e-017  
2.80722  -5.50057e-017  
1.06002  2.33667e-017  
4.14879  -8.12929e-017  
1.6551  -3.24306e-017  
4.96284  -9.72436e-017  
5.64433  -1.10597e-016  
7.60959  -1.49105e-016  
7.50973  -1.47148e-016  
4.02717  -7.89097e-017  
6.30836  -1.23608e-016  
0.999607  0.0329227  
5.6058  -1.09842e-016  
7.82208  -1.53268e-016  
1.84131  -3.60793e-017  
1.17568  -2.30367e-017  
7.36628  -1.44338e-016  
3.82709  -7.49893e-017  
4.49304  -8.80382e-017  
3.76292  -7.37319e-017  
3.64615  -7.14439e-017  
2.12378  -4.16141e-017  
6.3783  -1.24979e-016  
6.44308  -1.26248e-016  
4.23112  -8.29059e-017  
3.529  -6.91484e-017  
5.40797  -1.05966e-016  
4.28061  -8.38758e-017  
2.61751  -5.12883e-017  
7.25909  -1.42237e-016  
2.91858  -5.71876e-017  
4.6279  -9.06807e-017  
6.64118  -1.3013e-016  
4.87804  -9.5582e-017  
3.0257  -5.92867e-017  
1.96135  -3.84314e-017  
4.05878  -7.95292e-017  
7.92835  -1.55351e-016  
6.52529  -1.27859e-016  
1.60138  -3.1378e-017  
2.41529  -4.7326e-017  
2.33907  -4.58325e-017  
4.42689  -8.67419e-017  
2.04469  -4.00644e-017  
2.93431  -5.7496e-017  
0.998854  0.0381428  
0.984584  0.0703986  
4.69103  -9.19177e-017  
1.35977  -2.66439e-017  
1.10442  -2.16404e-017  
5.04392  -9.88324e-017  
3.36508  -6.59365e-017  
6.85674  -1.34353e-016  
7.05991  -1.38334e-016  
1.06474  -2.08629e-017  
3.27475  -6.41665e-017  
6.82839  -1.33798e-016  
5.26478  -1.0316e-016  
6.04749  -1.18497e-016  
6.11938  -1.19905e-016  
2.20823  -4.32688e-017  
3.68952  -7.22938e-017  
3.26242  -6.39249e-017  
3.1825  -6.23589e-017  
0.756918  0.294573  
5.25023  -1.02875e-016  
2.2628  -4.43382e-017  
6.22359  -1.21947e-016  
5.48115  -1.074e-016  
5.8404  -1.14439e-016  
7.74684  -1.51794e-016  
6.93237  -1.35835e-016  
1.53583  -3.00935e-017  
0.15153  0.817808  
0.668841  0.469425  
0.000127389  2.25207  
0.00316137  3.25303  
0.000616019  3.64341  
0.793447  0.308789  
0.726675  0.798161  
1.0603  2.33728e-017  
0.158826  0.848855  
1.03871  0.0396647  
0.00364257  3.74819  
0.000734354  4.3433  
0.813075  0.316428  
0.19967  1.07762  
1.06221  2.3415e-017  
0.54847  0.882749  
0.000844914  4.9972  
