0.280543  0.900792  
4.26729e-007  1.37957  
2.89874e-012  1.93682  
6.39798e-019  3.66743  
1.35388  1.5821e-005  
0.853512  0.0188319  
2.2578  4.43059e-027  
0.00352035  1.11497  
0.337571  0.89677  
2.31101  9.96958e-030  
0.355077  0.851987  
1.11005e-017  2.60511  
0.358188  0.776538  
0.644061  0.0342503  
1.83657  5.79055e-018  
1.41565  7.24718e-013  
7.69032e-012  1.59563  
1.72942e-013  2.1301  
2.7735e-018  3.15458  
0.464532  0.16945  
5.40876e-020  4.09643  
0.418464  0.254628  
1.34586e-020  4.83108  
5.82146e-012  1.88824  
0.484559  0.162102  
2.82692e-012  2.12894  
5.07063e-008  1.50785  
7.33388e-005  1.21377  
1.68436e-007  1.38489  
0.674857  0.021233  
3.26987  5.98137e-031  
3.2899  2.76087e-031  
0.00095963  1.17464  
0.49905  0.0420351  
3.10115e-021  4.90581  
0.375049  0.487093  
2.29583e-019  3.67289  
3.87264e-020  4.30715  
0.430161  0.186614  
0.186531  1.02874  
3.49343  1.59e-039  
0.497485  0.0639537  
8.39393e-018  2.6683  
0.455876  0.181312  
0.529738  0.0417185  
1.11884  0.000527377  
1.85262  7.43945e-027  
3.55406e-018  3.57054  
0.000293957  1.27273  
0.497563  0.168223  
2.42161e-019  3.69165  
8.74468e-005  1.32131  
6.26097e-013  2.29632  
0.00707402  1.13649  
0.0002253  1.2924  
2.03798  8.18483e-027  
3.17438e-021  5.60182  
0.231913  1.03729  
2.9333  8.78658e-029  
1.46967e-012  2.21359  
6.33515e-013  2.21463  
2.40016e-019  3.83979  
1.19604  0.0187474  
2.43812  1.88674e-028  
1.45944e-015  2.67871  
0.502952  0.0728718  
3.66413  1.18098e-029  
0.379643  0.624527  
0.735929  0.0391357  
4.12237e-020  4.89405  
0.475971  0.405756  
0.001237  1.21927  
1.84261  2.13029e-016  
0.399685  0.513884  
6.78248e-020  4.16159  
1.80383  1.17605e-011  
0.775256  0.0249283  
1.51481  9.14907e-010  
2.34882e-007  1.40279  
3.57873  3.63464e-029  
0.950665  0.0203406  
1.39772  0.0119014  
0.4791  0.257174  
7.33844e-017  2.813  
1.64953e-011  1.67209  
1.22679  0.0139636  
1.43292  0.0101919  
0.363295  0.784146  
0.00410864  1.1385  
1.47772  0.00453491  
5.85482e-012  1.89906  
7.59464e-018  3.45159  
0.867483  0.0229527  
0.514039  0.0445852  
2.4659e-020  5.1079  
1.49271e-007  1.55046  
0.502576  0.0899068  
1.11503e-020  6.72005  
6.41704  2.31598e-029  
6.21422  9.03198e-029  
