0.999462  0.000586872  
0.0017962  0.972451  
0.00130638  1.02302  
0.658535  0.193951  
0.449547  0.333403  
0.000389959  1.02897  
0.133898  0.640098  
0.95447  0.0240819  
0.438283  0.346826  
0.542334  0.272054  
0.368922  0.400148  
0.141445  0.62696  
0.601574  0.227808  
0.150295  0.61901  
0.757585  0.132124  
0.0338978  0.823106  
0.0196245  0.870403  
0.106779  0.680925  
0.126617  0.655187  
0.483974  0.312009  
0.771355  0.130322  
0.470189  0.315161  
0.37491  0.390304  
0.326322  0.437414  
0.532303  0.276154  
0.943103  0.0297531  
0.0341158  0.820013  
0.289388  0.474593  
0.617783  0.21786  
0.264578  0.492112  
0.911992  0.0457278  
0.985452  0.0154586  
0.256036  0.502478  
0.630974  0.210977  
0.506504  0.289303  
0.111806  0.672335  
0.241436  0.513325  
0.685775  0.176896  
2.61851e-005  1.08148  
0.0870661  0.743579  
0.0182422  0.939359  
6.60101e-006  2.04925  
7.02444e-006  1.89245  
5.88403e-006  2.11719  
6.60858e-006  1.97345  
0.871074  0.0978488  
0.593472  0.257221  
0.330129  0.527603  
0.0387328  1.33069  
0.0502407  1.24556  
0.0111973  1.6309  
0.113649  1.11474  
0.000519003  2.37043  
0.987605  0.0266492  
0.134932  0.670385  
0.38812  0.411128  
0.784764  0.232779  
0.556811  0.276673  
0.0860121  1.13072  
0.83307  0.198681  
0.48776  0.357674  
2.1961e-005  3.92565  
0.957538  0.110261  
0.000449126  2.47347  
2.2881e-005  2.48746  
0.00066982  1.98944  
0.831161  0.226199  
0.602221  0.257696  
0.0349412  1.36631  
0.117087  1.11467  
0.946303  0.15513  
0.887124  0.190506  
0.00886426  1.81583  
0.371118  0.622318  
0.000196597  3.49105  
0.00855737  2.37298  
0.178039  0.76347  
0.0497354  1.47045  
0.0303356  1.67734  
0.613946  0.258564  
0.0083024  2.51814  
0.0166204  2.35887  
0.947849  0.244741  
0.172588  1.0535  
0.091746  1.16798  
0.318119  0.67653  
0.256368  0.757705  
0.172872  0.991443  
0.521498  0.420456  
0.50326  0.424483  
0.0200119  1.74242  
0.0502407  1.33018  
0.0196669  2.24804  
0.05982  1.28214  
0.0917935  1.14868  
0.00130535  2.60231  
0.433926  0.431487  
0.00151152  2.66537  
0.613946  0.286878  
0.0404655  1.68499  
