5.84564  -2.32833e-015  22.5279  
0.000989387  2.5435  0.159337  
26.8011  -3.26241e-016  3.15658  
0.783182  1.11649  4.79798e-009  
12.4414  -9.34813e-016  9.04488  
17.6549  -3.73657e-016  3.61535  
6.82926  -1.81818e-015  17.592  
22.368  -4.15913e-016  4.0242  
26.0877  -3.56636e-016  3.45067  
4.00336  -1.38033e-015  13.3556  
4.04693  -1.0048e-015  9.722  
3.23043  -2.13875e-015  20.6937  
7.02038  -1.66883e-015  16.1469  
4.27627  -1.466e-015  14.1844  
10.8851  -6.57222e-016  6.35902  
8.09672  -7.13431e-016  6.90287  
18.6469  -3.88991e-016  3.76372  
21.3798  -5.03566e-016  4.8723  
9.33855  -6.16115e-016  5.96128  
19.5368  -2.26504e-016  2.19157  
9.62643  -8.1145e-016  7.85127  
2.23123  -2.22509e-015  21.5291  
20.6976  -2.16115e-016  2.09104  
4.64661  -8.50245e-016  8.22663  
5.71595  -4.57881e-016  4.43027  
7.92794  -6.88731e-016  6.66388  
6.23406  -5.49658e-016  5.31827  
11.6602  -5.04971e-016  4.8859  
7.09871  -5.63583e-016  5.453  
4.04251  -7.82882e-016  7.57485  
0.903206  0.489229  0.00215676  
11.9541  -3.19144e-016  3.08791  
0.453471  0.114788  0.531683  
0.61824  1.02216  2.51782e-008  
4.53045  -8.83627e-016  8.54962  
4.37049  -4.51702e-016  4.37049  
0.705054  0.322019  0.323488  
4.03693  -9.0452e-016  8.75177  
3.62911  -5.28167e-016  5.11033  
4.06664  -5.96909e-016  5.77545  
4.23903  -8.054e-016  7.79272  
4.43274  -8.66266e-016  8.38164  
7.98806  -5.84194e-016  5.65243  
3.91224  -5.71565e-016  5.53024  
0.656074  0.456163  0.452149  
0.974992  0.223413  0.428076  
0.621215  -6.42043e-017  0.621215  
1.46513  -1.84884e-016  1.78886  
0.569863  -7.88348e-017  0.762774  
3.71447  -3.83901e-016  3.71447  
0.463227  -6.63754e-017  0.642221  
1.94547  -1.55304e-016  1.50266  
3.33351  -2.62503e-016  2.53987  
0.791485  0.111106  0.51463  
1.36825  -1.16305e-016  1.12532  
3.6651  -3.78798e-016  3.6651  
0.868459  0.238429  0.456848  
1.09894  -1.41138e-016  1.3656  
1.04865  -1.08381e-016  1.04865  
3.46962  -3.36882e-016  3.25954  
1.24348  -1.6322e-016  1.57925  
1.66086  -1.32445e-016  1.28148  
1.67248  -1.72855e-016  1.67248  
1.12963  -1.36725e-016  1.3229  
3.38416  -3.49762e-016  3.38416  
2.49111  -3.41494e-016  3.30416  
3.10938  -2.43582e-016  2.3568  
2.36869  -3.26014e-016  3.15438  
1.22385  -9.86366e-017  0.954368  
2.68571  -2.52791e-016  2.4459  
0.615384  -9.02856e-017  0.873567  
3.79371  -2.99247e-016  2.89539  
3.06887  -3.17177e-016  3.06887  
1.50534  -2.20955e-016  2.13787  
3.35079  -3.46313e-016  3.35079  
0.532121  -6.57601e-017  0.636268  
3.57282  -2.79159e-016  2.70103  
1.56456  -2.18955e-016  2.11852  
0.992321  -9.82646e-017  0.950769  
1.2914  -1.22596e-016  1.18619  
0.841117  -1.0309e-016  0.997454  
3.17074  -2.65252e-016  2.56647  
2.93456  -3.21318e-016  3.10895  
3.88205  -3.01308e-016  2.91534  
0.75251  -8.35022e-017  0.807934  
2.00445  -1.91069e-016  1.84871  
1.79427  -1.39707e-016  1.35174  
2.94821  -2.30351e-016  2.22879  
2.63737  -2.72579e-016  2.63737  
0.820909  -1.10981e-016  1.0738  
3.99723  -3.10607e-016  3.00531  
2.12801  -2.08874e-016  2.02098  
2.62491  -2.87994e-016  2.78652  
1.34219  -1.96142e-016  1.89779  
2.18884  -3.00366e-016  2.90622  
2.05062  -1.9852e-016  1.9208  
1.74459  -2.48427e-016  2.40368  
0.969289  -1.3372e-016  1.29382  
1.09361  -1.58991e-016  1.53833  
2.43291  -3.10216e-016  3.00152  
