3.94908e-033  1.02525e-005  4.21199  
9.29842e-033  9.29842e-033  9.9199  
0.000334879  4.02517e-033  4.26056  
1.12424  1.12424  0.000744303  
1.20235  0.057843  1.26832  
2.57201e-005  1.21212  2.78621  
1.7062e-007  6.81306e-033  7.26841  
1.1019e-006  5.37266e-033  5.73164  
6.50876e-033  1.5631e-021  6.94379  
5.71165e-033  5.18357e-020  6.09341  
4.87125e-033  5.01544e-016  5.19683  
6.06181e-033  4.7822e-021  6.46697  
4.13917e-033  7.19571e-007  4.41575  
5.99597e-033  2.74885e-020  6.39673  
0.327182  0.00175458  2.95888  
0.196996  0.0374959  1.93404  
2.68266e-005  4.3925e-033  4.68433  
9.78048e-032  7.65843e-013  4.87526  
0.00904715  0.276403  3.14573  
0.000330061  0.000729784  3.91115  
0.0233104  5.50446e-008  3.65005  
0.00686169  4.45528e-008  4.12356  
0.22245  0.237449  1.68913  
0.978715  0.167752  1.22095  
1.02057e-031  2.67674e-017  5.08721  
0.512428  1.6964e-005  2.6303  
0.0463364  3.26847e-005  3.48137  
0.449799  0.473959  1.49458  
0.0279011  0.761483  1.86517  
0.896587  1.11842  0.226589  
4.4518e-033  0.0824022  3.80475  
4.5117e-033  5.058e-007  4.8132  
0.950972  0.847821  0.673124  
1.15231  0.0278233  1.33758  
0.768432  0.816921  0.735933  
1.08046  0.930778  0.166824  
0.922431  0.475524  0.952119  
0.882979  1.05258  0.297259  
0.508907  5.87682e-007  2.71516  
1.11519  0.731792  0.444822  
0.0199624  0.00137511  3.7785  
0.0351031  2.74937e-005  3.52921  
0.770399  0.982717  0.526424  
0.565418  1.14325  0.580408  
0.412373  0.0148877  2.50885  
0.291175  0.0207194  2.43344  
0.842701  1.15598  0.410077  
0.00533832  0.598927  2.37726  
0.64746  0.372457  1.03364  
1.16712  0.414012  0.806134  
0.00105817  0.00715643  3.36637  
0.537191  0.198573  1.41014  
0.680608  2.21306e-006  2.49681  
0.712744  0.362686  1.40277  
1.4241e-010  0.690332  2.86451  
0.264067  1.07199  1.00745  
0.824843  0.185279  1.11479  
0.0165972  0.27795  2.26572  
0.000185576  0.0139971  3.26895  
0.604459  0.0134409  2.00784  
0.815124  0.896057  0.630289  
0.0346276  0.496958  1.64564  
4.39602e-033  6.7253e-007  4.6898  
0.0392912  1.08625  1.16797  
0.723568  0.903317  0.780218  
1.18275e-005  0.334209  3.40935  
0.497504  0.737291  1.07559  
1.03753  1.03335  0.0528665  
0.0168121  0.0106743  2.52651  
0.00922312  0.856564  1.77543  
0.254077  0.558405  1.54583  
0.0164457  0.615639  1.94205  
0.00452427  0.284432  2.90695  
1.02547  0.975488  0.147965  
0.541493  0.79449  0.847219  
0.617226  0.55489  1.2565  
0.00119107  0.647015  2.92848  
0.0118047  0.00037449  3.86341  
0.482747  1.06946  0.768014  
0.863042  1.00721  0.354204  
1.07466  0.0169156  1.4638  
0.509134  0.005651  2.13556  
0.802805  0.53167  0.808564  
2.60734e-011  0.40717  3.18269  
0.224794  0.834127  1.04581  
1.01182  1.0393e-007  2.08375  
0.0250568  0.874729  1.28057  
1.07749  0.679818  0.561122  
2.4425e-006  4.85043e-033  5.17446  
1.05377  1.01433  0.0867716  
0.0362933  0.0649391  2.32587  
0.839291  0.000755037  2.20279  
0.76906  0.00915801  1.78447  
1.02334  0.773246  0.350171  
0.884977  0.510457  0.912126  
1.50087e-007  0.00822896  4.14396  
1.67665e-005  4.77746e-033  5.09507  
0.0168951  0.181009  2.05235  
0.545179  0.0208399  1.58356  
1.05081  1.00344  0.115183  
