1.01889e-016  3.23175e-019  1.66399  
4.92737e-017  3.90265e-017  1.02653  
7.17675  1.30147  1.82077e-066  
2.11098  2.09723  2.86525e-071  
0.000183912  5.49102  1.00679e-067  
4.85983  0.671171  3.9082e-065  
4.07407  0.00110381  1.66046e-054  
2.94497  0.00149771  4.22613e-053  
4.70454  0.726738  2.47499e-066  
1.48101  2.96953  3.19175e-071  
7.16944e-017  6.28925e-019  1.1709  
9.75981e-017  4.47443e-019  1.59391  
1.19079e-012  5.13053  2.60274e-044  
2.54415  0.416232  1.73545e-063  
2.2374  1.17618  6.77108e-063  
2.5401e-016  4.14829  0.000343321  
0.00120721  3.66998  5.85772e-070  
2.75955e-016  4.50668  0.000144819  
0.30266  0.627335  0.784401  
0.00394935  2.66376  5.01661e-071  
4.04007e-005  3.07933  3.45702e-061  
0.00022017  4.83002  1.42772e-067  
0.000191606  5.32232  8.49888e-067  
8.49072e-011  3.33741  4.13007e-042  
2.61723e-011  3.42233  2.54715e-044  
0.597519  0.765942  0.536827  
1.22446  2.2633  1.75244e-063  
2.00705  1.52073  7.77172e-066  
2.58303  0.245815  3.03797e-054  
2.90625  2.01879  1.91918e-070  
2.85161e-005  1.84088  0.0957245  
1.47499e-016  2.40884  0.0668443  
2.42571e-016  3.96148  0.00576749  
0.108361  2.5742  5.99147e-063  
1.65294  0.905647  2.80926e-030  
2.74232  7.95894e-012  2.8179e-031  
0.201578  1.05985  0.478778  
1.92203  0.0206561  8.11685e-054  
2.34216e-012  4.65645  5.79468e-044  
0.0468426  1.69124  1.35331e-055  
0.925831  0.350151  0.499745  
2.67005  4.82513e-014  0.128457  
2.5098e-016  4.09882  0.000391985  
0.175159  2.38817  2.62791e-063  
1.46048e-011  3.82826  1.26418e-043  
1.39144  0.0201199  0.135111  
1.78511  2.17169e-011  4.91962e-030  
0.000399043  4.76778  5.3181e-070  
1.05546  0.875968  0.175922  
1.077  0.0562162  0.249791  
0.481441  0.925015  0.244254  
0.78712  0.582626  0.373914  
0.733459  0.610774  0.34513  
0.612879  0.759542  0.400959  
0.112652  1.29743  2.15027e-044  
0.334233  1.58149  8.92174e-056  
0.538527  0.143543  0.835982  
1.19954  0.290181  0.207052  
1.36203  0.972073  5.87017e-056  
1.60159e-016  2.6156  0.0071152  
0.38668  1.98435  2.21866e-063  
1.01407e-011  4.54501  2.3057e-044  
0.00240607  1.36432  0.198638  
1.22363  1.18611  1.55446e-044  
1.145  0.0285951  0.232049  
1.24905  4.83401e-013  0.309608  
0.848383  0.453026  0.382186  
2.15003  0.0083009  8.36761e-054  
0.539022  0.798923  0.295867  
1.00199  0.664488  0.190309  
0.319462  1.89263  7.44086e-056  
0.873547  0.547118  0.271745  
0.250048  0.529475  0.851212  
0.316824  0.49759  0.857525  
0.02083  1.96096  0.0758796  
1.0542e-011  3.86015  2.873e-044  
1.31897  1.02056  3.02065e-057  
0.608955  0.000402926  0.91342  
0.517027  0.30548  0.808932  
0.15527  2.05412  7.26206e-056  
0.653624  0.726144  0.271319  
0.0586218  1.13371  0.178724  
5.67269e-017  2.52184e-017  1.01384  
0.5508  0.117121  0.84466  
1.74779  1.3363  1.14907e-063  
0.0561353  1.08562  0.29129  
0.317349  1.46367  1.23475e-055  
0.366581  0.4603  0.811879  
0.0253996  1.63107  2.69342e-044  
0.674355  0.765962  0.239034  
0.669519  0.0423112  0.909571  
0.532014  1.00558  0.214301  
0.759138  0.609973  0.256744  
0.964485  0.336567  0.23927  
0.489385  1.02339  0.227508  
0.583177  0.124006  0.818649  
1.68249  0.544025  1.27828e-052  
1.7147  0.0324243  2.46108e-053  
0.0750183  1.32403  2.03657e-045  
0.0645281  1.66057  9.17231e-056  
