0.530408  0.514601  
1.07378  9.53025e-005  
0.201236  0.822521  
0.556119  0.479162  
0.100134  0.930562  
8.75171  0  
0.190286  0.865613  
0.526035  0.597018  
0.905806  0.122553  
0.915502  0.114605  
0.769062  0.345811  
0.312164  0.804459  
2.34591e-037  1.25828  
5.87675e-039  1.68369  
2.03333e-037  1.54248  
2.0093e-039  4.13397  
7.30424e-040  5.5317  
0.525584  0.733565  
8.13701  7.78626e-007  
5.30547e-040  8.26368  
8.56588  7.10998e-007  
0  9.11586  
8.7203  7.23816e-007  
2.96626e-040  15.9827  
4.44968e-040  12.9457  
8.76931  1.447e-007  
9.25274  0  
2.45234e-037  1.31537  
0.557798  0.503673  
0.779401  0.454749  
0.270515  0.946595  
0.259826  1.02087  
6.01993e-037  1.26479  
7.58413e-040  8.29373  
2.34728e-037  1.61185  
7.76693e-039  1.94001  
0.543363  0.75838  
0.221629  1.21265  
2.4953e-039  7.27664  
8.19654  0.141823  
8.21815  7.8639e-007  
8.76478  7.22724e-007  
8.73832  7.25311e-007  
5.03965e-039  7.73783  
3.68065e-038  4.35623  
1.63799e-038  5.28162  
1.19866e-035  1.27065  
0.338442  0.949646  
4.93536e-038  3.8041  
0.56745  0.748915  
0.276357  1.16551  
1.70772e-036  1.27308  
2.63337e-037  1.44566  
1.3431e-036  1.40434  
1.78993e-038  4.84479  
6.15709e-038  3.55676  
7.18686e-038  2.40546  
4.85959e-039  8.11025  
9.81771  0  
8.29484e-040  8.46471  
8.29007  7.93273e-007  
10.0911  0  
8.80698  7.31011e-007  
1.06196e-039  9.73905  
5.10542e-039  8.52053  
1.93668e-038  7.20358  
5.595e-038  4.76262  
3.48595e-037  1.56573  
1.51676e-036  1.41801  
1.2057e-036  1.44834  
7.05208e-037  1.51948  
9.8538e-037  1.45574  
5.12482e-036  1.28547  
1.20901e-038  8.29003  
2.07773e-036  1.36092  
0.233472  1.27745  
0.729633  0.837371  
0.407845  1.04444  
1.00794e-037  4.45422  
1.70942e-037  3.74641  
8.35673  7.99651e-007  
3.59925e-039  8.69932  
12.6705  0  
2.1544e-039  19.7577  
8.36892  8.00818e-007  
0.438333  1.12125  
5.20443e-039  15.1768  
7.32533e-039  9.58596  
6.42609e-037  1.83003  
1.49328e-037  7.0188  
3.56082e-039  17.8372  
10.6506  2.50668e-008  
9.28139  7.70388e-007  
1.33924e-038  8.49689  
1.13688e-035  1.38751  
2.36586e-038  8.07851  
3.77801e-038  7.75816  
4.61201e-038  7.48546  
5.88121e-038  7.25438  
1.65922e-038  8.42746  
