1.32491  8.70442e-033  
3.71455e-012  1.00392  
0.983375  0.00175151  
1.21162  3.77448e-012  
0.723963  0.00936285  
0.295179  0.628705  
0.554409  0.0102856  
0.874341  0.00775592  
0.430382  0.0161367  
0.321262  0.440762  
0.27904  0.70153  
0.514568  0.0110946  
0.677737  0.0095179  
0.309394  0.539094  
0.312462  0.528296  
0.265481  0.753916  
0.941358  0.00429239  
0.262069  0.833394  
0.415837  0.0664324  
0.885538  0.00648335  
0.333634  0.327125  
0.270288  0.734239  
0.335771  0.272605  
0.334225  0.306821  
0.333575  0.37488  
1.23153  1.61477e-012  
0.323678  0.408297  
1.26368  6.90907e-014  
0.678981  0.00950511  
1.28226  6.64521e-028  
0.119429  0.974243  
0.325506  0.395229  
0.335888  0.246037  
0.33813  0.207603  
0.163401  0.960803  
0.347746  0.143061  
0.337983  0.236657  
0.145459  0.970967  
0.211855  0.918344  
0.246523  0.867306  
0.332152  0.378804  
0.344539  0.165441  
0.154493  0.969635  
0.233544  0.88818  
0.34675  0.155873  
0.352841  0.130583  
0.0917128  0.987769  
0.251461  0.856686  
0.180548  0.948942  
0.341526  0.182992  
0.341488  0.201121  
0.107624  0.983783  
0.112708  0.977719  
0.257178  0.845779  
0.076907  0.988213  
0.34208  0.178509  
0.380495  0.0879715  
0.100351  0.987024  
0.17075  0.954446  
0.19773  0.932632  
0.189363  0.939485  
0.372697  0.0966019  
1.27999  1.27906e-015  
0.218838  0.907962  
0.18727  0.941493  
0.388583  0.0795759  
0.239297  0.881125  
0.227345  0.899422  
0.205138  0.924124  
0.227942  0.895582  
0.0193561  0.998338  
0.38153  0.0849241  
0.241034  0.875412  
0.220516  0.905801  
0.0633129  0.993249  
0.174384  0.951929  
0.00969887  0.999195  
0.366089  0.104966  
0.409268  0.069083  
0.363004  0.113197  
0.400679  0.0740766  
0.0730381  0.993075  
0.0365369  0.996843  
0.254669  0.851617  
0.0302329  0.997442  
0.370918  0.102125  
0.0537258  0.995342  
0.395002  0.0769544  
0.0479905  0.99551  
0.0251164  0.997813  
0.0584957  0.994033  
0.337784  0.238385  
0.363882  0.108606  
0.358693  0.116727  
0.145588  0.969701  
0.357743  0.118834  
0.354957  0.124866  
0.403125  0.0718172  
0.00680411  1.00022  
0.392763  0.0780074  
