0.283511  3.57554  
1.60126  0.625688  
0.547389  1.94916  
0.495251  2.08795  
0.294098  3.45313  
0.367281  2.72349  
0.351  2.86507  
0.558319  1.81606  
0.303513  3.3023  
0.324878  3.11506  
0.713134  1.42014  
0.344867  2.91645  
0.332625  3.00678  
0.684819  1.46583  
0.285811  3.53119  
0.37538  2.66456  
0.31234  3.20905  
0.791183  1.27835  
0.758048  1.34466  
0.753265  1.36947  
0.327228  3.05688  
0.58913  1.7687  
0.597176  1.69824  
0.484025  2.1455  
0.864886  1.17078  
0.388054  2.61312  
0.678749  1.52538  
0.892616  1.13534  
0.634666  1.64573  
1.01867  0.982986  
1.06022  0.963922  
0.477908  2.17734  
1.57128  0.638333  
0.31011  3.23132  
0.933571  1.07747  
0.568232  1.78174  
1.09974  0.913796  
0.637966  1.59454  
0.306379  3.28285  
1.25597  0.799585  
1.19409  0.838686  
0.456048  2.22163  
1.22499  0.831349  
1.28312  0.78339  
0.918547  1.10752  
0.80529  1.2624  
1.07862  0.935038  
0.463873  2.2055  
1.23635  0.810604  
0.847808  1.18906  
0.824383  1.24318  
0.448479  2.26142  
0.626536  1.67013  
1.54417  0.649049  
0.614089  1.68629  
0.388079  2.5816  
0.391328  2.55898  
0.953184  1.0626  
1.11843  0.89692  
1.3118  0.767944  
0.395533  2.53197  
0.902647  1.11567  
0.840864  1.20926  
0.981975  1.02656  
0.830499  1.22542  
1.44759  0.692928  
1.06335  0.943816  
0.669558  1.54573  
1.13515  0.892779  
0.961213  1.04864  
1.43258  0.701593  
1.29807  0.771968  
1.34146  0.747779  
1.17723  0.85539  
1.40523  0.713256  
0.969558  1.03375  
1.60101  0.625806  
1.46393  0.685183  
1.33342  0.751836  
0.442063  2.29148  
1.36408  0.734071  
1.15255  0.885654  
1.00816  0.997126  
0.999122  1.01182  
0.640204  1.57356  
1.41912  0.70877  
0.409363  2.44922  
0.420097  2.38409  
0.659987  1.55279  
0.448401  2.27584  
1.49068  0.672172  
0.399077  2.51268  
0.437597  2.30741  
1.5277  0.655587  
1.15314  0.870013  
1.50347  0.666791  
0.416906  2.41024  
0.426419  2.35972  
1.38832  0.720892  
1.16639  0.865453  
