1.24308  1.24308  3.97374e-009  
6.30244e-033  0.00348124  6.26525  
1.21564e-032  5.83978e-010  12.9689  
0.228617  4.49867e-033  3.41152  
9.16405e-033  8.71369e-008  9.77654  
0.000258127  7.15492e-033  7.60705  
8.31909e-033  0.00275499  8.60676  
2.25734e-015  1.45336e-019  6.81422  
8.63648e-033  1.1981e-007  9.21371  
2.07817e-010  2.88527e-017  5.2157  
6.72425e-033  0.721409  5.62009  
3.86651e-010  1.28849e-006  4.95066  
8.63439e-015  0.0504258  4.56442  
0.000277172  5.71532e-033  6.06935  
0.740205  1.13667  0.445333  
3.44901e-007  3.09053e-017  4.72607  
2.03314e-015  0.000545246  5.72962  
1.04856  0.94475  0.239968  
1.7316e-008  1.38684e-005  4.1448  
0.621921  0.134623  1.4732  
0.053885  0.013237  2.91242  
5.15445e-009  1.90875e-005  4.35692  
1.02229  1.02093  0.0345562  
0.977283  0.975576  0.0731663  
0.156903  0.493829  1.79285  
2.08253e-011  2.10547e-005  4.34802  
0.657227  0.679915  0.795851  
3.17097e-006  1.13473  2.2918  
0.76275  1.00505  0.334142  
3.83824e-012  0.000203024  6.23884  
0.010154  1.90288e-018  3.42663  
0.860072  0.278389  1.3482  
1.86503e-006  0.871758  2.39845  
0.195675  8.82455e-019  3.33361  
0.00125677  0.00334641  3.61212  
0.532638  0.987776  0.553656  
0.734451  0.358932  1.2525  
0.89692  0.799877  0.648037  
0.173098  0.647193  1.58616  
0.254663  0.561398  1.51924  
0.00248726  0.632767  2.76295  
0.259743  2.64277e-031  3.0778  
0.946742  0.592398  1.02405  
1.01883  0.224512  0.996366  
0.00620144  0.783814  2.07389  
0.881142  0.984794  0.484904  
0.855695  0.765165  0.731726  
0.00683793  0.00282848  3.24764  
6.32297e-007  0.751213  2.83672  
0.606778  0.00442995  2.49669  
0.332357  0.0198195  1.86094  
3.54037e-011  1.39283e-005  5.94153  
1.1397  4.31489e-005  2.3048  
0.436331  0.501132  1.42214  
0.0158315  0.551606  1.69922  
3.15766e-009  1.18619e-017  4.82001  
0.501563  0.00597232  2.00546  
0.504697  0.538298  1.34564  
1.09136  0.209583  0.940149  
1.04069  0.218596  0.882085  
7.16742e-012  0.000190614  5.8575  
0.597431  0.828114  0.954373  
1.13136  0.00158992  2.1381  
0.00114506  0.000510944  3.87903  
1.0202  0.410878  0.839287  
0.956854  0.00204392  2.21286  
4.24814e-006  0.000890055  4.01209  
0.354017  0.00464975  2.32411  
1.32876e-010  0.163822  2.96274  
0.0146972  0.930757  1.62514  
0.717388  0.0126024  1.82803  
0.422225  0.894533  1.38191  
0.838694  0.436574  1.21417  
0.530013  5.58588e-031  2.63771  
0.159086  1.01068  1.25902  
0.00125671  0.00227782  3.70154  
0.945831  1.00352  0.278064  
1.07281  0.187666  1.08227  
7.75751e-033  0.39774  5.86478  
0.00996018  0.901742  1.74328  
0.0327145  0.195171  1.86968  
0.967392  0.515502  0.774141  
0.855406  0.941608  0.658176  
2.42979e-007  0.000908385  4.09514  
0.579004  0.465264  1.38065  
0.00690515  0.459149  2.8703  
0.812161  2.91555e-031  3.02486  
0.000946398  0.0120683  3.18189  
0.594701  0.913487  1.12047  
0.542757  5.37614e-031  2.58353  
1.31557e-006  0.929699  2.52338  
0.0244061  0.209146  1.93583  
0.000494063  4.55269e-033  4.80751  
0.580239  0.886011  1.15362  
7.80838e-008  0.050931  3.41867  
0.793131  1.00835  0.241184  
1.48405e-007  0.00620127  3.94377  
0.0182978  0.696996  1.48431  
0.00601106  9.365e-010  3.64714  
4.7493e-011  0.163006  3.15087  
