0.999956  0.00154104  
1.05506e-104  1.003  
0.0468928  0.786045  
0.661567  0.489906  
0.80665  0.353152  
0.747265  0.441932  
0.829376  0.315132  
0.868854  0.246044  
0.931326  0.134031  
0.910108  0.172205  
0.660645  0.677853  
0.865771  0.250995  
0.822006  0.333755  
0.783948  0.385686  
0.985344  0.0309329  
0.927469  0.140018  
0.862862  0.258386  
3.02837e-107  1.06658  
0.920925  0.152632  
0.719301  0.488113  
0.65554  0.683048  
0.630012  0.710169  
0.76369  0.418184  
0.948228  0.103018  
8.61806e-107  1.05685  
0.854874  0.269425  
0.876684  0.235619  
0.977583  0.0494061  
0.728972  0.476117  
0.975291  0.0537275  
0.799675  0.359896  
0.762626  0.422901  
0.878223  0.230107  
0.992881  0.018433  
0.815955  0.336619  
0.754984  0.434541  
0.996523  0.0084034  
0.637352  0.685167  
6.01229e-105  1.00649  
0.85073  0.276915  
0.777266  0.395543  
0.980626  0.0403997  
0.749728  0.438873  
0.941661  0.115149  
0.907458  0.176936  
0.791517  0.381873  
0.920498  0.156202  
0.790374  0.381882  
0.776539  0.404055  
1.0187e-105  1.04537  
0.613233  0.719692  
0.560982  0.736025  
4.66084e-108  1.18336  
0.535327  0.743185  
7.89229e-109  1.42658  
4.09536e-108  1.46507  
0.740523  0.621629  
0.880377  0.379369  
0.601684  0.770867  
3.06581e-108  1.47812  
0.76672  0.56274  
0.913155  0.337089  
0.306286  0.986149  
0.405486  0.856513  
2.03799e-106  1.06733  
0.989478  0.156929  
0.324012  0.94682  
0.436564  0.813523  
0.662535  0.663847  
1.05506e-104  1.00878  
0.935156  0.226003  
0.378525  0.915566  
0.880831  0.342217  
0.814926  0.44682  
5.19053e-108  1.18383  
0.573634  0.786287  
0.560982  0.810878  
1.02538e-108  1.56847  
3.45716e-108  1.51487  
0.994505  0.210186  
4.56749e-105  1.06936  
0.269825  1.02112  
9.79018e-107  1.45968  
0.427897  0.86961  
0.599817  0.854274  
0.355516  0.972955  
0.961619  0.310884  
0.884042  0.530833  
0.768581  0.67841  
0.88814  0.398316  
0.892296  0.376907  
0.69719  0.688953  
0.642788  0.831807  
0.669139  0.781982  
0.340894  0.988212  
0.981375  0.295075  
0.695155  0.749568  
0.866502  0.597793  
0.798657  0.627628  
0.813808  0.607693  
