3.78514e-033  0.102428  3.4399  
4.39096e-033  2.39572e-017  4.68444  
0.0518854  2.5555e-027  5.09201  
1.23759  1.23759  8.43975e-010  
0.0293453  3.06238e-005  3.18224  
7.216  7.216  4.1263e-013  
1.04789  0.683695  0.431235  
0.01595  1.09746e-006  3.60839  
0.44692  0.00773354  2.21286  
1.00716  0.980646  0.111488  
1.54764  1.05919e-027  3.62211  
0.208538  0.00384535  2.63414  
0.106026  0.879552  1.5905  
1.04524  0.7195  0.547599  
1.34  1.34  2.37363e-010  
1.35104  2.99743e-020  3.56337  
0.102199  5.21948e-033  5.41406  
5.55325e-033  3.82161e-021  5.92441  
1.97455e-032  1.34475e-030  21.0652  
4.31328e-033  2.37305e-013  4.60157  
0.172611  0.641694  1.35103  
0.97445  0.998651  0.146413  
0.574574  0.912913  0.805665  
0.000441937  2.39267e-007  4.13603  
3.9623e-033  0.00285015  3.86309  
0.175046  0.616636  1.54105  
0.616724  0.990307  0.440367  
0.982294  1.8859e-027  5.10857  
8.36883e-033  3.31243e-023  8.92819  
2.42234e-008  2.69703e-031  13.4438  
0.429422  0.00562589  2.27839  
0.429458  0.825049  1.33645  
0.857968  0.0160394  1.51943  
1.37245  1.37245  2.12565e-010  
8.43507e-009  1.66731e-028  10.2793  
1.04445  0.000174011  2.10929  
1.05875  0.207081  0.989296  
2.14015  2.14015  7.24066e-013  
4.76646e-033  1.89791e-017  5.08504  
1.97195e-005  0.876868  2.25738  
7.34979e-033  5.87651e-023  7.84104  
0.0182439  0.402049  1.70128  
0.0864366  1.13868e-027  6.2672  
0.0130032  4.95485e-028  7.84171  
0.86173  0.85758  0.57957  
0.506423  1.19846e-019  4.49889  
1.97295  8.40541e-033  5.20104  
0.967287  1.88978e-027  4.79404  
4.77346e-006  7.55083e-031  11.8282  
0.000119857  3.38451e-028  8.36998  
2.15577  5.05835e-029  5.05165  
7.94159e-009  2.13199e-028  9.67793  
1.05382e-032  2.08825e-029  11.2425  
0.000292067  8.21386e-033  8.76242  
2.34382  5.10475e-028  4.90078  
0.061162  7.13404e-033  7.51887  
2.65633e-013  2.47366e-028  11.2289  
2.32912e-006  1.19253e-030  18.6807  
0.179745  6.91437e-033  7.10459  
1.98708e-006  9.56125e-030  19.6952  
4.56258e-005  3.02782e-031  15.0927  
0.0049727  1.02375e-032  10.9143  
0.260204  6.69682e-033  5.92713  
1.01883  9.17622e-028  5.54586  
0.0530238  8.38434e-033  8.86503  
2.00137e-032  1.39317e-029  21.3514  
3.60681e-005  2.05389e-027  10.6175  
0.00265518  3.84604e-029  11.7751  
0.0714359  8.33241e-033  8.5098  
1.07614e-032  1.9796e-027  11.4806  
0.169414  5.88808e-031  8.36344  
1.4432e-032  4.42846e-029  15.3966  
0.054509  1.0981e-021  6.72735  
1.87387  0.0889058  3.64006  
7.01001  7.01001  8.91498e-013  
4.48777e-033  1.37058e-014  4.78772  
4.60875  4.60875  9.87223e-013  
2.93189  2.93189  1.67149e-009  
4.04959e-005  8.52555e-031  13.3549  
0.454496  1.99583  1.84671  
0.000742968  1.25206e-027  10.3026  
1.24053  0.503592  1.29837  
1.26457  1.36681  0.284978  
5.47663e-005  1.66692e-030  12.6026  
1.53776  1.53776  3.17151e-009  
2.05878  0.141519  2.39506  
0.270194  0.927341  3.37267  
2.23528  4.6314e-028  5.31321  
2.5164  1.06665e-028  5.19497  
1.75405  0.0909493  3.57709  
1.6414  2.1729e-020  3.80517  
0.000720242  2.93118e-027  9.99033  
0.0189484  8.34387e-033  8.87311  
7.63341  7.63341  1.62799e-011  
7.08355e-006  1.36902e-030  21.4454  
0.637658  7.52917e-033  7.04555  
1.09906e-032  1.25841e-023  11.7252  
2.44174  0.985136  3.76254  
0.0157469  3.24547e-031  16.154  
2.61808  1.01194e-032  5.94587  
