1.12689  0.000715073  0.00312813  
0.144857  0.00617809  1.03443  
0.654621  0.776137  0.582389  
0.323622  0.140413  0.954947  
0.32816  0.894709  0.357909  
0.458234  0.675746  0.618969  
0.683224  0.277423  0.688482  
0.828415  0.557795  0.351278  
0.174937  0.949688  0.331909  
0.091008  0.732433  0.702907  
0.57244  0.192395  0.823126  
0.0810619  0.944807  0.4406  
0.975904  0.238665  0.235791  
0.683808  0.436881  0.623535  
0.490767  0.675962  0.601805  
0.291523  0.927536  0.258345  
0.771113  0.206851  0.662241  
0.517274  0.864689  0.228493  
0.129886  1.18234  0.102743  
0.342503  0.943181  1.05291  
0.493774  1.47977  0.472219  
0.605863  0.202053  1.16039  
1.18451  0.104769  0.618402  
1.07316  0.255464  0.996427  
1.15631  0.851363  0.422462  
1.16131  0.674246  0.126897  
1.05454  0.649537  0.811244  
0.960068  1.07341  0.371267  
0.896285  0.818033  0.841764  
0.481528  0.556  1.40909  
0.432588  0.7568  0.986923  
0.715987  0.750169  1.03036  
0.507141  1.42431  0.541797  
0.578083  1.11722  0.740376  
0.482689  0.608274  1.39137  
0.814238  1.29938  0.490933  
0.489475  1.4346  0.558491  
0.535363  1.45529  0.476817  
0.784662  1.26279  0.611448  
0.549326  1.14719  0.978434  
0.570636  1.20403  0.883674  
0.860953  1.52473  0.773052  
0.618508  0.948804  1.28024  
2.10559  0.774826  0.321007  
1.82228  0.270806  0.673178  
2.16526  0.751753  0.405355  
0.837177  0.683831  1.46466  
1.81901  0.42794  0.890266  
1.85173  0.7596  0.347098  
0.938536  0.647198  1.41849  
1.80164  0.807472  0.478691  
0.744933  0.944945  1.35518  
1.75719  0.912004  0.602616  
0.777336  1.40052  0.877498  
1.01759  1.44185  0.731671  
1.63271  1.04849  0.434385  
1.00067  1.46279  0.841646  
1.56145  1.21559  0.559738  
0.926586  0.854255  1.42077  
1.50563  0.918259  1.16339  
1.3674  1.3408  0.820338  
0.9268  1.50179  0.757636  
1.59655  0.729193  1.32283  
1.31213  1.14271  1.08497  
0.851523  0.863818  1.45353  
1.21529  1.22896  0.927142  
1.39736  0.728429  1.33396  
1.1169  0.826157  1.40059  
1.7358  0.657871  1.19614  
1.04603  1.37818  0.939523  
1.56356  1.02032  0.860502  
1.10116  1.3245  0.97837  
1.05111  1.35008  0.699041  
1.46324  0.953241  1.19124  
1.69317  0.66128  1.21095  
1.32436  1.26898  0.89816  
1.64663  0.785675  1.07927  
1.47906  0.774464  1.30547  
1.37589  1.24465  0.902546  
1.29001  0.747481  1.36811  
1.42597  1.11658  1.01251  
1.06141  1.18455  1.07305  
1.16099  1.08798  1.21997  
1.07803  1.28625  1.0409  
1.27825  0.803393  1.37597  
1.53145  1.0022  1.05018  
1.40641  1.31255  0.747802  
1.35245  0.901137  1.24604  
1.46583  1.27648  0.57947  
1.35978  1.07543  1.11349  
1.43114  1.07236  1.13578  
1.18683  0.975231  1.20504  
1.25343  0.943375  1.28532  
1.68942  0.890424  0.695805  
1.13259  1.05273  1.22828  
1.26162  0.882441  1.28153  
0.956102  1.39875  0.998811  
1.55676  0.820544  1.12717  
1.67643  0.755295  0.999929  
1.13865  1.03707  1.24111  
