0.998475  0.00413304  
6.7468e-081  1.4052  
0.335727  0.429943  
0.334033  0.890197  
0.76076  0.429077  
5.84086e-080  1.02426  
0.816362  0.108943  
0.811078  0.344559  
0.945712  0.108329  
0.803746  0.358372  
0.764867  0.416734  
0.24564  0.931502  
6.66568e-077  1.0003  
0.0235549  1.00013  
0.265439  0.930072  
0.795646  0.372899  
0.153376  0.977195  
0.165231  0.974273  
0.772855  0.403979  
0.297496  0.914885  
0.309755  0.90471  
0.234042  0.948568  
0.285739  0.919155  
0.954233  0.0911323  
5.66079e-079  1.00808  
0.793545  0.375134  
0.208403  0.95815  
0.0645117  0.996348  
0.0476791  0.998498  
0.950414  0.101502  
0.217642  0.952771  
0.104246  0.989534  
0.980894  0.0411794  
0.242235  0.942359  
0.781474  0.395002  
0.775601  0.402292  
0.074752  0.995103  
0.786362  0.38383  
0.144847  0.979522  
1.66279e-079  1.02125  
0.976935  0.048894  
0.973473  0.0557883  
0.116436  0.987294  
0.970971  0.0631597  
0.782314  0.391201  
0.982924  0.0368058  
0.172342  0.97069  
0.239092  0.943013  
0.1904  0.9669  
0.301678  0.909297  
0.223768  0.950407  
0.329066  0.892939  
0.32306  0.896226  
0.270135  0.927601  
0.198116  0.961151  
0.0931127  0.992465  
0.960541  0.0785143  
0.180421  0.96776  
0.956799  0.0856564  
0.317395  0.902296  
0.122203  0.986107  
0.281418  0.921141  
0.947436  0.10332  
0.0832221  0.993641  
0.78603  0.384008  
0.0574585  0.99737  
0.0398664  0.99897  
0.0897274  0.992883  
0.958597  0.0831094  
0.126842  0.984638  
0.968049  0.065949  
0.975076  0.0513479  
0.0998055  0.990304  
0.278687  0.923648  
0.966555  0.0692331  
0.963378  0.0752686  
0.985512  0.0304292  
0.193599  0.963145  
0.0795548  0.994193  
0.321036  0.897859  
0.140527  0.980628  
0.964468  0.072407  
0.0302401  0.999773  
0.994873  0.0118017  
0.0373764  0.999334  
0.202734  0.959571  
0.990556  0.0201479  
0.300004  0.910077  
0.319159  0.902234  
0.0576695  0.997324  
0.994279  0.0159916  
0.992631  0.0174754  
0.332456  0.892266  
0.0318253  0.999485  
0.273749  0.925543  
0.988565  0.0243179  
0.131759  0.982889  
0.204649  0.959133  
0.136855  0.982787  
0.190959  0.963929  
