1.13095e-005  4.66304  4.82273e-020  
0.207205  -2.32969e-015  22.5411  
28.9418  -1.43128e-016  1.38485  
0.00708255  2.15004  1.28216e-021  
0.00133617  3.20982  1.91415e-021  
26.1787  -2.77816e-016  2.68803  
0.426768  -2.18e-015  21.0928  
22.3276  -4.64654e-016  4.4958  
27.1252  -3.29292e-017  0.31861  
25.4074  -1.6832e-016  1.62859  
1.90711  -1.4267e-015  13.8041  
23.2774  -2.30749e-016  2.23264  
2.80357  -2.13709e-015  20.6776  
8.2713  0.366864  1.02562  
2.41928  0.673287  1.86658  
0.00237977  2.71662  1.62004e-021  
7.72395  -1.28311e-015  12.4148  
7.37008  -2.09037e-015  20.2256  
21.1995  -2.14042e-016  2.07099  
27.5859  -2.55453e-019  0.00247166  
3.64176  -1.88614e-015  18.2496  
18.0079  -1.91449e-016  1.85238  
2.401  1.14995  0.0622159  
28.1786  -1.60905e-016  1.55685  
24.1914  -2.72716e-016  2.63869  
17.2423  -2.84307e-016  2.75084  
6.3751  -1.75127e-015  16.9446  
14.0939  -1.14745e-015  11.1022  
0.819034  1.54965  5.95585e-014  
17.0411  -5.69456e-016  5.50982  
10.3159  -6.23722e-016  6.03488  
21.7824  -1.16965e-016  1.1317  
19.0504  -4.49909e-016  4.35314  
24.8238  -1.47227e-016  1.42451  
6.50177  -1.68155e-015  16.27  
1.65091  1.20439  1.33402  
11.9877  -3.36692e-016  3.2577  
12.3567  -6.07507e-017  0.587799  
19.4903  -3.4416e-016  3.32996  
5.40076  -1.47144e-015  14.2371  
0.527988  -1.9304e-015  18.6777  
15.5202  -5.11889e-016  4.95283  
3.19092  0.527133  0.0285195  
20.6916  -4.3311e-016  4.1906  
10.5629  -9.57601e-016  9.26537  
20.0402  -2.49104e-016  2.41023  
24.8693  -1.20029e-016  1.16135  
14.4348  -1.18476e-015  11.4633  
14.5836  -9.31648e-016  9.01425  
1.52793  -1.1012e-015  10.6548  
4.13624  -1.79341e-015  17.3523  
6.16529  -1.78406e-015  17.2619  
9.8073  -1.02243e-015  9.89265  
18.3593  -4.09293e-016  3.96015  
8.78604  0.18751  0.216935  
12.7269  -7.50908e-016  7.26548  
23.7636  -4.26367e-016  4.12536  
8.61606  -1.22595e-015  11.8618  
16.0724  -5.99569e-016  5.80119  
1.15016  -1.98599e-015  19.2157  
20.4044  -3.4347e-016  3.32328  
5.06549  -1.85095e-015  17.909  
2.21125  -2.01637e-015  19.5095  
13.2163  -7.95926e-016  7.70106  
4.36849  -1.00708e-015  9.74413  
9.04735  -8.58926e-016  8.31062  
4.91732  -2.16767e-015  20.9735  
13.4487  -8.99537e-016  8.70355  
5.85082  -4.73659e-016  4.58293  
0.368221  1.72005  7.32553e-015  
12.1961  -9.87703e-016  9.55662  
28.0591  -5.55793e-017  0.537763  
4.56321  -1.58664e-015  15.3517  
3.34836  -1.67772e-015  16.2329  
21.4728  -2.68905e-016  2.60182  
19.8399  -1.60304e-016  1.55103  
2.2082  -2.00312e-015  19.3814  
0.997215  -1.39212e-015  13.4696  
9.64338  -7.68777e-016  7.43838  
9.14782  -1.36093e-015  13.1678  
0.621418  -9.18865e-016  8.89057  
13.7147  -8.09189e-016  7.82939  
14.8523  -2.95201e-016  2.85625  
5.67303  -1.32117e-015  12.7831  
14.9648  -8.20662e-016  7.9404  
15.3605  -6.70818e-016  6.49056  
11.1933  -1.06266e-015  10.2818  
23.4359  -2.11631e-016  2.04766  
16.3843  -3.80557e-016  3.68212  
10.8406  -1.05878e-015  10.2444  
7.98281  -1.33715e-015  12.9377  
0.358046  -2.05301e-015  19.8641  
7.06506  -1.94844e-015  18.8523  
11.4382  -1.1201e-015  10.8377  
6.84333  -1.48822e-015  14.3994  
6.50968  -1.51155e-015  14.6251  
12.5472  -3.45724e-016  3.34509  
12.8863  -2.94016e-016  2.84478  
13.9148  -6.28458e-016  6.08071  
5.23066  -1.6186e-015  15.6609  
