0.5301  0.556022  
0.999861  0.162113  
0.362338  1.00533  
8.95379e-011  1.25113  
0.0401374  1.07126  
9.88921e-016  1.71496  
0  1.76619  
9.57757e-015  1.68715  
2.50098e-013  1.38316  
6.20874e-011  1.30017  
2.10942e-011  1.31986  
8.17575e-012  1.33961  
1.43471e-013  1.58827  
8.50847e-010  1.0819  
5.00018e-016  1.79873  
1.71961e-013  1.58964  
4.54225e-008  1.20436  
1.19494e-009  1.21934  
1.4789e-009  1.21808  
1.24199e-007  1.1381  
7.31279e-014  1.72191  
5.49011e-011  1.36927  
3.4947e-013  1.39118  
2.03018e-015  1.76218  
0  1.82333  
0.609687  0.588039  
8.95379e-011  1.2844  
1.2401e-013  1.7041  
4.93288e-010  1.25647  
2.81873e-013  1.54827  
1.2456e-007  1.16484  
0.00193498  1.14974  
1.10552e-008  1.23353  
1.43471e-013  1.73722  
2.70481e-010  1.29431  
4.47891e-013  1.55957  
7.94368e-013  1.47676  
6.30732e-015  1.78312  
2.40677e-010  1.38938  
1.0093e-009  1.27349  
2.43023e-013  1.73028  
0  1.89563  
1.52262e-009  1.26617  
2.50098e-013  1.71525  
7.75456e-012  1.39769  
2.47593e-007  1.17405  
1.46833e-007  1.19487  
0.0100345  1.15405  
8.95543e-012  1.43637  
1.61214e-011  1.43305  
6.67175e-008  1.23423  
2.01483e-008  1.25386  
3.58926e-010  1.34814  
6.30732e-015  1.83106  
7.39687e-010  1.29531  
8.25253e-016  1.90234  
0  1.9691  
2.10942e-011  1.41065  
1.6492e-012  1.58189  
7.31113e-013  1.60228  
1.20443e-012  1.58973  
1.6991e-009  1.27811  
9.16493e-014  1.80293  
4.38261e-009  1.27517  
9.13794e-015  1.81122  
1.46887e-008  1.26627  
3.54157e-013  1.75276  
6.59325e-016  1.96423  
8.97124e-011  1.39927  
5.04691e-008  1.2645  
1.44894e-016  2.25881  
1.78131e-011  1.44355  
8.95379e-011  1.43161  
0.0102714  1.17329  
0.0401374  1.16821  
0.00273031  1.19472  
4.16085e-016  2.23869  
2.47918e-007  1.19767  
4.40882e-005  1.19645  
2.47592e-007  1.22019  
0.0401374  1.15717  
0.0200687  1.17201  
6.30732e-015  1.89095  
2.47636e-007  1.2154  
9.32236e-012  1.48674  
6.69246e-011  1.43543  
1.6545e-007  1.24517  
7.40645e-009  1.27853  
3.69588e-010  1.36283  
7.03835e-016  2.19758  
0  2.3328  
9.34796e-010  1.31397  
1.47841e-009  1.30455  
8.66331e-013  1.65498  
1.0727e-012  1.63771  
3.48344e-013  1.82927  
2.97938e-014  1.83122  
1.24797e-007  1.25631  
3.41831e-012  1.61605  
0.173553  1.16685  
