0.178394  0.942992  
5.74046e-006  1.31647  
2.60932e-008  2.65421  
0.835303  0.28266  
0.817493  0.31702  
0.281147  0.925639  
0.874811  0.236159  
0.532164  0.662985  
7.28622e-016  6.24386  
0.000151159  1.04394  
0.907698  0.214298  
0.244868  0.942793  
5.99732e-008  2.6121  
1.30099e-007  1.82575  
2.22412e-011  4.73549  
5.14842e-007  1.72667  
0.29496  0.921716  
1.71982e-010  4.35735  
0.0652837  1.00569  
1.20756e-011  5.30915  
0.739165  0.456007  
1.09058e-011  5.54312  
1.04981e-011  5.57803  
1.29919e-014  6.06085  
1.58649e-009  3.47962  
1.42601e-014  6.00877  
5.26189e-012  5.82945  
5.20045e-016  6.5513  
8.98529e-018  7.35478  
2.35428e-016  6.64775  
8.98529e-018  7.61141  
5.95531e-016  6.96462  
3.46283e-016  7.10091  
9.07668e-016  6.9556  
9.70748e-016  6.7444  
1.22254e-017  7.38079  
6.31369e-011  4.80035  
0.222594  0.946196  
0.0236388  1.56665  
1.5896e-007  2.70454  
5.42232e-008  3.24952  
2.42778e-007  2.44784  
2.48497e-010  4.7827  
4.18849e-010  4.39928  
6.30691e-011  5.16359  
1.6178e-011  5.40634  
5.70817e-012  6.02821  
0.620469  0.822895  
4.68097e-014  6.16145  
3.36896e-015  6.497  
1.29919e-014  6.16344  
2.69103e-016  7.18994  
1.04981e-011  5.72207  
4.45893e-014  6.2783  
6.82289e-016  7.04218  
3.46283e-016  7.31651  
2.52841e-015  6.81777  
1.12208e-011  5.83756  
1.09058e-011  6.09693  
1.26308e-014  6.51262  
3.30547e-015  6.76473  
1.34331e-016  7.42463  
9.29351e-016  6.97081  
3.95865e-015  6.52322  
4.16082e-011  5.6486  
2.05482e-010  4.82338  
2.16373e-007  2.70954  
1.30099e-007  3.31178  
5.23601e-007  2.55114  
0.0262519  2.12336  
5.92164e-010  4.56212  
1.37039e-010  4.8801  
0.435275  1.98574  
2.15615e-012  6.21355  
0.977887  0.952015  
0.753569  1.8221  
1.70119e-015  6.92068  
2.27124e-016  7.47163  
1.18801e-011  6.26905  
1.80228e-016  7.53932  
1.38912e-011  5.97659  
1.70132e-011  5.85857  
6.04774e-015  6.67228  
2.78527e-013  6.28214  
8.32146e-015  6.6166  
5.63259e-015  6.89158  
3.36896e-015  6.91665  
9.89152e-016  7.01735  
2.18068e-013  6.60201  
2.98075e-015  7.00308  
1.49044e-010  5.70517  
5.89452e-011  5.79793  
1.71982e-010  4.93511  
0.389379  3.56785  
8.48096e-011  5.74297  
0.780441  3.46918  
1.23842e-011  6.20619  
1.95344e-016  8.19295  
5.64031e-010  5.11174  
1.70382e-015  7.11142  
