1.32725  1.47355e-016  
1.99004  0  
0.278583  0.84022  
0.345773  0.712196  
0.276263  0.880052  
1.35049e-028  1.02589  
1.27543  0.000339216  
0.974798  0.343398  
2.51967e-060  1.09003  
7.60914e-060  1.04656  
3.22109e-063  1.29711  
1.01116e-060  1.16742  
0.527011  0.616071  
3.51396e-061  1.20301  
1.24485  0.209266  
0.843299  0.495299  
0  1.60307  
0  1.94775  
2.246e-063  1.62221  
2.18704e-063  1.91227  
2.10053e-061  1.33053  
1.31382  0.039686  
1.32705  0.0297377  
1.39288e-059  1.09946  
1.35265  0.000349078  
0.382765  0.748106  
7.96491e-061  1.29673  
7.70629e-062  1.40624  
0.286573  0.991832  
0.860931  0.591993  
5.83574e-060  1.23404  
2.00349  0  
3.18225e-062  1.8528  
3.31185e-062  1.7186  
4.05848e-064  2.25938  
0  2.73285  
2.19913e-063  2.04617  
2.00921  0  
1.45739  0.00244963  
0.75049  0.75049  
1.34139  0.154382  
0.397033  0.82821  
3.70083e-061  1.52725  
9.91132e-061  1.30485  
0.0613073  1.12336  
0.0618215  1.11373  
8.09129e-061  1.31731  
1.05932  0.660669  
1.54979  0.0411663  
0  3.09017  
3.02119e-062  2.04621  
5.377e-063  2.13101  
2.03305  0  
1.829e-063  2.31158  
6.29562e-064  2.47927  
6.25093e-061  1.63578  
9.26891e-029  1.50472  
0.443589  1.10291  
0.87805  0.87805  
1.38428  0.401144  
1.11027  0.69245  
9.32541e-062  1.82452  
0.339473  1.16564  
0.398666  1.29434  
0.174489  1.57497  
1.12391e-063  2.55947  
1.23738e-061  1.96311  
1.19833e-061  1.9983  
2.03579  0  
0  3.25622  
1.07102e-063  2.88058  
1.90182  0.0656867  
9.85749e-064  3.09553  
2.31919e-062  2.2416  
1.95744e-063  2.3248  
1.98809  0.0528087  
2.76165e-060  1.86896  
0.892681  0.936303  
1.13341e-028  1.84  
2.01821  0.053609  
0.357007  1.72579  
0.730774  1.50519  
0.96002  1.01802  
3.25028e-061  2.19463  
5.97128e-061  2.13001  
2.29163e-060  2.10788  
0  7.01969  
1.93367  0.289585  
3.41891e-064  3.76782  
2.25908  0  
5.6959e-064  3.49573  
0.0122422  1.98897  
3.06252e-065  3.78344  
1.35399e-063  2.92554  
1.73861e-062  2.34232  
5.07189e-063  2.51187  
1.01237  1.01237  
0  8.34241  
2.93851  0  
5.50999e-065  5.20672  
