4.6682  3.98351e-034  1.78362e-036  
1.48546e-039  0.00801506  6.77266  
2.18966e-006  7.47696  3.71584e-029  
3.80087  3.22008e-039  1.2987e-033  
6.66446e-043  1.86149  0.424777  
0.000407238  6.89501  4.04673e-032  
2.44522e-038  0.151182  5.81548  
6.99683e-035  5.93928  7.66615e-012  
0.518821  5.58049  3.23871e-029  
5.96568e-015  4.36186e-016  5.21322  
4.00477e-005  3.53334e-028  4.22538  
3.13227  5.94304e-036  8.41896e-035  
6.91213e-043  4.93761  0.0338531  
0.321018  4.76741  1.28575e-028  
7.43475e-017  4.18188  3.36514e-028  
1.2735e-031  3.02339  0.0004939  
0.000179069  7.355e-017  3.13447  
1.75177e-011  2.70398e-022  5.27308  
1.40102  5.34519e-025  1.39832  
1.02043e-036  3.41201  3.73207e-005  
0.473234  7.77655e-024  3.86714  
1.67516  2.74566  1.59348e-029  
2.4716e-011  1.10137e-008  2.61128  
1.24728e-005  3.51299e-020  3.55204  
2.94689  8.27859e-030  2.51918e-029  
1.52065  0.986584  0.0122386  
7.45727e-028  2.61716  0.00123956  
2.40012  1.6513e-022  0.859297  
4.64931e-036  2.10896  0.158471  
2.1554  9.88125e-022  0.195437  
3.17333e-028  0.0907171  1.61891  
0.967921  0.637073  0.24787  
9.3639e-035  3.86659  1.63946e-010  
0.438385  2.38729  7.76312e-028  
2.72003  3.66646e-027  1.02017e-026  
0.166324  0.249677  0.994867  
1.64745e-029  1.89936  0.356092  
2.64751e-012  0.00296739  2.3408  
1.18006e-011  3.36294e-020  3.55216  
2.62001e-013  3.62522  2.39298e-010  
0.685278  0.00625461  0.647248  
0.318741  0.209284  0.802199  
0.680591  0.375031  0.302436  
1.28143  6.46621e-024  1.94057  
1.92302  7.24701e-010  3.49907e-008  
0.0440296  0.493919  0.96533  
0.229862  0.858767  0.376657  
1.19764e-029  0.00653631  2.9004  
6.64815e-013  1.41227  0.522629  
2.24048  6.76338e-021  0.0203993  
2.47936  1.26425  9.32436e-025  
1.20476  3.78554e-023  2.19139  
1.05516  8.50349e-020  1.78547  
1.24032  1.13036  2.40362e-019  
1.47328e-013  2.70905e-011  2.76772  
2.62234  5.76395e-011  3.35126e-007  
1.06581e-033  1.71562  0.498683  
3.36651e-005  1.50667  0.504868  
1.87097  2.75537e-005  0.176214  
0.353473  0.763999  0.374121  
2.48762  1.63387e-024  0.0972446  
1.60581  0.58052  1.63003e-018  
0.729439  0.429337  0.269863  
0.00892065  4.01596  3.76723e-024  
0.0971952  1.64234  0.225541  
1.22768e-025  0.00145072  4.21497  
0.212196  1.30084e-019  1.27037  
8.40202e-006  5.53208e-026  4.03051  
1.73425  2.92126e-021  0.225263  
0.0536812  1.23257e-005  1.69089  
0.807208  0.00157531  0.804552  
0.00789126  1.23997  0.419106  
3.59109e-011  2.35878  0.05027  
0.0241961  0.0369931  1.81261  
8.16299e-007  0.714566  1.11335  
5.59311e-011  0.559075  1.14736  
0.374176  1.62141  0.00086925  
0.0117134  3.97975  1.26161e-022  
2.41831e-028  2.23433  0.0662059  
1.1172  0.00281448  0.495305  
1.73088e-026  0.100998  1.26783  
0.382108  1.05877  0.0661427  
0.000162628  0.191304  1.00635  
0.554697  0.163832  0.504649  
0.767594  0.712603  0.0840334  
0.79641  0.00394843  0.553494  
4.76976e-011  3.53603  3.22418e-008  
0.98619  0.127543  0.538822  
1.6574  0.54741  0.0862939  
1.34636e-027  0.0123134  2.85653  
0.623844  1.68136e-019  0.836821  
0.657926  1.05089  0.160878  
0.0231743  0.000438514  2.06376  
0.0854472  2.19734  0.000736016  
0.00939339  1.22168e-022  2.06442  
0.729333  0.203194  0.487306  
7.47656e-034  0.900393  0.815707  
0.0656351  1.39343e-018  1.89767  
1.69197  0.131129  0.0797608  
0.000102011  1.10458e-020  3.93447  
