32.5529  -7.97316e-016  
0.00284553  1.17315  
28.3551  -6.945e-016  
24.078  -5.89742e-016  
31.2975  -7.66567e-016  
19.6585  -4.81494e-016  
22.409  -5.48862e-016  
9.02013  -2.2093e-016  
9.99815  -2.44884e-016  
15.5405  -3.80633e-016  
11.0701  -2.71139e-016  
14.071  -3.44639e-016  
7.4749  -1.83082e-016  
4.98933  -1.22203e-016  
22.7087  -5.56202e-016  
23.79  -5.82686e-016  
6.30186  -1.23481e-016  
11.883  -2.91049e-016  
18.554  -4.54441e-016  
18.0783  -4.4279e-016  
19.208  -4.7046e-016  
17.4413  -4.27189e-016  
15.9773  -3.9133e-016  
12.7779  -3.12968e-016  
16.7491  -4.10234e-016  
16.4048  -4.01802e-016  
13.3638  -3.2732e-016  
17.1874  -4.20969e-016  
12.3572  -3.02663e-016  
13.84  -3.38982e-016  
13.5485  -3.31843e-016  
0.313086  0.740382  
12.5605  -3.07644e-016  
0.3875  0.579468  
0.750004  0.235971  
6.81101  -1.33457e-016  
0.887157  0.117181  
0.656758  0.365609  
6.57486  -1.2883e-016  
1.57053  -3.07734e-017  
4.77126  -9.34898e-017  
0.571021  0.443219  
1.08506  -2.12611e-017  
0.0128815  1.0605  
0.185113  0.806358  
3.64068  -7.13367e-017  
2.39689  -4.69655e-017  
1.25597  -2.46098e-017  
0.735029  0.309754  
0.530579  0.551506  
4.89915  -9.59956e-017  
2.24529  -4.3995e-017  
2.47819  -4.85586e-017  
2.60081  -5.09611e-017  
2.68032  -5.25192e-017  
3.4257  -6.71244e-017  
1.45423  -2.84947e-017  
3.53  -6.91681e-017  
2.9409  -5.7625e-017  
4.63268  -9.07744e-017  
0.0919067  1.01999  
0.950794  0.113601  
1.73293  -3.39556e-017  
0.992378  0.043262  
3.25547  -6.37889e-017  
7.36507  -1.44314e-016  
6.90102  -1.35221e-016  
3.76307  -7.3735e-017  
2.79723  -5.481e-017  
3.8086  -7.46271e-017  
0.127103  0.860913  
4.49262  -8.80299e-017  
4.13353  -8.09939e-017  
0.54266  0.515285  
4.02562  -7.88794e-017  
4.58389  -8.98184e-017  
1.37799  -2.70009e-017  
1.01215  2.23115e-017  
1.94332  -3.8078e-017  
1.8093  -3.5452e-017  
0.116146  0.941256  
6.4583  -1.26546e-016  
2.04718  -4.01132e-017  
4.35366  -8.53071e-017  
3.92327  -7.68738e-017  
3.03846  -5.95366e-017  
1.31732  -2.5812e-017  
7.18151  -1.40717e-016  
7.08735  -1.38872e-016  
4.26311  -8.35329e-017  
6.5191  -1.27737e-016  
7.28646  -1.42773e-016  
0.181387  0.850241  
6.98084  -1.36785e-016  
4.08232  -7.99904e-017  
7.01177  -1.37391e-016  
7.24864  -1.42032e-016  
3.44998  -6.76001e-017  
1.88014  -3.68402e-017  
0.111823  0.979764  
