0.0523303  0  1.64627  
1.3685  0  0.00891343  
9.43764e-040  2.38759e-009  2.58934  
0  1.00686e-009  6.51803  
0  0.000876219  2.92724  
5.22786e-200  5.0008  3.40346e-059  
2.61432  0  1.56672e-007  
0  1.17501e-007  3.31072  
1.21466e-209  5.36586  4.55577e-052  
1.29135e-107  4.67045e-027  3.3272  
1.26487e-107  1.55074e-024  3.2663  
1.14641e-152  4.31838e-038  4.15278  
1.79489  2.92632e-042  1.29032e-042  
2.33541  2.60014e-060  2.52764e-060  
0  0.0115553  2.05716  
1.51567  5.04125e-027  4.72751e-028  
1.3051e-017  0  2.44282  
0  1.58264e-006  2.98984  
1.46747e-161  0.569749  0.562355  
0.000423248  0.452017  0.785524  
9.15983e-107  3.07823e-024  2.6348  
0.0137925  0  1.94549  
0.38626  0.00888785  0.665412  
0.0243687  1.4254e-014  1.70569  
0.03958  0.380372  0.37582  
9.35598e-092  1.87668e-008  2.14428  
0  0.00411311  2.12491  
0.22241  0.768541  0.0254457  
0.641631  0.266289  0.0913564  
0  5.03392e-009  6.37856  
1.15087  0.195074  4.07048e-005  
1.65468  0  0.000317397  
1.0286  4.88458e-036  0.133001  
0  0.164935  1.40103  
1.15532e-172  0.686021  0.685782  
0.0712741  4.80553e-006  1.50388  
0.34169  1.11513  2.14626e-012  
0.897656  5.90554e-009  1.5099  
1.01633  0.000270707  0.484274  
1.21287  0.0558331  1.601e-005  
0.000345295  0  2.06797  
0.0745326  1.20544  2.6036e-027  
1.273  0.0919548  3.25945e-007  
1.02462  0.000183445  0.517677  
0.823993  2.17771e-005  0.813545  
1.01413  0  1.6161  
1.249  0  1.33546  
2.93933e-088  3.40714  0.000137007  
5.62982e-070  4.48049  1.32808e-020  
6.73306e-059  1.79581  1.56571e-019  
0.965654  1.47441e-005  1.4643  
0  0.0287719  1.60106  
0.552741  0.000189298  1.34928  
6.90457e-040  3.09686e-009  2.42379  
6.514e-098  8.18206  2.54561e-025  
0  0.0513715  2.34651  
1.68158  0  0.554611  
3.14994  0  0.00019358  
0  2.73447e-007  4.20843  
7.06747e-073  6.92076  8.23601e-006  
1.05225e-043  3.70806  6.08971e-013  
1.09984e-088  7.86829  5.77033e-006  
2.21453e-046  4.76694  0.0319279  
0.0708398  2.7275  1.00191e-016  
2.06922e-056  5.86371  1.15656e-016  
3.06035e-088  6.14666  1.85327e-005  
1.47176e-045  3.33313  0.018426  
4.21677e-047  5.06252  9.98537e-017  
0.538659  1.44289  0.69566  
1.02717  2.26131  2.28944e-013  
2.5925e-005  0  2.79963  
0  0.00201289  4.02707  
2.70318  0  0.0331447  
0.841168  7.16866e-005  1.16287  
0.777327  1.10327  0.288947  
9.7515e-052  3.99144e-012  3.07075  
1.55322  0.443032  0.211977  
1.73349e-051  1.47929e-012  3.47487  
0  0.293003  1.51979  
0.0783496  0  1.91577  
2.22606  8.22814e-018  1.73207e-018  
1.092  0.96156  0.103545  
0.393793  0.724104  0.914938  
0.314997  0.00910579  1.74817  
1.19127  1.31485  0.0635298  
0.0621231  0.828419  1.01719  
2.91479  0  0.00248501  
1.2818  0.596033  0.00382828  
0.780181  0.87767  0.87319  
0  0.00210164  3.44781  
1.26564  0  1.44233  
2.05469  2.05469  5.78261e-014  
0.620135  1.36003  6.8746e-008  
1.8665  0.0973515  0.0705804  
0.00980477  6.39583e-005  2.13239  
0.7789  1.68212  2.1444e-008  
1.52904  0.0147718  0.404179  
0.384154  1.79096  5.29871e-008  
2.13487  0  0.404615  
0.257051  2.08132  5.52438e-010  
