0.733046  0.00916167  
0.328317  0.334475  
0.913513  0.00519621  
0.32492  0.386771  
0.307716  0.566939  
0.559743  0.010195  
0.039401  0.996361  
0.334416  0.165753  
0.69488  0.00935331  
0.495647  0.0123081  
0.637752  0.00964367  
0.33228  0.231618  
0.603854  0.0097513  
0.27367  0.727669  
0.369482  0.0335833  
0.945156  0.00410077  
0.295223  0.624792  
0.243987  0.813053  
0.432026  0.0164691  
0.333275  0.199307  
0.250287  0.795929  
0.238917  0.825947  
0.354405  0.0448838  
0.955124  0.00348485  
0.0202054  0.998441  
0.0021585  1.00001  
0.418204  0.0178047  
0.981351  0.00194615  
0.22251  0.859969  
0.146085  0.959757  
0.312995  0.510072  
0.00692363  0.99996  
0.227279  0.850665  
0.342696  0.0683989  
0.292242  0.641061  
0.0230273  0.998355  
0.175171  0.94324  
0.146266  0.95818  
0.315522  0.494959  
0.349999  0.0529239  
0.0803783  0.985566  
0.0899388  0.985219  
0.00913335  0.99903  
0.0328923  0.997257  
0.0431858  0.99611  
0.00287621  0.999962  
0.995527  0.0011349  
1.01755  8.65772e-039  
1.0045  5.01437e-006  
0.141421  0.983663  
0.00271144  0.999978  
6.22862e-031  1.00001  
0.000378866  1.00001  
3.09474e-031  1.00012  
1.01758  0.00016698  
1.01031  0.121859  
0.0192371  0.999926  
1.02252  7.96077e-005  
0.0210144  0.999871  
0.00271143  1.00001  
1.00451e-030  1.00001  
0.0267989  0.999842  
0.600865  0.169374  
0.334025  0.303938  
0.331263  0.599989  
0.333542  0.51509  
0.320653  0.748668  
0.420259  0.215257  
0.372492  0.260916  
0.483075  0.191273  
0.289638  0.852494  
0.2861  0.942217  
0.307196  0.795222  
0.534172  0.175167  
0.29832  0.827209  
0.519265  0.177929  
0.199692  0.985633  
0.182868  0.99097  
0.149083  0.992938  
0.228641  0.97646  
0.271223  0.955028  
0.25559  0.964996  
0.131347  0.994962  
0.0536203  0.999291  
0.086608  0.997984  
0.277556  0.950247  
0.109164  0.99672  
0.118772  0.996198  
0.0330403  0.999426  
1.02071  0.000201688  
2.20743e-030  1.00028  
1.01142  0.140663  
0.983338  0.702997  
0.632285  0.762884  
0.785468  0.760251  
1.01782  0.000255795  
0.546698  0.76484  
0.864781  0.754441  
0.907604  0.750559  
0.0391998  0.999789  
