0.5167  1.3823  
0.588923  1.08366  
0.0106546  2.24269  
0.670182  0.0937709  
0.003756  2.48047  
0.000481641  2.90476  
0.999146  0.0352834  
0.999501  0.0168569  
2.12413  8.40157e-011  
0.000182362  2.9212  
0.780817  0.0389525  
0.386817  1.75886  
0.904158  0.0355761  
0.00298682  2.66029  
2.20376  5.2476e-014  
0.617934  0.189418  
1.80475  0.000360757  
1.6737  0.0159684  
0.310156  2.10372  
2.03971  1.32914e-008  
0.00020475  4.89589  
0.962199  0.0428663  
0.973229  0.0391373  
1.24602  0.0245098  
0.607309  1.46812  
0.797108  0.0740848  
1.98302  0.0151173  
1.44666  0.019262  
0.838737  0.0516379  
0.349291  2.16118  
0.43446  1.76564  
1.10063  0.0363894  
0.962697  0.0408543  
0.0135839  2.48658  
1.15785  0.0359133  
0.691693  0.18382  
0.735143  0.137425  
0.0231251  2.25009  
1.00696  0.0379254  
0.625416  1.23732  
1.103  0.0361718  
0.000350377  2.99174  
0.919623  0.0500474  
0.73782  0.116151  
2.49971  1.86466e-012  
0.65761  0.614077  
2.06883  1.1481e-007  
0.000328274  3.12861  
1.90784  0.0191155  
0.546832  1.58808  
2.00951  0.00907064  
0.769824  0.107713  
1.97927  0.0155536  
0.0105522  2.62199  
2.09346  0.0106333  
2.06683  0.017239  
0.00129723  3.44372  
2.07544  0.0129269  
2.55286  7.76987e-012  
0.571166  1.92251  
1.63456  0.0232694  
2.39724  2.97344e-006  
0.933075  0.084402  
2.46532  5.47896e-007  
2.1352  0.00640023  
0.0130616  2.74935  
0.355439  2.18663  
0.81963  0.105011  
0.0123636  2.81793  
1.42852  0.0252041  
2.22817  2.4855e-005  
1.90871  0.0208899  
1.48058  0.0251286  
0.772016  0.120406  
2.53948  1.27067e-009  
2.03312  0.0193975  
1.0099  0.0789317  
1.2422  0.0420693  
1.02678  0.0552405  
1.25336  0.0259198  
0.0485742  2.27317  
0.639663  1.62979  
0.725846  0.440431  
0.766049  0.21478  
2.21246  0.000264254  
1.03906  0.0441059  
0.698496  0.647737  
1.08239  0.0422552  
0.734765  0.321245  
1.75989  0.021151  
0.000773741  4.37573  
1.55958  0.0240584  
0.00175192  4.02499  
4.27794  1.1271e-011  
0.699752  1.575  
0.75115  0.661183  
3.3016  3.93153e-009  
3.99436  2.18053e-009  
0.0869508  2.28439  
2.56469  0.000231185  
