2.35189  0.425231  
9.50081  0.105281  
4.55576  0.225192  
4.8681  0.208531  
5.28938  0.189668  
4.25638  0.240544  
5.49898  0.182822  
3.28854  0.30804  
3.45855  0.292588  
5.05485  0.199316  
4.41853  0.231323  
4.16778  0.246773  
6.05064  0.168771  
5.74944  0.174186  
5.88603  0.170422  
3.22933  0.32193  
3.62272  0.282798  
2.83982  0.358725  
5.18873  0.194333  
7.80165  0.128219  
3.50492  0.288718  
4.05869  0.251034  
3.11476  0.328359  
5.93967  0.169219  
3.68303  0.273954  
6.94813  0.144565  
4.45536  0.226867  
6.18438  0.162083  
6.13103  0.163774  
8.12761  0.123063  
2.74641  0.366486  
2.99604  0.340286  
8.78837  0.11384  
7.31297  0.137004  
8.93497  0.111983  
7.90865  0.126536  
3.07997  0.340264  
2.57673  0.392702  
4.98243  0.20358  
8.49817  0.11788  
3.88855  0.259597  
5.69819  0.179154  
2.91715  0.348078  
8.59731  0.116412  
3.76277  0.267064  
3.9918  0.255774  
4.93507  0.208376  
2.50144  0.400132  
6.81475  0.146985  
9.00257  0.111096  
3.79406  0.264946  
6.45521  0.155424  
2.39209  0.41829  
8.42414  0.118782  
5.62911  0.179163  
8.68479  0.115224  
7.04709  0.143096  
7.66303  0.130736  
6.26975  0.161358  
5.23559  0.192145  
8.70481  0.114895  
8.20838  0.121957  
7.12172  0.140534  
9.13983  0.109458  
7.73388  0.129414  
3.87304  0.263137  
8.87067  0.112772  
6.6583  0.150982  
2.44862  0.40868  
2.61452  0.383004  
9.08382  0.110144  
7.59724  0.131642  
6.89334  0.145566  
9.43992  0.10595  
6.3403  0.158183  
2.95087  0.346792  
9.2236  0.108456  
2.65351  0.377268  
9.28396  0.107745  
9.1837  0.108926  
7.23448  0.138316  
8.83858  0.113454  
7.3659  0.135854  
9.35386  0.106974  
9.05  0.110533  
6.52736  0.153526  
6.60304  0.152112  
7.39478  0.135458  
5.54322  0.182596  
9.41359  0.106266  
6.52372  0.153784  
6.28837  0.159233  
7.44366  0.134548  
6.71399  0.149173  
6.41228  0.156407  
7.70262  0.130103  
4.00123  0.252258  
7.94607  0.125982  
7.07621  0.141535  
7.53307  0.132992  
