0.922599  0.0833004  
0.511178  0.529716  
0.773012  0.249408  
0.882996  0.189916  
0.696234  0.371399  
0.97828  0.0278043  
0.506517  0.632156  
0.977737  0.031607  
1.35815  0  
0.384579  0.693355  
0.274418  0.829405  
0.158263  0.892551  
0.098894  0.933687  
0.367595  0.823264  
0.0979724  1.0259  
0.116866  0.90433  
1.00004  1.39322e-006  
0.970971  0.0352073  
0.999472  0.00129857  
0.999897  0.000173163  
0  1.08003  
0.960964  0.0394564  
0.932983  0.0753287  
0.756204  0.256996  
0.927926  0.0757786  
0.950109  0.0512723  
0.991387  0.0104642  
0.991448  0.00978564  
0.695695  0.439689  
0.994215  0.00799065  
0.890555  0.111906  
0.945816  0.0543935  
0.899594  0.107323  
0.961217  0.0390704  
1.00022  6.63212e-008  
0.716343  0.298092  
0.922996  0.078917  
0.959935  0.0426887  
0.889324  0.11699  
0.98682  0.0170019  
0.915298  0.0883537  
1.01468  7.54229e-009  
0.941811  0.0585568  
0.744515  0.277583  
1.00628  5.4573e-008  
0.996649  0.00337576  
0.995271  0.00477655  
0.996448  0.0043554  
0.756618  0.257136  
0.943351  0.0586526  
1.00004  2.17654e-006  
0.920562  0.0983225  
0.920629  0.0919454  
0.995865  0.00505584  
1.01015  7.05712e-008  
0.748298  0.296332  
0.719568  0.321277  
0.731975  0.299725  
0.999753  0.00131107  
0.721825  0.300373  
0.993571  0.0104873  
0.135776  0.927227  
0.890857  0.113763  
0.10041  0.948003  
0.508097  0.74684  
1.46964  0  
0.385334  0.842281  
0.103901  0.934231  
1.00037  1.60809e-007  
0.547353  0.607303  
0.521182  0.655427  
0.16022  0.903587  
0.481206  0.778497  
0.667659  0.545251  
0.396585  0.790189  
0  1.08422  
0.955973  0.0546647  
0.987707  0.0187764  
0  1.42044  
1.95525  0  
1.013  8.50186e-008  
0.402508  0.890007  
0.55159  0.62024  
0.0505514  1.40996  
0.105175  0.997646  
0.721266  0.32727  
0.523878  0.658569  
0.215564  0.90459  
0.894243  0.141089  
0.799878  0.266655  
0.129418  0.936343  
0.177488  0.931551  
0.991213  0.0495305  
0.110318  0.988296  
0.755799  0.297721  
0.785856  0.274394  
0.946187  0.0595753  
0.933921  0.0925018  
0.745684  0.313084  
0.943995  0.0609511  
