2.46787  0.412117  
5.07632  0.198803  
8.04847  0.124444  
4.07362  0.248945  
4.86254  0.207588  
9.41327  0.106376  
5.90217  0.169776  
9.57031  0.106294  
4.28472  0.237321  
2.77314  0.375681  
3.89313  0.267421  
5.6024  0.179167  
9.07119  0.11029  
6.28705  0.160085  
8.24737  0.121378  
9.75431  0.103979  
3.63414  0.279293  
5.49062  0.183188  
7.03394  0.142633  
3.82031  0.271442  
8.66273  0.115596  
8.93464  0.112126  
6.98123  0.143355  
6.72646  0.150761  
3.71046  0.275441  
7.13363  0.142362  
2.52146  0.401608  
9.29804  0.108207  
8.43985  0.118547  
5.14897  0.196918  
4.64124  0.219434  
7.53207  0.135234  
6.83377  0.146937  
3.16404  0.324808  
7.70449  0.130355  
3.61025  0.283028  
8.48918  0.117902  
8.8418  0.114121  
7.45551  0.135283  
7.66386  0.130634  
4.85184  0.208598  
4.18937  0.242001  
3.99961  0.252056  
5.28252  0.190574  
8.63458  0.115921  
5.18641  0.195543  
3.60442  0.28579  
7.56375  0.13241  
3.91673  0.267414  
4.13135  0.246863  
2.70761  0.381773  
5.70339  0.177705  
2.8104  0.37306  
7.45718  0.135235  
3.32998  0.30474  
7.17647  0.140431  
3.77353  0.27452  
4.61474  0.22656  
4.38705  0.231766  
3.22469  0.310828  
3.92638  0.25631  
4.77444  0.21767  
3.6035  0.287096  
3.88346  0.268688  
3.94178  0.267203  
3.99903  0.25958  
3.94903  0.262641  
3.99946  0.259101  
3.94748  0.26395  
4.18452  0.24775  
3.8536  0.272137  
4.07761  0.252012  
4.41474  0.239341  
3.22886  0.331029  
11.3026  0.118413  
2.58302  0.429201  
5.72702  0.184946  
3.1107  0.398322  
6.69714  0.16608  
6.33388  0.167023  
3.34351  0.305575  
6.02847  0.180307  
4.33459  0.241838  
3.62153  0.284174  
4.54923  0.238874  
4.20551  0.244176  
4.70732  0.221374  
4.11709  0.251227  
4.0311  0.258932  
4.33917  0.24027  
4.60569  0.238284  
4.65796  0.224727  
3.66993  0.281573  
3.23406  0.336445  
4.84838  0.23049  
3.66916  0.317108  
3.84452  0.288295  
4.65887  0.235887  
4.13582  0.251625  
4.44481  0.243494  
