0.771215  0.374253  
1.72592e-006  1.04795  
0.635183  0.540811  
0.379075  0.833986  
0.467639  0.733525  
0.718284  0.449388  
2.50713e-014  4.99897  
0.885873  0.235755  
0.744696  0.430743  
0.141707  0.969615  
0.00171793  1.00912  
6.26296e-011  2.01398  
0.986713  0.0366687  
7.31537e-016  5.5494  
0.658775  0.509587  
0.570926  0.623899  
8.26949e-016  5.33259  
0.649833  0.528355  
0.725747  0.431302  
0.682218  0.504509  
0.102064  0.993562  
0.965574  0.0927575  
0.703072  0.486732  
0.92737  0.142949  
5.98337e-010  1.41829  
0.337526  0.863439  
1.57039e-011  2.53171  
4.4509e-015  5.15923  
0.067973  1.00866  
1.36086e-012  3.79815  
5.05872e-012  3.59959  
2.97788e-013  4.49862  
8.16678e-014  4.65035  
0.226662  0.945672  
3.4411e-018  6.30619  
9.21052e-017  6.17097  
7.29638e-017  6.47315  
1.13355e-016  6.25417  
7.51558e-017  6.43929  
3.69601e-013  4.61416  
4.20018e-014  5.31104  
1.8292e-014  5.38498  
9.30436e-014  4.92622  
1.38499e-012  4.0943  
4.72053e-011  2.74462  
4.52443e-010  2.02691  
5.98337e-010  1.95194  
0.998847  0.0666325  
1.61341e-013  4.69317  
0.970574  0.0938091  
0.403722  0.837911  
0.940636  0.152058  
0.000384517  1.24758  
0.861279  0.406847  
2.68073e-010  2.11766  
8.46137e-012  3.99468  
4.94427e-013  4.5789  
4.67612e-015  5.38562  
2.187e-011  3.54095  
1.21291e-007  1.87316  
1.37568e-007  1.79928  
3.28544e-011  3.43498  
1.66102e-011  3.94472  
3.88808e-015  5.68505  
1.5128e-016  6.41629  
8.78325e-017  6.69297  
2.2466e-013  4.94796  
5.57077e-015  5.39223  
1.03134e-012  4.86793  
1.3011e-012  4.60103  
2.3409e-012  4.30887  
6.62698e-011  2.95112  
5.98337e-010  2.02771  
0.96447  0.380919  
5.09081e-010  2.05  
1.35365e-013  5.28533  
2.35818e-010  2.84919  
0.396323  1.39569  
3.47225e-010  2.52481  
7.15118e-012  4.10198  
4.72053e-011  3.59777  
4.47079e-011  3.92569  
3.92327e-014  5.46186  
1.91642e-016  6.80502  
2.54164e-015  6.47915  
8.24175e-013  4.97248  
1.46189e-012  4.96258  
1.44598e-014  5.52247  
7.22489e-015  6.19329  
0.975017  0.881702  
0.00158504  2.9576  
0.00312656  2.25254  
7.48188e-012  4.18421  
0.355032  2.09289  
4.03258e-013  5.2681  
0.626313  1.89049  
2.72354e-012  4.52254  
1.07202e-014  5.68346  
3.18078e-016  6.92303  
0.861279  4.21406  
