0.239904  3.94069e-033  2.97822  
1.17619  0.00952674  1.6862  
1.87106e-030  0.409632  13.174  
2.68852e-021  5.35413e-017  14.3606  
0.0177712  1.21264  1.51975  
1.01371  1.01439  0.0496611  
1.84451e-018  2.26443e-017  11.593  
2.91678e-030  4.19237e-008  8.50182  
1.97079e-018  1.24418e-017  12.3866  
0.0068121  1.5818e-027  5.74098  
8.962e-022  4.07252e-016  6.80248  
8.66029e-022  6.01431e-016  4.49156  
8.32345e-012  2.88919e-023  5.13306  
3.28022e-030  0.0220654  7.92631  
1.23062e-013  7.95337e-026  5.32033  
5.8372e-021  2.64318e-016  6.88881  
9.44476e-022  2.21303e-016  7.42478  
0.000379025  6.21222e-029  7.8507  
0.00544993  3.9867e-028  7.3247  
1.00515  0.751179  0.70657  
0.28274  0.536901  1.70515  
0.723694  0.461568  1.33146  
1.12194  0.599711  0.617013  
0.0249235  3.85006e-027  4.28465  
0.441654  0.47093  1.78003  
1.04566  0.841999  0.246236  
0.991655  1.02786  0.119751  
0.577423  0.208481  1.48612  
0.583192  0.870618  0.824286  
0.586121  2.01368e-029  2.79151  
1.01638  0.252998  0.991843  
0.000268394  2.61536e-021  4.04444  
0.903662  0.998909  0.463739  
0.811208  1.03306  0.305151  
2.13102e-006  0.00650932  3.51191  
0.506018  0.0402966  1.69706  
1.09723  0.0284032  1.10414  
1.63583e-006  3.8253e-005  4.16396  
0.952624  1.00395  0.441884  
0.525061  0.0255553  1.53722  
0.0110723  0.000288913  3.35988  
0.868974  5.20399e-028  2.36604  
0.572199  1.05868  0.602781  
0.152285  2.0874e-030  3.63814  
0.477193  0.970793  0.775262  
0.545223  1.03929e-028  2.60219  
0.469448  1.07983  0.915768  
1.0512  0.571255  0.629698  
0.0776579  7.52672e-030  3.82895  
0.953019  0.236611  1.00824  
0.000804246  0.782924  2.46925  
0.018215  1.14575  1.29264  
0.56459  2.14618e-029  2.68896  
0.00171671  0.00193231  3.69974  
0.495367  0.578377  1.27478  
0.0343584  1.13295  1.19669  
0.48326  0.224022  1.46429  
0.00132481  0.00387117  3.56433  
0.973246  0.513901  0.924312  
0.0149183  2.71063e-026  3.17844  
4.41154e-006  1.0436  2.15708  
0.0575037  0.478051  2.28152  
6.24741e-029  0.00410085  3.94771  
0.222882  0.0154675  1.9407  
1.066  0.0180901  1.15371  
0.526483  5.393e-028  2.85479  
0.00148095  0.0143099  3.26997  
0.00215869  0.0396755  3.01798  
0.00198011  0.770728  2.32051  
7.52554e-005  1.46789e-028  7.3339  
0.0130376  1.06827  1.77163  
0.00298159  3.13409e-021  3.77013  
0.480997  0.920029  0.960099  
0.956286  0.0269687  1.39059  
0.171501  0.523678  1.85509  
0.793275  5.70157e-006  2.2696  
0.171537  0.0240199  2.21228  
0.446451  0.000142033  2.8191  
0.939052  0.00690803  1.83582  
0.0188015  0.00444298  2.7329  
0.729059  2.3766e-006  2.55506  
1.01798  5.00858e-028  2.09646  
0.996616  2.28732e-005  2.05015  
0.878853  1.0504  0.260348  
1.02601  0.946874  0.458639  
0.198414  0.99565  0.952785  
0.938078  3.7086e-030  2.56994  
0.830497  0.00372703  1.91811  
5.07915e-026  0.0248622  3.34713  
0.00707527  0.0202769  2.48904  
0.0365523  0.0002348  3.06762  
0.183269  0.00734808  2.54179  
0.51543  0.789012  1.19272  
0.0028647  1.09171  1.98591  
0.00237725  0.00649115  3.27924  
0.504597  7.94534e-006  2.90796  
0.184691  0.00020962  3.1455  
0.784016  2.02908e-005  2.28129  
0.240078  0.00307118  2.92911  
0.00175011  0.0021853  3.63073  
