0.98717  0.0376931  
0.358813  0.923145  
0.56388  0.340317  
0.904367  0.253714  
0  1.14419  
0.990737  0.0289017  
0.492939  0.809838  
0.949246  0.157709  
0.962923  0.100006  
0.999992  2.46536e-005  
0.999951  0.000131677  
0.998246  0.00471796  
0.995659  0.0132763  
0.981521  0.0558646  
0.930445  0.17986  
0.992855  0.0228034  
0.995039  0.0164258  
0.977745  0.0682715  
0.998967  0.00323871  
0.999929  0.000234878  
0.991101  0.0252396  
0.873751  0.338475  
0.984643  0.0513133  
0.443387  0.892262  
0.935879  0.16429  
0.981512  0.0560122  
0.97874  0.0623985  
0.980075  0.0580169  
0.959179  0.127871  
0.494627  0.806609  
0.973287  0.0855859  
0.989321  0.0320271  
0.521983  0.7911  
0.930155  0.209074  
0.915738  0.239898  
0.0917303  1.13633  
0.894864  0.336362  
0.503352  0.803124  
0.226393  1.09335  
0.45908  0.874385  
0.491213  0.816823  
0.0180478  1.13667  
0.485784  0.835912  
0.207958  1.09761  
0.456124  0.886154  
0.51329  0.805038  
0.496547  0.845328  
0.447523  0.897098  
0.43037  1.02976  
0.0559146  1.14051  
0.501282  0.823316  
0.505995  0.814087  
0.96242  0.129161  
0.569024  0.759693  
0  1.18516  
0.878804  0.389431  
0.904367  0.301745  
0.91255  0.273935  
0.679004  0.663709  
0.879024  0.354268  
0.868863  0.395298  
0.495705  0.845492  
0.977977  0.0877683  
0.952793  0.164321  
0.999757  0.0270062  
0.844047  0.437327  
0.946748  0.167265  
0.776861  0.487859  
0.0306591  1.17322  
0.734734  0.661737  
0.770554  0.57747  
0.904367  0.331076  
0.551144  0.827039  
0.469781  0.902618  
0.464593  0.926476  
0.641283  0.770102  
0.269447  1.1716  
0.0021112  1.43872  
0.502447  0.830767  
0.501464  0.866937  
0.680469  0.73334  
0.877684  0.484132  
0.784481  0.577469  
0  1.52864  
0.984643  0.146908  
0.999945  0.145054  
0.931021  0.293777  
0.775266  0.728973  
0.00411142  1.19056  
0.572033  0.794431  
0.966336  0.296083  
0  1.67825  
0.185142  1.19542  
0.00835584  1.1963  
0.906783  0.549581  
0.487253  0.935199  
0.701816  0.754816  
0.924185  0.334077  
0.598379  0.824968  
0.63405  0.79595  
