0.0148503  0.911991  
0.00575676  0.943202  
0.666817  0.245706  
0.00647603  0.940342  
0.00119931  0.977397  
0.118256  0.708699  
0.0269401  0.909509  
0.322939  0.49445  
0.910694  0.111742  
0.857588  0.185816  
0.638795  0.275766  
0.0537582  0.888984  
0.984826  0.104995  
0  2.21051  
0.157156  0.672948  
8.28246e-006  1.65128  
0.543488  0.402352  
2.0186e-005  1.42664  
1.05839e-005  3.25787  
7.81653e-005  1.8601  
0.0098988  0.974227  
0.374898  0.59854  
0.710626  0.263892  
0.299975  0.762888  
0.985868  0.195809  
0.265292  0.778645  
0.959884  0.249751  
0.636803  0.514792  
0.999098  0.176382  
0  3.4716  
1.87618e-005  2.41355  
0.00486589  1.82303  
1.26505e-005  2.48904  
7.11765e-005  3.01035  
0.000114799  2.62115  
0.000169604  2.03104  
0.843256  0.340198  
0.412266  0.69  
0.0167243  1.07648  
0.0775585  0.989485  
3.63663e-005  3.03579  
0.796732  0.494793  
0.916376  0.317021  
0.580499  0.641964  
0.274998  0.846782  
0.000103046  2.67881  
0.992582  0.256376  
0.0117749  1.65828  
0  3.74215  
0.0088965  1.91371  
2.0186e-005  3.16986  
0.000120038  2.67623  
0.0639939  1.75356  
1.87618e-005  4.18966  
0.00677894  2.36759  
0.0643535  1.32853  
0.944941  0.328696  
0.88596  0.45353  
0.0859886  1.00323  
0.442213  0.795058  
0.411277  0.916816  
0.790616  0.679242  
0.787203  0.736258  
0  4.41923  
0.999853  0.297382  
0.0106284  1.96802  
0.000726284  2.50206  
0.0579049  2.05154  
0.00162787  3.10386  
0.00279027  2.79928  
0.000158216  3.31277  
0.0396131  2.06816  
0.0604396  1.98725  
0.659061  0.896584  
0.0172655  2.69063  
3.37786e-005  4.32342  
0.809814  0.699762  
0.0643535  1.78213  
0.0263862  2.40394  
0.915633  0.528926  
0.0759666  1.49319  
0.123878  1.08658  
0.322452  1.00335  
0.228733  1.03524  
0.101768  1.35206  
0.960268  0.345612  
0.422643  0.927789  
0.939179  0.50028  
0  4.51735  
0.0148503  2.75313  
0.0157837  2.72858  
2.20771e-006  4.48561  
0  4.79277  
0.963672  0.541553  
0.0651275  2.02183  
0.0265502  2.46097  
0.1793  1.08918  
0.000369835  4.51273  
0.00207098  3.57385  
0.0127973  3.32012  
