0.449555  0.335355  
0.0369583  0.855385  
0.00988392  0.90311  
0.0128089  0.900634  
0.528378  0.281907  
0.322788  0.457576  
0.118928  0.656624  
0.139486  0.633359  
0.921005  0.0405607  
0.22696  0.566428  
0.188703  0.596391  
0.919034  0.128502  
0.0171605  0.881613  
0.0593682  0.800106  
4.83583e-007  1.48762  
0.000984072  0.981841  
2.6079e-006  1.00007  
0.00464342  0.956592  
0.085226  0.734688  
0.105047  0.713496  
0.807252  0.203616  
0.652912  0.262794  
0.00856729  0.92485  
0.213806  0.580746  
0.395221  0.439792  
0.483787  0.322447  
0.420725  0.413687  
0.342752  0.45328  
0.284847  0.551199  
0.447984  0.395366  
1.40479e-007  2.55015  
0.000852121  0.99389  
0.666309  0.208875  
0.558866  0.353131  
0.694009  0.269245  
0.723668  0.2645  
0.602656  0.308068  
0.347135  0.487837  
0.23594  0.571463  
0.490962  0.375254  
0.444806  0.433469  
0.372872  0.479002  
0.139537  0.684453  
0.327362  0.496136  
0.335627  0.488752  
0.0591689  0.867778  
0.210047  0.615195  
0.094087  0.763575  
0.0730583  0.807808  
0.210441  0.601051  
0.6001  0.321948  
0.000410297  1.00467  
0.203254  0.616397  
0.451131  0.381401  
0.0279741  0.892218  
0.141235  0.649843  
0.229629  0.59307  
9.35701e-006  1.15411  
0.229847  0.582373  
0.0623415  0.838772  
4.88924e-007  3.68142  
0.0859741  0.771326  
1.56691e-006  1.64457  
1.4851e-005  1.11889  
0.0556981  0.879713  
0.112322  0.72661  
7.60424e-006  1.59815  
0.602327  0.314619  
0.727876  0.213074  
0.660569  0.319873  
0.613221  0.340091  
0.875521  0.252217  
0.973188  0.245091  
0.874964  0.294701  
0.871666  0.301911  
0.578204  0.387556  
0.085215  1.21361  
0.464694  0.430781  
0.194515  0.69418  
0.351946  0.505149  
1.73897e-006  2.38218  
0.21821  0.679191  
0.459459  0.453592  
0.00955226  1.31676  
0.23594  0.646674  
0.789593  0.309468  
2.92157e-006  1.64881  
1.13474e-005  1.38042  
0.342142  0.521011  
0.285978  0.575291  
0.478637  0.406858  
0.253161  0.583518  
0.0869713  0.962906  
0.190248  0.893994  
5.83082e-006  3.96907  
0.989655  0.254741  
0.000379549  3.17328  
0.0235114  2.20854  
0.0303855  1.49817  
0.00195588  2.66781  
