2.67054  0.375336  
2.6846  0.373145  
8.62134  0.234611  
4.82171  0.268557  
2.57314  0.389632  
2.65789  0.377457  
2.71283  0.370652  
2.66097  0.376761  
2.47744  0.404684  
2.67039  0.375403  
2.68968  0.372557  
3.74054  0.277918  
2.69403  0.371781  
4.55046  0.272316  
2.65106  0.378683  
1.77719  0.567007  
2.62066  0.382319  
2.6181  0.382827  
1.90336  0.527233  
2.73338  0.367698  
2.70256  0.371327  
2.66397  0.376186  
3.02166  0.336471  
2.53175  0.395556  
2.00694  0.500158  
2.67868  0.374103  
2.24212  0.446339  
2.74069  0.3668  
2.60903  0.38455  
2.58607  0.387061  
2.62127  0.382081  
2.61768  0.382981  
2.4465  0.410605  
2.61121  0.383761  
2.68465  0.372972  
2.49415  0.402359  
2.64444  0.378778  
2.56002  0.391194  
2.47464  0.405181  
2.25114  0.444988  
2.57015  0.390377  
2.06811  0.484309  
2.30448  0.435554  
2.20094  0.455296  
2.59335  0.386433  
2.18484  0.458924  
2.39302  0.418839  
2.36569  0.424044  
2.33742  0.428468  
2.4252  0.412849  
2.33001  0.429504  
2.59835  0.385233  
2.66047  0.376764  
2.39618  0.417516  
2.6884  0.372919  
2.71566  0.369693  
2.63819  0.379276  
2.51457  0.399081  
2.68357  0.373386  
2.43771  0.41127  
2.51829  0.398364  
2.72444  0.368394  
2.17754  0.460744  
2.642  0.379185  
2.55241  0.392862  
2.17902  0.459606  
2.4043  0.417416  
2.64353  0.379043  
2.69279  0.371954  
2.67787  0.374169  
2.45838  0.407751  
2.44851  0.408741  
2.70438  0.37083  
2.68195  0.373401  
2.65763  0.377639  
2.62887  0.38076  
2.71659  0.369206  
2.66312  0.37639  
2.48653  0.402664  
2.56381  0.390814  
2.58172  0.388687  
2.60126  0.384779  
2.6379  0.379827  
2.65829  0.377187  
2.57648  0.389073  
2.61608  0.383062  
2.61688  0.382996  
2.61027  0.384016  
2.62169  0.381601  
2.68132  0.373811  
2.67993  0.373931  
2.67461  0.374754  
2.65273  0.378256  
2.67721  0.374315  
2.69962  0.371715  
2.67571  0.374608  
14.2024  0.318153  
2.56018  0.392737  
13.5021  0.363744  
2.81005  0.366876  
