0.877865  0.485703  
0.00118418  1.00293  
1.00975  0.000521484  
0  4.32172  
0.569702  0.949626  
16.0332  2.9307e-048  
0.478664  0.97238  
0.680753  0.680753  
0.626101  0.93286  
0.343516  9.92095  
0.741184  0.935756  
19.3507  1.71536e-046  
1.25261  0.000646909  
0.557547  1.92201  
0  10.9422  
1.0005  0.798882  
0.638472  1.55267  
0.865221  0.799943  
0.72808  1.0848  
16.5275  5.68129e-008  
0.494182  2.39408  
20.2878  3.70838e-048  
1.23311  0.763657  
24.6664  4.50875e-048  
16.7737  0.000300125  
0.624979  2.09951  
19.7865  1.75399e-046  
1.25786  0.626682  
1.34001  0.000692044  
0  12.8706  
0.0625961  11.6329  
0.0541321  12.3736  
0.749942  1.00594  
0.964958  0.816102  
0.746972  1.11295  
0.00530955  12.4609  
1.4098  0.780014  
0.0130797  12.7795  
0.0486925  12.679  
0.0054624  12.8197  
24.6674  4.50892e-048  
11.3741  0.30331  
0.949618  1.11634  
0.78849  6.43227  
0.906436  2.1852  
1.02163  1.02163  
0.390562  11.946  
0.0136291  12.6994  
20.1839  1.78922e-046  
3.083  0.4109  
2.24688  0.616826  
0.995529  1.05213  
0  13.1893  
1.1101  0.879276  
5.36629e-025  12.9002  
0.000747772  12.8739  
4.00967e-043  13.0629  
0.00691645  12.7808  
20.3532  0.0066715  
0.806575  7.02486  
24.6788  4.51102e-048  
1.52948  0.846226  
0.244144  12.8482  
0  13.2906  
1.48337  0.972283  
2.26543e-008  13.0178  
3.11793  0.415555  
1.11909  1.96057  
0.966202  3.01343  
1.14129  1.14129  
1.10679  2.04612  
2.29518  0.661568  
20.4516  1.81295e-046  
1.43558e-045  13.2262  
1.8913e-005  12.9136  
24.6806  4.51134e-048  
0.000551586  12.9272  
0.91883  7.49555  
0.0317416  12.9147  
7.9269  0.465811  
1.58859  1.0143  
6.16114e-005  13.0205  
1.16297  1.16297  
1.01946  6.59639  
2.75989  0.830491  
3.22913  0.643031  
21.2415  1.88298e-046  
0  13.6674  
8.34875e-044  13.6269  
24.6814  4.51149e-048  
0  13.8559  
8.14812  0.576312  
21.9281  0.261973  
0.972007  7.92934  
1.18807  1.18807  
4.36401  0.820205  
0.422959  12.9369  
1.99488  1.06737  
23.0444  2.04279e-046  
22.9347  0.0217335  
