2.03589e-002	1.32537e+000	
1.01078e-002	1.34915e+000	
3.34149e-001	1.02305e+000	
1.17693e+000	0.00000e+000	
9.32479e-001	3.62489e-001	
7.86629e-001	5.28781e-001	
1.12945e+000	2.30523e-001	
3.80514e-001	8.48009e-001	
6.61890e-001	6.84910e-001	
4.68778e-003	1.36135e+000	
6.05733e-001	6.93089e-001	
2.85208e-002	1.27682e+000	
4.94442e-001	8.31227e-001	
0.00000e+000	1.40376e+000	
8.63203e-002	1.04762e+000	
1.12719e+000	2.41520e-001	
3.21967e-001	1.04316e+000	
6.58366e-001	6.87975e-001	
5.54316e-001	7.70103e-001	
9.57208e-001	2.72542e-001	
8.14804e-002	1.28042e+000	
7.71705e-002	1.30340e+000	
9.35924e-001	4.14177e-001	
6.19331e-002	1.31687e+000	
9.08955e-002	1.10315e+000	
5.65856e-001	7.86077e-001	
0.00000e+000	1.43709e+000	
3.89964e-001	8.69069e-001	
9.74105e-001	2.75745e-001	
3.35314e-001	1.05299e+000	
1.12701e+000	2.66019e-001	
1.17666e+000	0.00000e+000	
8.03586e-001	5.52465e-001	
1.15689e-002	1.36601e+000	
9.36941e-001	3.64223e-001	
1.05468e-002	1.40775e+000	
2.06786e-002	1.34618e+000	
9.61106e-001	3.39844e-001	
5.43874e-001	8.60875e-001	
6.81980e-001	7.64818e-001	
7.68469e-001	7.49276e-001	
8.46248e-002	1.32984e+000	
3.90866e-001	1.04909e+000	
6.83621e-001	7.66659e-001	
1.00753e+000	2.85208e-001	
0.00000e+000	1.44031e+000	
8.35279e-001	5.54009e-001	
5.33442e-001	8.82662e-001	
1.18488e+000	0.00000e+000	
8.82273e-002	1.32381e+000	
1.33516e-002	1.37406e+000	
1.17624e+000	2.40073e-001	
2.08214e-002	1.35548e+000	
4.07797e-001	9.60047e-001	
5.66038e-001	7.86330e-001	
9.14927e-002	1.11040e+000	
5.48080e-001	8.62890e-001	
5.29484e-001	8.90139e-001	
1.06237e-002	1.41801e+000	
3.45405e-001	1.05752e+000	
9.55545e-001	3.68996e-001	
9.45771e-001	5.06787e-001	
1.12905e+000	2.66501e-001	
1.19070e-002	1.40594e+000	
1.00024e+000	3.60930e-001	
7.78191e-001	7.77047e-001	
2.33089e-001	1.16127e+000	
9.74907e-001	3.76473e-001	
5.48069e-001	8.62873e-001	
1.15054e+000	2.71573e-001	
2.12262e-002	1.38183e+000	
3.45813e-001	1.05877e+000	
8.41386e-001	5.58060e-001	
4.34768e-001	9.68918e-001	
9.58101e-002	1.16279e+000	
3.91030e-001	1.04953e+000	
1.45604e-002	1.39438e+000	
4.46547e-002	1.36578e+000	
2.40020e-001	1.15335e+000	
2.80447e-002	1.37158e+000	
0.00000e+000	1.46969e+000	
1.00961e+000	2.85795e-001	
5.31110e-001	8.92873e-001	
4.26064e-001	9.93643e-001	
7.15660e-001	8.06430e-001	
1.19007e+000	0.00000e+000	
0.00000e+000	1.46942e+000	
1.21157e+000	0.00000e+000	
8.51145e-001	5.64350e-001	
9.76892e-001	5.23463e-001	
1.01194e+000	2.86457e-001	
7.78672e-001	7.77528e-001	
9.79855e-002	1.18796e+000	
1.19405e+000	2.14725e-001	
7.19453e-001	8.07345e-001	
9.17430e-002	1.37656e+000	
5.49388e-001	8.64948e-001	
3.98833e-001	1.06970e+000	
2.98090e-001	1.15275e+000	
2.49818e-001	1.17197e+000	
