3.30284e+000	4.13981e+000	
3.73210e+000	3.42150e+000	
9.38956e+000	1.74184e-004	
3.16872e+000	4.35981e+000	
2.58201e-004	7.26314e+000	
4.34605e+000	3.32151e+000	
3.82177e+000	3.95343e+000	
1.14931e+001	2.13207e-004	
3.38802e+000	4.24656e+000	
2.98851e-004	8.40661e+000	
4.48527e+000	3.62497e+000	
1.07779e+001	1.30279e-002	
1.06339e+001	7.81890e-002	
1.03460e+001	3.09309e-001	
4.55611e+000	3.48147e+000	
4.47254e+000	3.63075e+000	
1.03155e+001	1.80126e+000	
4.28835e+000	3.90797e+000	
4.74026e+000	3.84809e+000	
3.43870e+000	4.99719e+000	
1.23007e+001	2.28189e-004	
1.20218e+001	1.45314e-002	
3.89563e+000	4.14921e+000	
4.42097e+000	4.02882e+000	
1.15435e+001	2.19784e-002	
3.93733e+000	4.07373e+000	
1.04772e+001	3.17553e-001	
3.46794e+000	4.35010e+000	
1.09917e+001	3.84884e-002	
3.12465e-004	8.78959e+000	
3.85465e+000	4.28267e+000	
4.00644e+000	4.26723e+000	
1.09388e+001	3.27031e-001	
5.09004e+000	3.88945e+000	
3.62190e+000	4.42815e+000	
5.17576e+000	3.85533e+000	
3.52577e+000	5.05132e+000	
1.15452e+001	1.75592e-001	
4.02634e+000	4.26109e+000	
3.20975e-004	9.02896e+000	
4.42220e+000	4.25570e+000	
1.25230e+001	9.20788e-002	
1.08049e+001	3.98913e-001	
3.61913e+000	4.53624e+000	
1.26551e+001	2.34764e-004	
3.56248e+000	5.15090e+000	
3.68707e+000	4.50784e+000	
3.39887e-004	9.56095e+000	
4.03213e+000	4.47987e+000	
1.16997e+001	4.35755e-001	
4.33274e+000	4.45560e+000	
4.78070e+000	4.35664e+000	
4.32743e+000	4.47652e+000	
5.11321e+000	3.90782e+000	
1.25119e+001	2.68400e-001	
1.28696e+001	5.16664e-005	
1.28783e+001	2.38904e-004	
5.42370e+000	3.91110e+000	
3.70342e+000	4.52782e+000	
3.42938e-004	9.64677e+000	
1.17297e+001	7.17574e-001	
3.61846e+000	6.25938e+000	
4.34333e+000	4.46731e+000	
5.21871e+000	3.91507e+000	
1.17692e+001	4.38342e-001	
3.94629e+000	4.54040e+000	
3.44085e-004	9.67904e+000	
1.23692e+001	4.65432e-001	
1.29875e+001	2.40929e-004	
3.71114e+000	4.65158e+000	
5.53161e+000	3.94324e+000	
5.34220e+000	4.16766e+000	
3.68691e+000	7.01416e+000	
1.29857e+001	3.42850e-001	
4.32662e+000	4.60826e+000	
3.48099e-004	9.79197e+000	
1.30947e+001	2.42918e-004	
5.36565e+000	4.38030e+000	
3.80474e+000	5.76981e+000	
4.17556e+000	4.63922e+000	
3.80831e+000	4.65607e+000	
4.33032e+000	4.58280e+000	
5.91907e+000	4.28391e+000	
3.52356e-004	9.91169e+000	
5.72537e+000	4.46659e+000	
3.83194e+000	4.66375e+000	
5.94141e+000	4.44195e+000	
3.81170e+000	5.46096e+000	
1.31685e+001	3.16126e-004	
7.95775e+000	4.38475e+000	
1.31406e+001	2.50193e-002	
3.87295e+000	4.73510e+000	
1.31997e+001	2.44866e-004	
3.61315e-004	1.01637e+001	
6.55997e-001	1.01276e+001	
3.84824e+000	5.51331e+000	
5.73622e+000	4.60996e+000	
3.66144e-004	1.02996e+001	
1.38415e+001	2.56772e-004	
1.32496e+001	2.52268e-002	
