1.42230e+000	6.98787e-001	
1.38662e+000	7.29006e-001	
5.58549e-001	5.33780e+000	
2.32688e+001	6.78547e-005	
1.47499e+001	1.57282e-003	
2.25253e-006	1.90386e+001	
3.64906e+000	7.12600e-001	
2.39540e+001	6.98527e-005	
6.95466e-001	1.36353e+001	
1.22996e+000	1.27903e+001	
1.81518e+001	2.18914e-002	
6.74122e-001	1.76120e+001	
1.67790e+000	9.09257e-001	
1.38780e+000	2.45591e+000	
5.89293e-004	1.97185e+001	
1.24937e+000	8.43714e+000	
2.41144e+001	7.09185e-001	
1.73772e+000	9.41675e-001	
2.48441e+001	7.59416e-004	
1.41383e+001	7.75938e-001	
6.45523e-005	2.03229e+001	
1.37630e+001	7.89850e-001	
1.39112e+000	3.50820e+000	
6.96088e-001	1.36475e+001	
1.32654e+000	9.98877e+000	
2.62254e-006	2.21660e+001	
2.46107e+001	7.60663e-001	
1.36590e+000	1.07729e+001	
3.54888e-003	2.18523e+001	
2.75233e+001	4.91070e-003	
1.73688e+000	1.84100e+000	
1.47567e+000	6.43993e+000	
2.86773e+001	4.04649e-006	
2.00240e+000	9.83792e-001	
1.38169e+000	1.07685e+001	
1.77535e+000	1.30674e+000	
7.15960e-001	1.76535e+001	
7.28783e-001	1.59855e+001	
1.88209e+000	1.02148e+000	
7.51376e-001	1.47315e+001	
1.45795e+001	8.36709e-001	
1.47531e+000	7.49019e+000	
2.96513e+001	3.37001e-004	
1.89057e+000	1.02608e+000	
1.77578e+000	1.30706e+000	
2.91359e+001	4.89864e-002	
1.77212e+000	3.03257e+000	
1.37321e+000	1.08306e+001	
2.91423e-006	2.46314e+001	
2.60031e+001	7.80095e-001	
7.18523e-001	1.77167e+001	
1.75455e+001	9.04092e-001	
1.64897e+001	9.44881e-001	
2.62859e+001	7.88578e-001	
3.36750e+001	1.01723e-004	
1.38763e+000	1.09444e+001	
1.65056e+001	9.47246e-001	
1.82022e+001	9.37932e-001	
7.39879e-001	1.82433e+001	
1.89049e+000	1.40341e+000	
2.96851e+001	4.99098e-002	
1.50779e+000	8.62507e+000	
7.78411e-001	1.78527e+001	
1.89165e+000	1.02667e+000	
8.13025e-005	2.55964e+001	
1.80907e+000	2.65013e+000	
3.51175e+001	8.78160e-004	
1.65224e+001	9.48210e-001	
1.40464e+000	1.10785e+001	
1.52677e+000	8.75327e+000	
7.45632e-001	1.90261e+001	
8.28244e-005	2.60755e+001	
2.81349e+001	8.27425e-001	
1.81446e+000	2.65803e+000	
3.09174e+001	5.19816e-002	
8.61915e-001	1.89057e+001	
1.08114e-001	2.57433e+001	
1.91548e+000	1.03960e+000	
2.03965e+000	1.10700e+000	
3.60302e+001	1.10134e-003	
1.23266e+000	1.90638e+001	
1.46260e+000	1.15356e+001	
1.47233e+000	1.14749e+001	
7.49185e-001	1.91168e+001	
1.10291e+001	1.09322e+000	
2.81441e+001	8.27696e-001	
3.29753e+001	9.56329e-002	
2.01783e+001	9.87395e-001	
1.94213e+000	2.81186e+000	
7.73281e-001	1.90669e+001	
2.00366e+000	1.15103e+000	
1.52117e+000	1.12662e+001	
3.30442e+001	5.55573e-002	
1.42533e+000	1.23352e+001	
1.81140e+001	1.04285e+000	
1.52734e+000	8.75655e+000	
1.25154e+001	1.06150e+000	
3.96653e+001	8.39997e-005	
8.28645e-005	2.60882e+001	
1.45193e+000	1.25654e+001	
