1.10575e+000	4.77627e-002	
2.04729e-001	8.71304e-001	
6.32934e-001	5.90706e-001	
6.61443e-001	4.30125e-001	
1.31610e+000	1.95460e-004	
5.96241e-004	1.23741e+000	
2.28018e-001	8.34778e-001	
5.47468e-003	1.21357e+000	
1.20389e+000	1.73659e-003	
9.43335e-001	4.11587e-001	
1.12724e+000	1.62870e-002	
1.06453e+000	5.47492e-002	
1.04534e+000	8.08763e-002	
1.16628e+000	2.17045e-002	
6.90624e-001	4.31553e-001	
1.34773e-002	1.28897e+000	
1.53353e-002	1.23148e+000	
1.20054e+000	1.96446e-002	
1.07216e+000	8.29518e-002	
6.36291e-001	5.93839e-001	
1.23231e+000	2.10554e-003	
1.14272e+000	3.44491e-002	
6.70029e-001	4.35708e-001	
6.28858e-004	1.30510e+000	
1.33349e+000	7.58619e-004	
2.04570e-001	8.70629e-001	
1.07983e+000	5.57377e-002	
6.29546e-004	1.30653e+000	
3.11942e-002	1.23592e+000	
1.27445e+000	2.17755e-003	
6.59255e-001	6.20239e-001	
2.04684e-001	1.11589e+000	
1.54952e-002	1.24432e+000	
1.14885e+000	5.13399e-002	
6.98037e-001	4.56182e-001	
6.69274e-001	5.85455e-001	
1.16619e+000	2.17029e-002	
2.14844e-001	8.74713e-001	
6.79050e-001	4.80859e-001	
4.95846e-002	1.23267e+000	
1.10555e+000	5.68589e-002	
1.07937e+000	8.35091e-002	
6.89513e-001	4.61619e-001	
7.08237e-001	4.43907e-001	
1.15300e+000	4.98036e-002	
1.33913e+000	6.27504e-004	
1.10112e+000	7.50693e-002	
6.75819e-001	5.86670e-001	
6.62000e-001	6.27602e-001	
1.28366e+000	1.35537e-002	
1.09144e+000	8.44433e-002	
1.35038e-002	1.32976e+000	
1.18025e+000	2.19645e-002	
7.40571e-001	4.76008e-001	
1.14935e+000	5.63231e-002	
3.13530e-002	1.24221e+000	
1.56478e-002	1.25658e+000	
1.16950e+000	2.52082e-002	
1.10198e+000	7.51282e-002	
2.19981e-001	8.95628e-001	
1.12647e+000	6.27959e-002	
1.34464e+000	6.30087e-004	
7.30012e-001	4.77078e-001	
1.03994e+000	4.49761e-001	
1.14425e+000	5.88490e-002	
1.99861e-003	1.34054e+000	
6.70207e-001	5.89963e-001	
6.84968e-001	4.91731e-001	
7.09795e-001	5.09554e-001	
1.13239e+000	6.31259e-002	
1.09259e+000	8.45321e-002	
1.18479e+000	2.23456e-002	
1.33195e-003	1.39103e+000	
6.96165e-001	5.16133e-001	
1.35216e+000	6.33608e-004	
1.29747e+000	1.36994e-002	
2.38932e-002	1.28131e+000	
2.71089e-003	1.35414e+000	
3.17621e-002	1.25842e+000	
7.10982e-001	4.99876e-001	
1.17045e+000	2.70329e-002	
1.16902e+000	5.04958e-002	
2.21366e-001	9.01268e-001	
1.60851e-002	1.29169e+000	
1.16128e+000	5.69075e-002	
6.76849e-001	5.87565e-001	
7.41190e-001	4.84383e-001	
1.36023e+000	6.37394e-004	
1.33546e-003	1.39469e+000	
2.21732e-001	9.02756e-001	
6.75916e-001	6.30820e-001	
1.09687e+000	4.83915e-001	
3.17736e-002	1.25888e+000	
1.09957e+000	8.50718e-002	
7.45420e-001	4.87148e-001	
1.29691e+000	1.41540e-002	
7.12415e-001	5.00884e-001	
6.79430e-001	5.89805e-001	
1.18695e+000	2.14746e-002	
1.13147e+000	6.30747e-002	
