1.86757e-003	8.77998e-001	
2.89867e-001	6.56869e-001	
2.52101e-001	6.79127e-001	
4.27076e-001	3.18337e-001	
2.99981e-001	6.45785e-001	
3.96011e-002	7.07085e-001	
4.65120e-001	2.84639e-001	
3.08319e-001	6.31958e-001	
5.73713e-001	2.14111e-001	
2.94513e-001	6.52391e-001	
3.16603e-001	6.05113e-001	
4.05986e-001	3.41433e-001	
3.03815e-001	6.40961e-001	
4.70156e-002	7.05589e-001	
4.21669e-001	3.23718e-001	
2.46349e-001	6.81297e-001	
4.92766e-004	8.79370e-001	
3.02368e-001	6.42553e-001	
2.64001e-001	6.73700e-001	
3.13512e-001	6.18248e-001	
2.92375e-001	6.54377e-001	
4.68658e-001	2.81835e-001	
7.79491e-001	1.28972e-001	
2.26364e-002	7.19999e-001	
4.56820e-001	2.93129e-001	
2.81330e-001	6.63123e-001	
7.59951e-001	1.35426e-001	
2.96859e-001	6.49532e-001	
4.32602e-001	3.13195e-001	
2.68268e-001	6.71447e-001	
1.47933e-002	7.53658e-001	
3.46133e-001	4.79331e-001	
4.31333e-001	3.14313e-001	
3.91860e-001	3.57597e-001	
6.12117e-001	1.96985e-001	
4.81402e-001	2.72084e-001	
5.14128e-001	2.49607e-001	
3.30145e-001	4.89330e-001	
3.05112e-001	6.38365e-001	
3.77600e-001	3.77364e-001	
2.57433e-001	6.77481e-001	
2.79057e-001	6.65324e-001	
4.23829e-001	3.21619e-001	
3.09797e-001	6.28702e-001	
7.92555e-001	1.24659e-001	
3.19410e-001	5.86646e-001	
3.14869e-001	6.12722e-001	
2.70930e-001	6.69827e-001	
4.10809e-001	3.35557e-001	
1.87448e-002	7.28820e-001	
3.73046e-002	7.10698e-001	
1.65590e-001	6.98367e-001	
4.55053e-001	2.94320e-001	
4.46506e-001	3.01646e-001	
3.81297e-001	3.72003e-001	
3.24062e-001	5.26044e-001	
4.20473e-001	3.29010e-001	
3.20488e-001	5.67696e-001	
6.31196e-001	1.85958e-001	
7.79140e-001	1.28914e-001	
5.60096e-004	8.79256e-001	
6.12035e-001	1.96959e-001	
3.43853e-001	5.09647e-001	
7.59784e-001	1.35396e-001	
4.76652e-002	7.05484e-001	
3.93134e-001	3.58760e-001	
2.46320e-001	6.81664e-001	
1.47974e-002	7.53865e-001	
5.20810e-001	2.52851e-001	
5.75199e-001	2.14665e-001	
1.86759e-003	8.78009e-001	
3.23118e-001	5.36426e-001	
4.90487e-001	2.77219e-001	
3.18983e-001	5.89671e-001	
2.23375e-002	7.20636e-001	
4.47721e-001	3.00785e-001	
4.05859e-001	3.41325e-001	
1.79748e-002	7.31673e-001	
3.96134e-002	7.07304e-001	
2.81403e-001	6.63296e-001	
4.11851e-001	3.36072e-001	
3.13719e-001	6.17476e-001	
4.56877e-001	2.92925e-001	
3.08275e-001	6.31867e-001	
3.16662e-001	6.05532e-001	
4.22302e-001	3.22868e-001	
4.68651e-001	2.81831e-001	
4.32602e-001	3.13195e-001	
2.68205e-001	6.73096e-001	
4.65112e-001	2.84634e-001	
2.89829e-001	6.56783e-001	
2.57258e-001	6.77021e-001	
3.03622e-001	6.40553e-001	
2.51257e-001	6.79597e-001	
4.27092e-001	3.18348e-001	
2.64241e-001	6.74314e-001	
3.00092e-001	6.46024e-001	
2.96870e-001	6.49443e-001	
4.30654e-001	3.15840e-001	
2.94474e-001	6.52305e-001	
