1.04350e+000	1.46935e+000	
2.53534e-003	1.88529e+001	
1.47957e+000	1.07578e+000	
1.11755e-008	1.92783e+001	
1.51969e+001	2.66114e-006	
9.73639e-001	2.38836e+000	
6.06297e+000	9.40013e-001	
1.30070e+001	8.06654e-001	
2.48214e+000	1.57287e+000	
1.03711e+000	2.54405e+000	
1.53376e+001	2.68577e-006	
1.27032e+000	1.78874e+000	
8.04478e-004	2.13094e+001	
6.19337e+000	9.74439e-001	
2.41574e-002	1.94954e+001	
3.49733e+000	1.31422e+000	
9.81269e-001	4.79661e+000	
1.16975e+000	2.49414e+000	
3.11933e-002	2.10920e+001	
1.18979e+000	2.64827e+000	
2.95546e-003	2.19768e+001	
7.31296e+000	1.24453e+000	
1.05137e+000	5.13927e+000	
9.49324e-004	2.51461e+001	
7.57199e+000	1.17150e+000	
1.59030e-001	2.02276e+001	
2.57591e+000	1.67450e+000	
1.40046e+000	1.90467e+000	
1.15697e+000	4.42106e+000	
4.16045e+000	1.54796e+000	
2.51425e+000	1.76609e+000	
4.06834e+000	1.56037e+000	
1.81856e+001	3.18449e-006	
1.31926e+001	1.00015e+000	
1.37464e-002	2.27958e+001	
1.68033e+000	2.02954e+000	
1.44514e+000	3.08134e+000	
2.59288e+000	1.69248e+000	
1.46360e+000	2.16182e+000	
2.57227e+001	3.46973e-006	
1.17829e+000	4.80114e+000	
7.62171e+000	1.17919e+000	
1.31892e+000	3.23535e+000	
9.15358e-010	3.15343e+001	
4.08935e+000	1.56843e+000	
1.45948e-003	2.72541e+001	
1.06789e+000	5.18517e+000	
3.13973e-002	2.12299e+001	
2.60466e+000	1.82960e+000	
1.86310e+000	2.06997e+000	
2.17391e-003	2.99187e+001	
1.36269e+000	3.39902e+000	
2.91719e+000	1.78284e+000	
1.03488e-009	3.56520e+001	
2.59248e+001	3.49700e-006	
1.49641e+000	2.56802e+000	
1.38297e-002	2.29340e+001	
3.84633e+000	1.74378e+000	
4.63377e-003	2.75502e+001	
1.51967e+000	2.24464e+000	
4.23215e+000	1.57463e+000	
7.62372e+000	1.17950e+000	
1.18277e+000	4.86294e+000	
3.48057e-002	2.35345e+001	
4.73451e-004	3.73975e+001	
7.77775e+000	1.20553e+000	
1.66248e+000	2.45557e+000	
1.95433e+000	2.10336e+000	
2.88277e+000	1.88170e+000	
1.37432e+000	3.42804e+000	
2.66876e+001	1.01597e+000	
1.54157e+000	3.28694e+000	
1.42909e-002	2.36988e+001	
1.99567e-003	3.00385e+001	
1.85886e+000	2.27732e+000	
2.95582e+001	3.25236e-007	
1.18944e+000	4.89036e+000	
4.41097e+000	1.64117e+000	
4.66535e-003	2.77380e+001	
2.81265e+000	1.93209e+000	
4.30620e+000	1.66022e+000	
4.79843e-004	3.79024e+001	
3.17582e+001	4.28387e-006	
2.79090e+001	1.02379e+000	
8.18128e+000	1.26807e+000	
1.21254e+000	5.92708e+000	
3.48106e-002	2.35378e+001	
2.01667e-003	3.03546e+001	
1.10651e-002	2.78209e+001	
1.45602e-002	2.41453e+001	
6.14163e+000	1.75660e+000	
4.84354e+000	1.86738e+000	
8.06796e+000	1.26938e+000	
1.28305e+000	5.27527e+000	
1.46857e+000	3.66312e+000	
3.04534e+000	1.91152e+000	
2.85660e+000	1.95439e+000	
1.56637e+000	3.33982e+000	
1.66191e+000	2.77565e+000	
2.17416e+000	2.14283e+000	
