5.72313e-001	5.63324e-001	
1.16874e+000	2.77699e-004	
2.79062e-001	8.35850e-001	
7.40909e-001	4.38818e-001	
3.12985e-001	8.09517e-001	
5.63536e-001	5.78578e-001	
7.39433e-001	4.57025e-001	
3.93880e-001	7.42381e-001	
8.97782e-001	2.24706e-001	
5.00746e-003	1.07384e+000	
9.76885e-001	1.57858e-001	
5.29177e-001	6.47766e-001	
3.27392e-001	7.93556e-001	
6.24501e-002	1.03179e+000	
6.13541e-001	5.13837e-001	
8.13308e-001	3.92206e-001	
5.55816e-001	6.21716e-001	
7.87460e-002	9.72670e-001	
2.26833e-001	8.55305e-001	
1.07947e+000	5.35499e-003	
9.42308e-001	2.21016e-001	
8.39117e-001	2.69375e-001	
6.91260e-001	5.06169e-001	
7.18633e-002	1.00542e+000	
9.50151e-001	2.10466e-001	
1.03467e+000	8.24227e-003	
4.73075e-002	1.05072e+000	
4.41227e-001	6.80677e-001	
5.42117e-001	6.46033e-001	
4.49112e-004	1.09246e+000	
1.01356e+000	8.12907e-002	
3.40704e-001	7.84559e-001	
7.21489e-001	4.62641e-001	
1.01497e+000	1.75052e-002	
5.27599e-001	6.54275e-001	
2.55662e-003	1.08139e+000	
7.36787e-003	1.06806e+000	
8.11901e-001	4.02325e-001	
9.95986e-001	1.12530e-001	
1.21415e-001	9.28463e-001	
1.10497e-001	9.99161e-001	
4.25565e-001	7.51923e-001	
2.30495e-001	8.69112e-001	
7.47534e-001	4.42741e-001	
5.94662e-003	1.07364e+000	
1.16803e+000	2.77531e-004	
6.52300e-005	1.13295e+000	
2.09374e-003	1.10450e+000	
1.61979e-001	9.32268e-001	
8.39619e-001	4.12564e-001	
5.72361e-001	5.62994e-001	
9.50953e-002	1.00404e+000	
5.45312e-001	6.54725e-001	
6.73466e-001	5.13919e-001	
3.13709e-001	8.11389e-001	
8.97802e-001	2.24710e-001	
2.79080e-001	8.35905e-001	
5.70079e-001	5.85295e-001	
9.97936e-001	1.54024e-001	
4.73847e-001	7.16741e-001	
8.62959e-002	1.01102e+000	
1.03705e+000	7.41244e-003	
1.03300e+000	1.02600e-001	
1.01010e+000	1.45279e-001	
1.09483e+000	5.43115e-003	
6.23941e-002	1.03087e+000	
5.56320e-001	6.22281e-001	
9.76931e-001	1.57865e-001	
6.16875e-001	5.16629e-001	
3.29859e-001	7.99534e-001	
5.49025e-001	6.72062e-001	
7.51266e-001	4.53615e-001	
5.50982e-001	6.64542e-001	
7.48801e-001	4.62815e-001	
7.02020e-001	5.35240e-001	
9.82472e-001	1.58761e-001	
1.73353e-001	9.66730e-001	
2.31107e-001	8.71423e-001	
9.07605e-001	2.29730e-001	
6.62002e-005	1.14980e+000	
1.04429e+000	1.50196e-001	
1.05942e+000	1.37807e-001	
5.80465e-001	5.72480e-001	
1.10705e-001	9.98635e-001	
1.85270e-001	9.58816e-001	
9.34529e-002	1.01747e+000	
2.87657e-003	1.14576e+000	
6.30373e-001	5.36926e-001	
1.00014e+000	1.53121e-001	
1.07446e+000	7.67979e-003	
1.10316e+000	5.47250e-003	
1.16802e+000	2.77530e-004	
1.06514e+000	2.01758e-002	
2.81027e-001	8.41737e-001	
8.75269e-002	1.04845e+000	
3.14903e-001	8.31182e-001	
5.03083e-003	1.07885e+000	
1.16912e+000	2.77791e-004	
6.63238e-005	1.15195e+000	
7.55048e-001	4.55898e-001	
