8.49856e-001	1.40349e-001	
3.95343e-001	6.75770e-001	
1.98671e-001	7.30953e-001	
4.75564e-004	1.10249e+000	
8.69197e-001	6.63124e-002	
1.78874e-001	7.78963e-001	
1.82854e-001	7.67009e-001	
9.02024e-001	2.19979e-002	
2.05673e-001	7.22778e-001	
1.87319e-001	7.42795e-001	
1.96717e-003	1.04770e+000	
2.16523e-001	7.06462e-001	
9.30768e-001	1.04230e-002	
9.20791e-001	1.30349e-002	
8.60491e-001	1.09680e-001	
9.46567e-001	6.64677e-003	
1.70464e-001	8.20673e-001	
9.69125e-001	3.14231e-003	
1.75505e-001	7.84075e-001	
8.92206e-001	2.91456e-002	
1.00135e+000	8.23340e-004	
2.52966e-001	6.84255e-001	
8.82628e-001	6.37090e-002	
4.93844e-003	1.02107e+000	
1.08261e-001	1.01201e+000	
8.52607e-001	1.40803e-001	
1.80060e-001	7.84126e-001	
1.82740e-001	7.75068e-001	
9.58614e-001	5.68818e-003	
9.20634e-001	1.72122e-002	
8.96557e-001	6.15266e-002	
9.30235e-001	1.43822e-002	
9.79372e-001	3.23332e-003	
1.71727e-001	8.28182e-001	
8.62466e-001	1.09931e-001	
2.05659e-001	7.22730e-001	
9.02310e-001	2.18542e-002	
8.98467e-001	2.93502e-002	
8.76928e-001	6.69022e-002	
8.60247e-001	1.16455e-001	
1.13936e-001	1.01277e+000	
1.87204e-001	7.42059e-001	
9.31537e-001	1.31082e-002	
1.02764e+000	3.10564e-004	
2.92510e-003	1.06514e+000	
4.02002e-003	1.02469e+000	
1.98634e-001	7.30820e-001	
2.72427e-001	6.85029e-001	
3.98532e-001	6.81221e-001	
9.39714e-001	1.00177e-002	
2.18816e-001	7.11614e-001	
8.73485e-001	7.78665e-002	
2.29735e-001	7.10284e-001	
5.15588e-004	1.11841e+000	
8.85630e-001	6.39257e-002	
1.83821e-001	7.72339e-001	
9.29958e-001	1.44931e-002	
9.01251e-001	2.94411e-002	
2.19179e-001	7.15130e-001	
8.77452e-001	7.79978e-002	
1.88929e-002	1.03363e+000	
1.09565e-001	1.02419e+000	
4.04332e-001	6.86076e-001	
2.85949e-001	6.87464e-001	
1.72780e-001	8.33261e-001	
8.52143e-001	1.40726e-001	
1.84072e-001	7.73105e-001	
5.15463e-004	1.11814e+000	
8.75382e-001	1.11578e-001	
2.76064e-001	6.90411e-001	
4.33063e-002	1.02690e+000	
1.80140e-001	7.84473e-001	
8.61006e-001	1.28206e-001	
8.70925e-001	1.19947e-001	
2.74189e-001	6.95474e-001	
2.48744e-002	1.03026e+000	
8.88721e-001	6.41489e-002	
1.97968e-001	7.30495e-001	
1.88925e-001	7.49164e-001	
9.07986e-001	2.70753e-002	
9.80738e-001	3.23783e-003	
2.49398e-001	7.12077e-001	
9.40476e-001	1.00259e-002	
9.09642e-001	2.30079e-002	
4.17957e-003	1.04405e+000	
1.92266e-001	7.42738e-001	
9.81608e-001	3.17464e-003	
5.22844e-004	1.13415e+000	
8.52752e-001	1.63045e-001	
2.76587e-001	6.95489e-001	
1.72111e-001	8.37271e-001	
1.89382e-002	1.03611e+000	
4.10516e-003	1.04639e+000	
1.81267e-001	8.07391e-001	
2.48671e-001	7.13300e-001	
1.83837e-001	7.72408e-001	
2.19172e-001	7.15105e-001	
1.99983e-001	7.30165e-001	
8.57953e-001	1.47338e-001	
8.70358e-001	1.19869e-001	
