2.09771e-002	2.58686e+000	
2.11358e-001	2.72363e-001	
1.43551e-005	3.77041e+000	
1.88010e-001	2.77675e-001	
2.69885e-001	2.43820e-001	
2.53124e-001	2.55805e-001	
3.39944e+000	5.64584e-004	
1.13184e-002	2.84348e+000	
3.09910e-002	2.51007e+000	
4.70596e-002	2.38920e+000	
3.39880e-001	1.37531e-001	
1.98277e-002	2.98893e+000	
2.71018e-001	2.44844e-001	
1.39754e-006	3.95475e+000	
3.68494e-001	1.49109e-001	
3.74956e+000	3.52582e-004	
3.39929e-002	2.75320e+000	
2.68862e-002	2.77273e+000	
2.99988e-002	2.75484e+000	
1.90033e-001	2.80662e-001	
2.19766e-002	3.31215e+000	
1.51060e-006	4.27469e+000	
4.02531e-001	1.62882e-001	
2.70607e-002	3.09046e+000	
2.90108e-001	2.62090e-001	
3.21930e-002	2.78074e+000	
3.98191e-001	2.54469e-001	
1.89906e-001	2.87939e-001	
2.82777e-002	2.84873e+000	
3.80943e+000	3.58211e-004	
1.97393e-001	4.21666e-001	
2.87362e-002	2.96353e+000	
2.01644e-001	2.97811e-001	
4.14049e-001	1.67543e-001	
1.52220e-006	4.30750e+000	
3.86900e+000	7.16756e-004	
2.12414e-006	4.49879e+000	
3.24341e-002	2.97848e+000	
2.11654e-001	3.12595e-001	
1.99734e-001	4.38071e-001	
4.13193e+000	2.49758e-004	
4.25646e-001	1.72392e-001	
2.98521e-002	3.03072e+000	
3.39340e-002	2.97776e+000	
4.44746e-001	1.86200e-001	
3.00481e-002	3.09881e+000	
2.44543e-001	3.15126e-001	
2.14149e-001	3.16280e-001	
2.00716e-001	4.90828e-001	
2.11604e-001	4.64847e-001	
1.72775e-005	4.53798e+000	
4.39704e+000	8.60473e-004	
2.13367e-001	3.85642e-001	
3.39332e-001	3.39426e-001	
2.22823e-001	3.45934e-001	
1.62265e-006	4.59176e+000	
3.10295e-002	3.15026e+000	
2.15560e-001	3.53161e-001	
4.58153e-001	1.85389e-001	
2.02257e-001	8.16917e-001	
3.68301e-002	2.98300e+000	
4.39871e+000	3.60873e-006	
5.15598e-001	1.98492e-001	
5.01873e-001	2.03265e-001	
2.12962e-001	4.67831e-001	
4.80358e-001	2.07537e-001	
2.19835e-001	3.54492e-001	
2.38869e-001	3.52790e-001	
3.12509e-002	3.22286e+000	
2.42966e-006	5.14587e+000	
4.45993e+000	6.91435e-004	
2.21022e-001	1.54665e+000	
3.23291e-002	3.38466e+000	
2.56527e-006	5.43309e+000	
5.19139e-001	1.99856e-001	
2.89332e-001	3.65496e-001	
2.25662e-001	4.95729e-001	
4.34604e-001	3.55594e-001	
2.36766e-001	4.13104e-001	
2.71480e-001	4.00953e-001	
4.47146e+000	4.73877e-004	
2.35686e-001	4.25982e-001	
4.92467e-001	3.14717e-001	
4.49599e+000	8.32909e-004	
2.64035e-001	4.25766e-001	
2.28816e-001	5.02659e-001	
5.26959e-001	2.03748e-001	
2.39632e-001	4.33113e-001	
4.30442e-002	3.48630e+000	
3.73016e-001	3.73119e-001	
2.95123e-001	3.75160e-001	
4.59182e-004	5.52170e+000	
3.43201e-002	3.53938e+000	
2.22247e-001	2.15626e+000	
2.72462e-001	4.02404e-001	
4.67425e+000	8.65933e-004	
1.18602e-005	5.57017e+000	
5.33054e-001	2.15698e-001	
2.28215e-001	1.74714e+000	
3.52385e-002	3.63409e+000	
