9.48054e-001	8.78137e-001	
2.70380e-001	1.67823e+000	
3.97864e-001	1.41297e+000	
5.15698e-004	2.08285e+000	
9.35529e-001	1.25483e+000	
3.23230e-001	1.60225e+000	
1.01672e+000	6.38698e-001	
1.64655e+000	6.47831e-004	
1.33756e+000	4.95446e-002	
3.37636e-001	1.45232e+000	
1.75162e-003	1.91292e+000	
2.86121e-002	1.87751e+000	
5.34245e-002	1.86390e+000	
4.65175e-001	1.33107e+000	
1.09721e+000	6.31932e-001	
3.29371e-001	1.62679e+000	
1.06107e+000	9.82819e-001	
1.69246e+000	4.37205e-002	
1.07071e+000	6.65513e-001	
1.55331e+000	1.40542e-001	
1.53985e+000	4.17524e-001	
5.83318e-004	2.35596e+000	
1.76811e+000	6.95655e-004	
9.64665e-001	1.27197e+000	
1.59941e+000	5.92435e-002	
9.67196e-001	1.02622e+000	
4.64872e-001	1.33236e+000	
1.80630e-003	1.97264e+000	
9.96074e-001	1.00198e+000	
3.38799e-001	1.45733e+000	
2.78537e-001	1.78085e+000	
3.86106e-001	1.45384e+000	
2.51117e-001	1.93026e+000	
2.91943e-001	1.86670e+000	
1.74025e+000	4.49548e-002	
4.46957e-001	1.46373e+000	
9.66775e-001	1.32181e+000	
9.75493e-001	1.28878e+000	
2.95015e-001	1.83113e+000	
3.43101e-001	1.60304e+000	
1.61624e-001	1.98433e+000	
1.84370e+000	1.03647e-003	
1.03373e+000	1.10361e+000	
3.44237e-001	1.52938e+000	
1.60624e+000	7.93048e-002	
3.90068e-004	2.37421e+000	
1.07273e+000	6.66769e-001	
4.67872e-001	1.41167e+000	
1.86774e-003	2.03974e+000	
3.45321e-001	1.48538e+000	
4.73181e-001	1.35470e+000	
8.62626e-003	2.10265e+000	
5.91986e-004	2.39097e+000	
9.88817e-001	1.30382e+000	
3.12740e-001	1.88657e+000	
3.79571e-001	1.56251e+000	
2.91578e-003	2.16497e+000	
4.59217e-001	1.51001e+000	
4.01574e-001	1.54941e+000	
1.09096e+000	7.09256e-001	
3.09356e-001	1.97804e+000	
3.22352e-001	1.86113e+000	
3.42192e-001	1.69011e+000	
4.07885e-002	2.04664e+000	
5.07136e-001	1.45191e+000	
1.07217e+000	9.93097e-001	
3.66423e-001	1.57615e+000	
1.09734e+000	6.82068e-001	
5.08451e-001	1.42826e+000	
1.62038e+000	3.92586e-001	
1.74289e+000	4.50230e-002	
3.43712e-001	1.60589e+000	
1.04891e+000	1.11982e+000	
1.93221e+000	7.60223e-004	
5.01968e-001	1.46822e+000	
1.85517e+000	2.24016e-002	
1.09159e+000	7.83446e-001	
3.08494e-001	1.97963e+000	
1.09451e+000	7.10287e-001	
1.07323e+000	9.94084e-001	
5.87986e-002	2.05140e+000	
8.82245e-003	2.15048e+000	
1.64692e+000	3.99018e-001	
5.30615e-001	1.51913e+000	
4.64643e-001	1.52772e+000	
4.03221e-001	1.55576e+000	
5.92094e-004	2.39140e+000	
1.98474e+000	1.27400e-003	
1.20407e+000	7.01189e-001	
1.93400e+000	2.33536e-002	
1.75344e+000	4.49398e-002	
1.57392e-002	2.10833e+000	
1.00937e+000	1.33354e+000	
1.00190e+000	1.34184e+000	
1.26964e+000	6.97864e-001	
4.97022e-003	2.16508e+000	
5.05677e-001	1.52604e+000	
3.44903e-001	1.61368e+000	
3.15976e-001	1.96124e+000	
3.17690e-001	1.97187e+000	
