3.08246e-001	1.18917e+000	
6.66297e-004	1.57992e+000	
1.39848e+000	5.30237e-003	
1.30545e-002	1.43822e+000	
4.58523e-001	7.59182e-001	
7.36625e-002	1.25015e+000	
1.18139e+000	1.26922e-002	
9.41522e-001	4.05937e-001	
6.67189e-001	1.04027e+000	
7.58875e-002	1.28928e+000	
3.73118e-003	1.74749e+000	
2.05856e-003	2.15569e+000	
1.27810e+000	1.32492e-002	
1.50379e+000	5.54031e-003	
6.34311e-001	1.12800e+000	
9.55496e-001	4.11608e-001	
9.17579e-001	8.61260e-001	
2.33420e-002	1.61348e+000	
7.37819e-003	1.66127e+000	
3.08236e-001	1.18913e+000	
6.75001e-003	1.68717e+000	
1.41319e+000	1.70859e-001	
7.71591e-002	1.46493e+000	
7.84968e-002	1.33361e+000	
5.16190e-002	1.64118e+000	
1.41885e+000	1.47083e-002	
3.11574e-001	1.20200e+000	
9.78765e-001	4.21994e-001	
1.38055e+000	3.04610e-001	
9.27088e-001	8.70185e-001	
6.69223e-001	1.04344e+000	
1.50703e+000	5.55227e-003	
9.27854e-001	9.00315e-001	
9.18981e-002	1.51220e+000	
1.59947e+000	1.36070e-002	
1.44301e+000	1.49588e-002	
9.96551e-001	4.22643e-001	
4.33212e-002	1.73751e+000	
6.86762e-001	1.22581e+000	
7.35466e-001	1.15166e+000	
3.22119e-001	1.24269e+000	
1.83597e+000	6.76415e-003	
7.88794e-003	1.77605e+000	
7.93703e-002	1.51535e+000	
5.81995e-002	1.66879e+000	
5.98473e-003	2.01330e+000	
7.18346e-003	1.79551e+000	
3.22441e-001	1.24393e+000	
1.99266e+000	7.51539e-003	
9.21459e-002	1.56550e+000	
9.96279e-001	4.29545e-001	
1.45852e+000	1.51195e-002	
6.98403e-001	1.24197e+000	
9.36470e-003	2.10855e+000	
6.84170e-003	2.30159e+000	
1.00768e+000	4.34461e-001	
2.20332e+000	8.20979e-003	
3.34215e-001	1.28935e+000	
7.43320e-001	1.24480e+000	
1.09605e-002	1.81896e+000	
2.18589e+000	9.32904e-003	
1.45880e+000	1.51224e-002	
9.36862e-002	1.59167e+000	
1.00921e+000	4.37540e-001	
7.87090e-002	1.92080e+000	
7.48288e-001	1.25312e+000	
2.16628e-002	2.02805e+000	
1.00487e-001	1.70720e+000	
9.44858e-003	2.12744e+000	
1.48515e+000	1.53956e-002	
1.49138e-001	1.66653e+000	
7.29385e-001	1.29707e+000	
6.94520e-003	2.33641e+000	
2.20484e+000	8.21545e-003	
3.38876e-001	1.30733e+000	
1.02821e-001	1.74687e+000	
5.59268e-002	2.11689e+000	
1.51582e+000	1.57136e-002	
1.01803e+000	4.41362e-001	
7.52137e-001	1.33753e+000	
3.65915e-001	1.39898e+000	
7.87483e-001	1.30384e+000	
1.51328e+000	1.71738e-002	
1.49797e+000	3.71179e-002	
7.06997e-003	2.37839e+000	
9.69706e-003	2.18339e+000	
1.85497e-002	2.13789e+000	
2.32531e+000	8.66434e-003	
1.29329e-001	1.73177e+000	
7.16182e-003	2.40928e+000	
2.44031e+000	9.25658e-003	
1.04744e+000	4.53551e-001	
7.61845e-001	1.35548e+000	
1.03687e-001	1.76157e+000	
1.59818e+000	1.56701e-002	
1.50841e+000	3.42352e-001	
3.66732e-001	1.41335e+000	
1.88995e-002	2.17821e+000	
3.68443e-001	1.40928e+000	
1.55692e+000	1.88237e-001	
