1.02736e+000	3.53138e-003	
1.52353e-002	9.87313e-001	
8.71122e-001	7.84499e-002	
9.33418e-001	4.91183e-002	
8.16363e-001	1.06768e-001	
4.96824e-001	3.28772e-001	
7.96356e-001	1.24359e-001	
3.85338e-001	4.45394e-001	
9.67553e-001	3.17350e-002	
2.21593e-001	6.35196e-001	
3.61742e-001	4.62911e-001	
5.27847e-001	3.07225e-001	
3.98189e-001	4.30282e-001	
2.40685e-001	6.13436e-001	
8.93912e-002	8.47450e-001	
4.74413e-001	3.55303e-001	
6.01766e-001	2.46326e-001	
7.68132e-001	1.37444e-001	
9.98794e-001	5.59248e-003	
1.31893e-001	7.87098e-001	
3.57184e-002	9.37748e-001	
5.72700e-001	2.71542e-001	
7.41644e-002	8.71478e-001	
4.43376e-001	3.78771e-001	
4.30063e-001	3.89529e-001	
1.43676e-001	7.55812e-001	
1.15757e-001	8.02621e-001	
1.41645e-001	7.77480e-001	
6.35731e-002	8.98208e-001	
1.80470e-001	7.00221e-001	
1.11128e-001	8.09699e-001	
5.55663e-001	2.84962e-001	
7.03071e-001	1.76929e-001	
3.36579e-001	4.91062e-001	
3.27079e-001	5.03611e-001	
7.23857e-001	1.64662e-001	
1.53531e-001	7.45834e-001	
4.13039e-001	4.11701e-001	
6.16967e-001	2.38978e-001	
7.21677e-002	8.76445e-001	
3.52183e-001	4.77165e-001	
6.86274e-001	1.87423e-001	
5.83633e-001	2.60890e-001	
7.40428e-001	1.52151e-001	
6.68771e-001	1.98269e-001	
5.19853e-002	9.19507e-001	
9.99948e-002	8.28607e-001	
1.69468e-001	7.13386e-001	
6.41434e-001	2.19188e-001	
2.61445e-002	9.58094e-001	
4.65584e-002	9.29747e-001	
3.13761e-001	5.19760e-001	
2.49905e-001	6.03922e-001	
2.66964e-001	5.75566e-001	
5.91423e-002	9.06403e-001	
4.56642e-001	3.71150e-001	
6.60740e-001	2.07197e-001	
1.91324e-001	6.82823e-001	
3.04940e-001	5.32110e-001	
1.60238e-001	7.29705e-001	
5.52899e-001	2.93428e-001	
2.59428e-001	5.85319e-001	
3.44371e-001	4.82175e-001	
3.22799e-001	5.15496e-001	
6.25446e-001	2.28338e-001	
9.85737e-001	1.38053e-002	
6.81626e-001	1.92114e-001	
2.54642e-001	5.92924e-001	
2.15016e-001	6.53110e-001	
2.90287e-001	5.45482e-001	
5.39191e-001	2.98449e-001	
4.62871e-001	3.65704e-001	
4.21632e-001	4.01845e-001	
2.83583e-001	5.54333e-001	
2.15640e-002	9.71120e-001	
1.75115e-001	7.08929e-001	
9.76212e-001	2.43034e-002	
7.09697e-001	1.71682e-001	
9.70225e-002	8.38601e-001	
2.75462e-001	5.67606e-001	
1.58654e-001	7.32720e-001	
2.04970e-002	9.82679e-001	
4.71255e-001	3.58782e-001	
5.81652e-001	2.62718e-001	
7.17324e-001	1.67259e-001	
6.52119e-001	2.13573e-001	
2.06876e-001	6.61996e-001	
7.59336e-001	1.41090e-001	
5.32791e-001	3.00571e-001	
6.23288e-001	2.30254e-001	
3.00809e-001	5.43830e-001	
2.01208e-001	6.73084e-001	
2.34748e-002	9.60737e-001	
2.13129e-001	6.54587e-001	
2.02631e-001	6.64769e-001	
6.49241e-001	2.16534e-001	
1.97889e-001	6.78008e-001	
7.55938e-001	1.45385e-001	
3.03579e-001	5.40146e-001	
7.49146e-001	1.46842e-001	
