1.69757e+000	8.81183e-002	
1.20979e+000	3.77774e-001	
1.38323e+000	3.56987e-001	
1.70338e+000	5.10389e-002	
3.96705e-001	8.36770e-001	
1.31933e+000	3.65612e-001	
8.80087e-002	8.87030e-001	
1.51034e+000	2.66882e-001	
7.11346e-001	5.44563e-001	
5.63420e-001	7.60006e-001	
1.62037e+000	1.95978e-001	
4.02452e-001	8.31281e-001	
9.27167e-001	4.24032e-001	
6.15241e-001	7.06237e-001	
1.10664e-002	1.00186e+000	
1.10083e+000	3.89977e-001	
9.85372e-001	4.07207e-001	
9.54763e-001	4.09834e-001	
3.62444e-002	9.07475e-001	
7.32863e-001	5.21124e-001	
7.36917e-002	8.88575e-001	
1.68347e+000	9.36486e-002	
1.74381e+000	3.02859e-003	
1.28583e+000	3.69040e-001	
6.62627e-001	6.21526e-001	
3.96853e-004	1.02953e+000	
3.28990e-002	9.62362e-001	
8.72851e-001	4.43413e-001	
1.00169e+000	4.03642e-001	
1.13795e+000	3.82122e-001	
2.20516e-001	8.59758e-001	
1.66689e+000	1.17056e-001	
7.77946e-001	4.67389e-001	
8.06182e-001	4.64972e-001	
6.67080e-001	6.04954e-001	
8.80754e-001	4.35276e-001	
1.71408e+000	7.06893e-003	
1.59376e+000	2.29610e-001	
1.66059e+000	1.44731e-001	
1.04894e-002	1.01538e+000	
1.10632e+000	4.06424e-001	
1.21172e+000	3.78376e-001	
1.62143e+000	1.96106e-001	
9.57497e-001	4.11007e-001	
4.07938e-001	8.45366e-001	
1.74143e+000	7.18172e-003	
1.11369e+000	3.94534e-001	
7.94707e-001	4.77459e-001	
1.31125e+000	3.76336e-001	
8.19489e-001	4.72647e-001	
7.91869e-001	4.98014e-001	
8.74666e-001	4.44335e-001	
6.64377e-001	6.23168e-001	
1.73603e+000	9.32596e-003	
6.15922e-001	7.07019e-001	
9.02380e-001	4.35459e-001	
5.56523e-005	1.03014e+000	
1.15300e+000	3.86493e-001	
3.62457e-002	9.07507e-001	
1.66264e+000	1.56373e-001	
6.72852e-001	6.10188e-001	
7.43149e-001	5.28439e-001	
9.88784e-001	4.08618e-001	
5.84012e-001	7.68275e-001	
1.33169e+000	3.69035e-001	
4.15166e-001	8.31731e-001	
9.26882e-001	4.23902e-001	
1.38415e+000	3.57223e-001	
1.51646e+000	2.67963e-001	
1.71123e+000	5.12741e-002	
7.40656e-002	8.93083e-001	
1.70223e+000	8.83603e-002	
1.79840e+000	7.41665e-003	
5.60160e-005	1.03687e+000	
4.15332e-001	8.32064e-001	
7.43455e-002	8.96458e-001	
1.52184e+000	2.68915e-001	
1.62617e+000	1.96679e-001	
5.88898e-001	7.84074e-001	
6.72690e-001	6.10041e-001	
1.38826e+000	3.58286e-001	
1.70296e+000	9.47330e-002	
7.46963e-001	5.31151e-001	
6.30674e-001	7.10145e-001	
1.06646e+000	4.08371e-001	
3.71730e-002	9.30724e-001	
1.21313e+000	3.78814e-001	
1.31516e+000	3.77458e-001	
1.71952e+000	5.15224e-002	
1.74661e+000	9.38281e-003	
8.89849e-001	4.52048e-001	
6.26377e-001	7.19020e-001	
9.93948e-001	4.10752e-001	
1.12855e+000	3.99799e-001	
8.19800e-001	4.72826e-001	
7.92093e-001	4.98154e-001	
2.54827e-002	1.01808e+000	
9.33984e-001	4.29817e-001	
9.60875e-001	4.12457e-001	
1.16100e+000	3.94649e-001	
