1.82049e-004	1.56361e+000	
1.45392e-003	1.16468e+000	
2.13313e-001	1.06491e+000	
9.43445e-001	3.43474e-001	
3.90653e-001	7.16007e-001	
7.58541e-001	4.07557e-001	
2.32662e-001	1.02872e+000	
8.01938e-002	1.12043e+000	
6.84425e-001	6.53999e-001	
2.74560e-001	8.67054e-001	
1.14330e+000	0.00000e+000	
1.16754e+000	1.33351e-002	
9.55007e-001	3.72912e-001	
1.57130e-001	1.14776e+000	
1.05711e-001	1.15795e+000	
7.18452e-001	6.56727e-001	
9.16176e-001	5.08616e-001	
2.13822e-001	1.06746e+000	
3.64575e-001	8.94256e-001	
4.18234e-001	7.60809e-001	
9.21927e-001	4.95342e-001	
5.03058e-003	1.28365e+000	
1.89973e-004	1.63167e+000	
3.04963e-001	9.41623e-001	
9.59066e-001	3.46561e-001	
9.93876e-003	1.27684e+000	
3.50430e-003	1.54105e+000	
7.14010e-001	6.64963e-001	
3.36604e-002	1.26118e+000	
1.18650e+000	0.00000e+000	
8.83321e-001	5.78344e-001	
5.99188e-002	1.27401e+000	
9.96071e-003	1.27966e+000	
8.45656e-003	1.40606e+000	
7.25755e-001	7.32973e-001	
4.93894e-003	1.42180e+000	
3.53163e-003	1.55307e+000	
9.62950e-001	3.50575e-001	
4.19974e-001	7.64346e-001	
9.16082e-001	5.93398e-001	
7.29451e-001	6.97024e-001	
9.24827e-001	5.66469e-001	
1.21686e+000	0.00000e+000	
1.19759e+000	1.88798e-002	
3.80629e-001	9.33632e-001	
7.36282e-001	6.74668e-001	
2.18539e-001	1.11410e+000	
1.05621e-001	1.15696e+000	
1.90248e-004	1.63403e+000	
1.18072e+000	3.31610e-001	
1.18745e+000	3.11608e-001	
9.58910e-001	6.21141e-001	
1.28651e-001	1.22984e+000	
9.65032e-001	5.18503e-001	
1.22126e+000	1.33265e-002	
3.30300e-002	1.29249e+000	
2.52666e-003	1.65108e+000	
7.37027e-001	6.75351e-001	
4.38876e-001	7.98359e-001	
7.31566e-001	7.38841e-001	
2.31608e-002	1.31382e+000	
1.57398e-001	1.16637e+000	
1.22656e+000	0.00000e+000	
1.00721e+000	3.66688e-001	
1.05809e-002	1.35934e+000	
4.26847e-001	8.13300e-001	
9.73705e-001	3.69165e-001	
3.11072e-004	2.01229e+000	
2.60412e-002	1.30350e+000	
5.20062e-003	1.51798e+000	
3.80083e-001	9.53408e-001	
9.90403e-001	5.32134e-001	
1.23410e+000	1.34667e-002	
1.24862e+000	0.00000e+000	
1.04747e-002	1.38704e+000	
2.21286e-003	1.77264e+000	
7.38111e-001	6.76344e-001	
1.59956e-001	1.19666e+000	
7.69837e-001	6.74652e-001	
2.66320e-002	1.33308e+000	
3.81749e-001	9.57587e-001	
1.78954e-004	2.01740e+000	
5.46566e-003	1.57344e+000	
1.01229e+000	3.68537e-001	
4.41639e-001	8.10167e-001	
1.29564e-001	1.23856e+000	
3.21235e-004	2.07804e+000	
1.30702e+000	0.00000e+000	
7.41101e-001	6.77430e-001	
1.01221e+000	3.68508e-001	
1.23449e+000	1.34709e-002	
4.43190e-001	8.28264e-001	
5.83774e-003	1.68055e+000	
4.07900e-001	1.15554e+000	
1.60099e-001	1.19774e+000	
2.39942e-003	1.92208e+000	
9.93409e-001	5.70867e-001	
1.04768e-002	1.38731e+000	
4.18489e-001	9.74022e-001	
1.39387e-001	1.33247e+000	
