8.43488e-001	9.66474e-002	
9.00475e-002	8.80859e-001	
7.48219e-001	2.10168e-001	
4.33575e-001	6.67371e-001	
8.86262e-001	6.73987e-002	
2.12566e-001	7.46045e-001	
9.74846e-001	3.76177e-002	
8.50389e-001	9.52702e-002	
7.97316e-001	1.94450e-001	
1.78343e-001	7.78744e-001	
9.70762e-001	5.01446e-002	
3.60587e-002	9.72344e-001	
6.78860e-001	4.81840e-001	
1.01442e-001	8.70528e-001	
6.11880e-001	5.59531e-001	
9.10540e-001	5.81133e-002	
3.73891e-002	9.50126e-001	
1.02606e+000	6.02608e-003	
6.42929e-001	5.18104e-001	
4.10006e-001	6.96716e-001	
4.16413e-001	6.81806e-001	
3.77501e-001	7.09681e-001	
4.65838e-001	6.44978e-001	
6.80348e-001	3.40890e-001	
4.36985e-001	6.62652e-001	
7.61133e-001	2.05370e-001	
8.78322e-001	7.15690e-002	
7.02502e-001	3.26826e-001	
7.82629e-001	1.96691e-001	
7.11891e-002	8.87312e-001	
3.29742e-001	7.19502e-001	
8.09124e-001	1.34750e-001	
4.85872e-001	6.33276e-001	
1.59884e-001	7.93248e-001	
3.59841e-003	9.97989e-001	
1.06299e+000	4.08323e-004	
1.66541e-003	1.03807e+000	
1.00198e+000	2.62813e-002	
2.18365e-001	7.37438e-001	
5.42678e-001	6.31127e-001	
1.86414e-002	9.91586e-001	
5.49629e-001	5.96455e-001	
2.58886e-002	9.75646e-001	
1.24281e-001	8.15471e-001	
5.95036e-002	8.88449e-001	
5.29493e-002	9.45257e-001	
9.86959e-001	3.61053e-002	
9.15480e-001	5.60393e-002	
4.34402e-001	6.81035e-001	
5.93163e-001	6.15895e-001	
1.06560e+000	2.37372e-003	
1.06164e-002	1.01872e+000	
6.17943e-002	9.29181e-001	
1.06696e+000	4.09851e-004	
7.02280e-001	3.26723e-001	
5.75863e-001	6.24923e-001	
1.66729e-003	1.03924e+000	
4.16728e-001	6.82321e-001	
9.88250e-001	3.61525e-002	
2.66195e-002	1.00319e+000	
6.45953e-002	8.94930e-001	
1.26363e-001	8.34575e-001	
5.45810e-001	6.34768e-001	
4.10006e-001	6.96716e-001	
1.94680e-002	1.01233e+000	
9.01926e-002	8.82279e-001	
8.44022e-001	9.67086e-002	
3.74646e-002	9.52045e-001	
7.48099e-001	2.10134e-001	
9.22122e-001	6.59966e-002	
3.80548e-001	7.15411e-001	
9.59307e-002	8.80139e-001	
5.89709e-002	9.37162e-001	
5.13048e-001	6.54409e-001	
9.34482e-001	5.93824e-002	
9.80715e-001	3.78442e-002	
8.86205e-001	6.73944e-002	
7.97562e-001	1.94045e-001	
1.02668e+000	6.02975e-003	
2.12467e-001	7.45694e-001	
1.00618e+000	2.63916e-002	
1.01985e-001	8.75184e-001	
3.61021e-002	9.73514e-001	
6.12823e-001	5.60393e-001	
6.80058e-001	4.82690e-001	
1.66964e-002	1.01544e+000	
7.93511e-001	1.96680e-001	
6.11116e-001	5.78879e-001	
9.37866e-001	5.71246e-002	
5.24177e-001	6.52400e-001	
9.25548e-001	6.23237e-002	
5.71979e-001	6.27376e-001	
6.42625e-001	5.22166e-001	
1.78344e-001	7.78747e-001	
2.12415e-003	1.07559e+000	
1.06752e+000	4.10065e-004	
7.10045e-001	3.30335e-001	
6.86916e-001	4.87557e-001	
2.74086e-001	7.45763e-001	
8.43527e-001	9.66518e-002	
