1.88556e+000	1.74400e-002	
1.19713e-004	1.04994e+000	
1.84494e+000	2.56590e-002	
1.23888e+000	2.93712e-001	
2.09816e+000	2.38033e-004	
1.07810e+000	4.16591e-001	
2.06131e-003	1.03954e+000	
9.08012e-003	1.03137e+000	
1.70816e-002	9.70184e-001	
4.08350e-001	7.68013e-001	
1.11521e+000	3.81869e-001	
1.97029e+000	2.21453e-003	
1.95650e+000	1.43951e-002	
1.20910e+000	2.98292e-001	
5.95195e-001	6.44517e-001	
4.46006e-001	6.73845e-001	
1.92420e+000	1.77974e-002	
1.85853e+000	5.60559e-002	
6.17376e-004	1.14022e+000	
1.71959e+000	2.94450e-001	
1.46429e+000	2.95770e-001	
1.22602e+000	2.97337e-001	
8.43324e-002	9.74258e-001	
4.54174e-001	7.94482e-001	
1.16878e+000	3.93040e-001	
1.95837e+000	1.44088e-002	
6.27248e-001	6.79226e-001	
4.70910e-001	7.56545e-001	
2.09861e+000	2.46642e-004	
1.01276e+000	6.46421e-001	
5.67785e-001	6.83185e-001	
6.97759e-001	6.65727e-001	
1.15994e+000	3.97185e-001	
5.12825e-002	1.00986e+000	
1.89495e+000	2.63546e-002	
1.11985e+000	4.32725e-001	
4.35739e-001	9.13291e-001	
6.00107e-003	1.11282e+000	
4.50698e-001	8.35132e-001	
5.30919e-002	1.04549e+000	
1.27505e+000	3.03319e-001	
1.01899e+000	6.50396e-001	
1.41132e-004	1.23779e+000	
4.53296e-001	8.44194e-001	
7.47313e-002	1.03658e+000	
2.10201e+000	1.39003e-002	
5.68782e-001	6.90837e-001	
1.97802e+000	4.66761e-002	
7.03765e-001	6.71458e-001	
5.50253e-001	7.75632e-001	
9.02802e-001	6.66745e-001	
1.23308e+000	3.25510e-001	
1.48738e+000	2.95776e-001	
1.26687e+000	3.16511e-001	
2.25357e+000	2.55664e-004	
7.75896e-003	1.14182e+000	
1.86045e+000	5.61139e-002	
1.12925e+000	4.36357e-001	
1.32168e-003	1.20466e+000	
2.00540e+000	1.85484e-002	
2.12793e+000	2.56399e-003	
8.53470e-002	9.85979e-001	
1.25400e+000	3.24565e-001	
7.03492e-001	6.71197e-001	
1.17891e+000	4.55545e-001	
1.15945e+000	5.25307e-001	
1.72309e+000	2.95049e-001	
2.25525e+000	2.55855e-004	
2.16491e+000	2.60855e-003	
5.53042e-001	7.79563e-001	
1.96419e+000	5.99581e-002	
7.83071e-003	1.15238e+000	
1.27995e+000	3.04484e-001	
2.03336e+000	1.88070e-002	
1.32233e-003	1.20525e+000	
1.24729e+000	4.27096e-001	
1.23539e+000	4.32317e-001	
7.49047e-002	1.03899e+000	
6.05040e-001	6.92883e-001	
4.80899e-001	8.69032e-001	
5.30684e-002	1.04503e+000	
1.98033e+000	4.67306e-002	
2.11568e+000	1.39906e-002	
4.71377e-001	9.26131e-001	
1.19654e-001	9.94565e-001	
1.32412e-003	1.20688e+000	
2.24885e+000	2.74217e-003	
1.73668e+000	2.97376e-001	
1.09318e+000	6.71302e-001	
1.98493e+000	2.52052e-001	
1.28737e+000	3.06251e-001	
7.09736e-001	6.77542e-001	
2.53372e-001	1.00190e+000	
2.03649e+000	1.88360e-002	
1.21383e+000	4.74565e-001	
4.74828e-001	9.49274e-001	
5.52722e-001	7.79113e-001	
1.25493e-001	1.04310e+000	
4.86941e-001	8.69594e-001	
5.33468e-002	1.05051e+000	
