3.16244e+000	1.92389e+000	
1.19445e+000	3.59890e+000	
3.58770e+000	1.43602e+000	
1.60081e+000	2.46717e+000	
1.05516e-005	2.97895e+001	
1.31612e-002	1.49665e+001	
2.37566e+000	2.10255e+000	
2.36330e+001	2.46620e-008	
1.33677e+000	2.78222e+000	
1.27626e+000	3.35989e+000	
3.20852e+000	1.91551e+000	
6.87631e+000	1.23615e+000	
8.27097e-004	3.72962e+001	
2.58815e+001	6.49194e-001	
3.32250e-003	3.14250e+001	
2.04378e-002	2.32413e+001	
2.41595e+001	8.11918e-001	
2.85522e+001	2.97954e-008	
2.53020e+000	2.23933e+000	
2.30551e+000	2.49793e+000	
2.01372e+001	1.35037e+000	
1.52148e+000	3.16663e+000	
1.35983e+000	5.55388e+000	
4.14660e+000	1.59076e+000	
1.49744e-002	3.13069e+001	
1.81215e+000	2.79290e+000	
3.61887e+000	1.74010e+000	
7.80157e+000	1.41109e+000	
9.56730e-001	1.74649e+001	
2.42758e+000	2.62864e+000	
8.05111e+000	1.44735e+000	
3.91701e+000	2.03659e+000	
1.61746e+000	3.39337e+000	
2.88533e+000	2.24207e+000	
4.23546e+000	1.90764e+000	
2.96848e+001	2.81282e-008	
1.18463e+000	2.16252e+001	
2.45338e+001	1.17062e+000	
8.66174e-001	2.37162e+001	
2.62745e+001	1.09833e+000	
8.63148e-004	3.89218e+001	
2.67085e+001	7.93315e-001	
2.90984e+001	6.15337e-001	
9.38119e-002	2.58452e+001	
4.30918e+000	1.61052e+000	
2.33412e-002	2.69067e+001	
2.65410e+001	8.91951e-001	
2.13906e+000	3.29672e+000	
2.73613e+001	6.86313e-001	
2.76859e+001	7.99704e-001	
1.65645e+000	3.75871e+000	
3.11612e+001	3.26169e-002	
2.85450e+001	7.73434e-001	
3.53582e+000	2.42489e+000	
8.18066e+000	1.47063e+000	
2.52714e+001	1.20640e+000	
2.92511e+000	2.58733e+000	
4.39649e+000	1.68769e+000	
3.96031e+000	2.05910e+000	
1.23176e+000	2.24854e+001	
1.02921e+000	2.47017e+001	
2.89449e-002	3.29153e+001	
3.20039e+001	4.05038e-008	
1.38942e-005	3.92263e+001	
2.68327e+001	1.08649e+000	
2.76688e+000	2.80232e+000	
7.90084e+000	1.61658e+000	
2.61832e+000	2.94055e+000	
6.49980e+000	1.62871e+000	
9.47844e-001	2.59523e+001	
9.57137e-001	2.52038e+001	
3.79967e+000	2.31156e+000	
3.04249e+001	6.43387e-001	
5.06881e-002	2.85424e+001	
2.17839e+001	1.46079e+000	
5.15098e-002	2.90052e+001	
1.03794e-001	2.85953e+001	
2.66107e+001	1.27210e+000	
1.05918e+000	2.54210e+001	
3.49202e+001	3.46750e-002	
1.23363e+000	2.47359e+001	
1.70039e+000	3.85841e+000	
4.44698e+000	1.77996e+000	
3.87693e+000	2.35856e+000	
3.12309e+001	6.12525e-001	
3.03744e+000	2.68826e+000	
3.57297e+001	2.04384e-003	
1.39917e-005	3.95017e+001	
1.28686e+000	2.34912e+001	
4.17171e+000	2.16902e+000	
8.48686e+000	1.52568e+000	
2.66747e+000	2.99575e+000	
2.72585e+000	2.95162e+000	
3.04822e+001	7.64595e-001	
2.85022e+001	1.15409e+000	
3.74081e+001	8.67406e-004	
3.56416e+001	8.27049e-003	
3.37937e+001	3.77177e-002	
6.80528e+000	1.63741e+000	
3.59693e-002	4.09033e+001	
