3.34142e-002	1.32371e+000	
2.27261e-003	1.35893e+000	
1.27231e+000	6.90374e-003	
6.86095e-001	4.87192e-001	
2.46842e-001	1.29531e+000	
1.05533e-003	1.40625e+000	
6.17614e-002	1.31599e+000	
9.86562e-001	1.77331e-002	
1.43109e+000	8.39276e-005	
6.43962e-001	6.74481e-001	
1.15728e+000	2.37470e-002	
1.43544e+000	7.82844e-003	
1.27524e+000	1.43131e-002	
6.86180e-001	4.90490e-001	
2.49415e-001	1.30881e+000	
2.99084e-002	1.38072e+000	
4.95499e-004	1.45107e+000	
6.70446e-001	7.22609e-001	
1.07124e+000	2.52582e-001	
1.45385e+000	4.37706e-003	
7.58883e-002	1.33977e+000	
1.51328e+000	1.82962e-003	
6.87033e-001	7.40485e-001	
1.19387e+000	2.44979e-002	
2.43688e-003	1.45716e+000	
7.39831e-001	5.34597e-001	
1.46842e+000	4.01757e-003	
1.53084e+000	8.36577e-004	
3.00220e-002	1.38596e+000	
6.76695e-001	7.44985e-001	
2.52316e-001	1.32403e+000	
2.55997e-004	1.89795e+000	
1.44208e+000	7.86467e-003	
2.48994e-003	1.65780e+000	
7.51193e-001	5.61939e-001	
1.54638e+000	9.06891e-005	
1.23772e+000	1.10821e-001	
1.44512e+000	7.88126e-003	
1.20638e+000	2.13234e-001	
8.02417e-003	1.48097e+000	
1.38037e+000	8.36006e-002	
8.09205e-001	5.56980e-001	
3.02988e-002	1.39874e+000	
7.48142e-001	6.53665e-001	
1.19424e+000	2.81584e-001	
1.50910e+000	3.95037e-003	
1.33655e+000	9.33400e-002	
3.11327e-004	2.10247e+000	
1.53616e+000	2.41997e-003	
6.83249e-001	7.52201e-001	
3.50025e-002	1.38663e+000	
2.67641e-004	2.12154e+000	
1.56338e+000	2.46285e-003	
7.41874e-001	8.22773e-001	
1.55305e+000	8.53976e-003	
1.45426e+000	1.62130e-002	
3.09871e-002	1.41959e+000	
3.50703e-002	1.38932e+000	
1.30004e+000	1.42129e-001	
2.33191e-003	1.66455e+000	
8.46770e-003	1.48134e+000	
7.53298e-001	5.85231e-001	
1.42233e+000	8.61415e-002	
8.02192e-001	5.73265e-001	
1.51753e+000	1.19257e-002	
1.20892e+000	2.13684e-001	
8.16963e-001	5.62320e-001	
7.89754e-001	5.77542e-001	
1.30216e+000	1.35405e-001	
1.38093e+000	9.18055e-002	
1.32233e+000	1.27839e-001	
1.75037e+000	5.81311e-005	
6.94029e-001	1.03598e+000	
7.84987e-001	8.45882e-001	
1.65636e-003	2.05949e+000	
8.08173e-001	5.77539e-001	
2.90885e-001	1.41947e+000	
1.38039e+000	1.29518e-001	
2.79134e-004	2.21264e+000	
1.82806e+000	1.35597e-004	
8.77579e-003	1.53544e+000	
2.79445e-003	1.89888e+000	
1.44723e+000	9.62134e-002	
1.57015e+000	2.47351e-003	
7.65921e-001	8.63998e-001	
1.24594e+000	2.32789e-001	
3.08836e-002	1.42574e+000	
1.55267e+000	1.60768e-002	
2.79377e-004	2.21457e+000	
2.04108e+000	6.77857e-005	
7.80415e-001	8.80347e-001	
3.61255e-002	1.43112e+000	
1.25991e+000	2.81565e-001	
8.10126e-001	5.78935e-001	
8.68713e-003	1.54140e+000	
4.33389e-003	2.13021e+000	
1.39865e+000	1.52911e-001	
1.60700e+000	2.53156e-003	
1.56101e+000	1.75206e-002	
8.00058e-001	8.46372e-001	
