1.26906e+000	2.76930e-003	
1.07281e+000	3.44710e-002	
1.40720e+000	5.96364e-004	
4.84837e-003	1.35475e+000	
2.77932e-001	9.20409e-001	
3.07329e-001	9.11955e-001	
7.23400e-004	1.38038e+000	
6.24909e-003	1.27370e+000	
2.45098e-001	9.55251e-001	
6.44844e-001	4.79901e-001	
1.20682e+000	2.38852e-002	
7.27649e-001	5.08808e-001	
1.28116e+000	2.57899e-003	
2.63565e-003	1.44034e+000	
6.70816e-001	5.53306e-001	
1.21880e+000	3.11671e-002	
3.77345e-001	9.35798e-001	
1.36840e-002	1.33570e+000	
3.03712e-001	9.68289e-001	
3.70637e-001	9.67044e-001	
5.15783e-004	1.47943e+000	
7.11894e-001	5.40376e-001	
1.41144e+000	5.98162e-004	
7.56009e-001	4.86001e-001	
6.83646e-001	5.42154e-001	
7.17866e-003	1.35478e+000	
4.62083e-003	1.39184e+000	
1.07788e+000	3.46339e-002	
2.62800e-001	1.02500e+000	
1.07928e+000	3.46787e-002	
3.78557e-001	9.64450e-001	
1.25835e+000	3.21785e-002	
7.38169e-003	1.39310e+000	
7.64524e-001	4.91474e-001	
6.73421e-001	5.55455e-001	
1.06478e-003	1.51687e+000	
2.64127e-003	1.45795e+000	
1.31268e+000	2.86446e-003	
2.65145e-001	1.03414e+000	
4.33131e-002	1.33782e+000	
4.17994e-001	9.41913e-001	
7.95311e-001	4.85192e-001	
5.18192e-003	1.44795e+000	
6.71260e-001	5.60220e-001	
1.44277e+000	8.45369e-004	
2.64927e-001	1.03329e+000	
1.28009e+000	3.27344e-002	
9.36637e-001	5.59136e-001	
1.31435e+000	3.45180e-003	
2.67983e-003	1.46448e+000	
6.76603e-001	6.74951e-001	
7.34399e-003	1.39564e+000	
1.16469e-003	1.54205e+000	
1.14826e+000	3.68950e-002	
1.03072e-004	1.58070e+000	
3.80695e-001	9.69898e-001	
7.30653e-001	5.62129e-001	
4.48017e-002	1.36247e+000	
7.28620e-001	5.67539e-001	
6.05516e-001	9.45503e-001	
1.49518e+000	1.01694e-003	
2.81001e-003	1.53562e+000	
1.72018e-002	1.44085e+000	
3.27134e-001	1.04296e+000	
9.38811e-001	5.60433e-001	
1.49169e-001	1.36303e+000	
1.15667e+000	3.71654e-002	
1.31612e+000	1.75592e-002	
2.76469e-001	1.07689e+000	
7.30436e-001	5.68954e-001	
7.64464e-003	1.44272e+000	
1.50456e+000	1.01513e-003	
4.48716e-002	1.36460e+000	
1.35519e+000	2.76619e-003	
2.69687e-001	1.11625e+000	
6.82449e-001	7.03401e-001	
1.32621e+000	7.51082e-003	
5.23893e-003	1.46388e+000	
3.81700e-001	9.71244e-001	
6.90538e-001	6.88852e-001	
1.36259e+000	2.74291e-003	
8.89275e-001	5.69186e-001	
7.39326e-001	5.75879e-001	
2.26015e-003	1.54233e+000	
5.39315e-003	1.50697e+000	
1.32747e+000	2.51419e-002	
2.79679e-001	1.08940e+000	
7.99141e-003	1.44513e+000	
3.98559e-001	1.01541e+000	
5.01047e-001	9.94348e-001	
2.77479e-001	1.10489e+000	
1.52372e+000	1.02806e-003	
1.35580e+000	1.46132e-002	
1.54929e-001	1.41566e+000	
1.14940e-001	1.43671e+000	
1.17823e+000	3.78580e-002	
2.69044e-001	1.16913e+000	
7.06942e-001	7.05216e-001	
8.06887e-001	5.70271e-001	
8.18525e-001	5.72353e-001	
