1.07527e-001	1.49306e+000	
1.32450e+000	2.35209e-001	
1.77248e+000	6.20190e-005	
1.41668e-001	1.19046e+000	
8.17711e-001	7.34701e-001	
3.50276e-001	1.17214e+000	
1.60482e-002	1.51317e+000	
7.81324e-001	8.37862e-001	
4.29530e-004	1.69459e+000	
4.21413e-001	9.36272e-001	
5.66091e-003	1.60881e+000	
8.99230e-001	6.61718e-001	
4.06178e-001	1.01424e+000	
1.40976e+000	5.81015e-002	
1.25582e-001	1.29882e+000	
1.06123e+000	6.59071e-001	
1.51799e+000	2.09591e-003	
1.30950e+000	5.27245e-001	
2.51659e-003	1.64883e+000	
1.26609e+000	5.33744e-001	
8.10736e-001	8.22499e-001	
1.43993e+000	1.36444e-001	
1.63468e+000	1.21927e-002	
1.55347e+000	3.88778e-002	
4.15944e-001	1.05495e+000	
1.44707e-002	1.61446e+000	
1.51246e+000	1.05858e-001	
1.42755e+000	2.72469e-001	
4.29960e-004	1.69629e+000	
8.70697e-001	7.68958e-001	
1.06782e+000	6.73285e-001	
4.50876e-001	1.01043e+000	
1.36243e-001	1.39549e+000	
1.74462e+000	2.43312e-003	
2.49926e-001	1.20637e+000	
5.79119e-003	1.68298e+000	
2.28454e-001	1.20847e+000	
1.41357e-001	1.22129e+000	
1.60491e-002	1.51326e+000	
8.04451e-001	8.87737e-001	
1.33937e+000	5.39272e-001	
1.49727e+000	1.19891e-001	
1.93137e+000	6.75786e-005	
9.03048e-001	6.79038e-001	
3.66760e-001	1.20231e+000	
1.92267e+000	2.07706e-003	
1.93485e+000	6.77003e-005	
1.35060e+000	5.69370e-001	
1.36415e-001	1.39726e+000	
1.49289e+000	2.67325e-001	
2.59076e-001	1.25406e+000	
1.07201e+000	6.86536e-001	
1.63407e+000	1.21882e-002	
1.91688e+000	3.62866e-003	
9.20902e-001	6.92742e-001	
4.40046e-001	1.10834e+000	
1.57784e+000	2.00828e-001	
4.51635e-001	1.09795e+000	
4.53270e-001	1.01580e+000	
8.32932e-001	9.69583e-001	
4.29990e-004	1.69641e+000	
1.65502e-002	1.56051e+000	
1.59858e+000	7.79003e-002	
1.47545e+000	4.11021e-001	
1.80775e+000	4.72716e-003	
1.47597e-001	1.25539e+000	
8.75788e-001	7.73453e-001	
1.79957e+000	7.08230e-003	
2.62530e-001	1.24456e+000	
5.79382e-003	1.68374e+000	
3.60873e-001	1.20760e+000	
1.37452e-001	1.40788e+000	
2.61749e-001	1.26343e+000	
8.77116e-001	9.40586e-001	
1.60253e+000	8.22632e-002	
1.65510e-002	1.56058e+000	
9.05435e-001	7.80737e-001	
4.73621e-001	1.08749e+000	
3.48858e-001	1.24424e+000	
1.63643e+000	1.22057e-002	
1.49416e-001	1.38328e+000	
1.02774e+000	7.02933e-001	
2.18078e-001	1.27001e+000	
1.52794e+000	2.73601e-001	
4.52051e-001	1.13235e+000	
4.83691e-003	1.68606e+000	
4.76164e-001	1.06004e+000	
1.54790e-001	1.32398e+000	
1.50647e+000	4.31775e-001	
1.93618e+000	6.77468e-005	
1.88483e+000	5.49739e-003	
8.43254e-001	9.81599e-001	
1.92200e+000	2.07633e-003	
1.58989e+000	2.02361e-001	
9.60955e-001	7.22581e-001	
1.38192e+000	5.82573e-001	
1.42605e+000	5.76290e-001	
4.35219e-004	1.71704e+000	
1.11820e+000	7.11254e-001	
1.64666e+000	1.22820e-002	
