1.36923e-001	1.71862e+000	
9.96709e-001	9.53066e-001	
3.68990e-002	3.60474e+000	
1.88247e+000	0.00000e+000	
1.66921e-001	1.46235e+000	
1.07731e+000	3.16831e-001	
1.74278e+000	8.31553e-002	
4.35138e-002	2.49858e+000	
5.72656e-002	2.23188e+000	
2.86463e-001	1.13733e+000	
1.71258e-001	1.51389e+000	
4.50902e-002	2.58910e+000	
1.01290e+000	1.03439e+000	
1.38798e-001	1.74215e+000	
1.90308e+000	0.00000e+000	
1.18885e+000	4.87918e-001	
4.65896e-001	1.15658e+000	
8.06327e-002	2.36988e+000	
1.81314e+000	2.05922e-001	
1.02704e+000	9.78504e-001	
4.38323e-002	4.28207e+000	
1.36284e+000	3.40362e-001	
1.13993e+000	8.34524e-001	
1.59032e+000	4.67706e-001	
5.52834e-002	2.80538e+000	
2.10819e+000	1.12294e-003	
1.21012e+000	9.69721e-001	
1.96793e+000	1.58940e-001	
1.52750e-001	1.74766e+000	
4.49242e-002	4.38874e+000	
6.51837e-002	2.69449e+000	
1.67096e+000	4.25422e-001	
5.28596e-001	1.15637e+000	
2.18310e+000	0.00000e+000	
1.03991e+000	9.92472e-001	
1.82835e-001	1.60177e+000	
1.43975e-001	1.80714e+000	
1.21292e+000	5.84096e-001	
1.79238e+000	3.96817e-001	
2.37997e+000	0.00000e+000	
5.61869e-001	1.22916e+000	
1.49774e-001	2.85190e+000	
2.19887e+000	1.04917e-001	
2.08092e+000	1.89872e-001	
4.49408e-002	4.39036e+000	
1.21860e+000	1.01169e+000	
1.07873e+000	1.02775e+000	
1.55213e-001	2.42315e+000	
1.61832e+000	5.65084e-001	
1.78371e+000	4.44368e-001	
2.29294e+000	8.62616e-002	
6.98547e-002	2.88757e+000	
6.25886e-002	3.17608e+000	
1.84829e-001	1.61924e+000	
1.87312e+000	3.97689e-001	
1.27006e+000	6.11615e-001	
1.69285e-001	2.12482e+000	
6.35175e-002	3.22322e+000	
1.68937e+000	5.74097e-001	
1.88324e+000	3.99837e-001	
5.65961e-001	1.40499e+000	
2.48167e+000	1.32187e-003	
1.84747e-001	1.63313e+000	
2.12664e+000	1.94043e-001	
4.57387e-002	4.46831e+000	
2.39230e+000	1.88162e-001	
1.27319e+000	6.13119e-001	
5.95097e-001	1.31832e+000	
2.54550e+000	0.00000e+000	
1.61605e-001	2.66560e+000	
1.11056e+000	1.05990e+000	
8.62147e-002	3.27186e+000	
1.91243e+000	4.95637e-001	
6.18819e-001	1.35009e+000	
1.11721e+000	1.06624e+000	
1.27318e+000	6.13116e-001	
6.43791e-002	3.94929e+000	
1.77816e+000	5.82063e-001	
2.49428e+000	1.19013e-001	
1.87472e-001	1.96810e+000	
7.53101e-002	3.82176e+000	
6.13396e-001	1.35886e+000	
2.56823e+000	0.00000e+000	
5.99582e-001	1.48845e+000	
1.73621e+000	5.90013e-001	
4.94829e-002	4.83409e+000	
2.36964e+000	3.11553e-001	
1.90073e-001	1.66517e+000	
1.93053e+000	4.05165e-001	
2.64337e+000	0.00000e+000	
5.07272e-002	4.95483e+000	
1.47963e-001	3.27949e+000	
1.90519e-001	1.67860e+000	
1.12673e+000	1.07533e+000	
7.75614e-002	3.93588e+000	
6.98516e-002	4.28500e+000	
6.36225e-001	1.39183e+000	
6.06206e-001	1.50490e+000	
1.84156e+000	6.12196e-001	
1.38954e+000	7.12318e-001	
