1.83987e-001	5.92018e-001	
1.92961e-001	5.72334e-001	
2.57198e-001	4.88203e-001	
2.72157e-001	4.74261e-001	
1.77758e-001	6.11468e-001	
2.85194e-001	4.63818e-001	
2.28312e-001	5.19828e-001	
1.72530e-001	6.24476e-001	
2.50547e-001	4.95053e-001	
1.95024e-001	5.68082e-001	
5.01184e-001	3.41033e-001	
2.86848e-001	4.62512e-001	
1.58790e-001	7.28680e-001	
2.32787e-001	5.14886e-001	
5.31247e-001	3.28670e-001	
2.89315e-001	4.60150e-001	
2.10066e-001	5.44198e-001	
1.96615e-001	5.65655e-001	
5.15855e-003	8.06693e-001	
2.04152e-001	5.52674e-001	
5.21124e-002	8.00371e-001	
2.02201e-001	5.56499e-001	
5.26638e-001	3.30505e-001	
3.11455e-001	4.43590e-001	
2.11476e-001	5.41589e-001	
2.64408e-001	4.81539e-001	
3.38373e-003	8.10051e-001	
2.40360e-001	5.05392e-001	
2.15468e-001	5.36177e-001	
1.87482e-001	5.83814e-001	
2.62912e-001	4.84230e-001	
9.93078e-001	1.18946e-001	
2.24459e-001	5.24578e-001	
2.70035e-001	4.76540e-001	
3.82798e-001	3.98354e-001	
2.24925e-002	8.03609e-001	
2.19171e-001	5.30790e-001	
4.47831e-001	3.65218e-001	
2.29716e-001	5.18138e-001	
4.68081e-001	3.55218e-001	
2.06616e-001	5.49307e-001	
1.75930e-001	6.14097e-001	
1.65133e-001	6.62315e-001	
3.34189e-001	4.27734e-001	
9.09305e-001	1.99517e-001	
1.71123e-001	6.31019e-001	
1.85264e-001	5.88871e-001	
5.14776e-001	3.35351e-001	
5.21297e-001	3.32311e-001	
2.36222e-001	5.11551e-001	
6.87983e-001	2.72544e-001	
1.61516e-001	7.23603e-001	
4.97741e-001	3.42142e-001	
8.17108e-002	7.95454e-001	
5.49191e-001	3.21037e-001	
2.13897e-001	5.37922e-001	
3.42706e-001	4.21794e-001	
9.34690e-001	1.84267e-001	
3.06111e-001	4.46927e-001	
4.58169e-001	3.60297e-001	
5.04912e-001	3.38827e-001	
4.21890e-001	3.77065e-001	
2.41745e-001	5.04282e-001	
1.90252e-001	5.77680e-001	
3.38217e-003	8.09678e-001	
9.93473e-001	1.18993e-001	
9.09271e-001	1.99510e-001	
5.30531e-001	3.28227e-001	
1.58832e-001	7.28022e-001	
2.24985e-002	8.03822e-001	
9.69154e-001	1.88103e-001	
3.82817e-001	3.98374e-001	
4.49245e-001	3.68896e-001	
1.71107e-001	6.30958e-001	
3.52207e-001	4.29451e-001	
4.68160e-001	3.55277e-001	
5.01187e-001	3.41035e-001	
3.12699e-001	4.42918e-001	
1.83940e-001	5.91868e-001	
3.08794e-001	4.47101e-001	
2.89184e-001	4.59941e-001	
2.51360e-001	4.94080e-001	
2.40468e-001	5.05618e-001	
1.77707e-001	6.11291e-001	
5.14410e-001	3.34574e-001	
1.90029e-001	5.79287e-001	
2.72730e-001	4.74044e-001	
2.84377e-001	4.64389e-001	
5.15856e-003	8.06693e-001	
1.72505e-001	6.24386e-001	
2.57199e-001	4.88204e-001	
2.02223e-001	5.56559e-001	
1.96906e-001	5.66491e-001	
2.24391e-001	5.24417e-001	
1.75880e-001	6.13922e-001	
2.14956e-001	5.38575e-001	
2.36213e-001	5.11532e-001	
5.20784e-001	3.31985e-001	
1.93193e-001	5.73024e-001	
2.69990e-001	4.76460e-001	
