3.31217e-004	1.00382e+000	
1.00313e+000	4.58554e-004	
9.56267e-001	2.33569e-001	
3.74850e-001	9.12080e-001	
9.65238e-001	1.82163e-001	
1.85028e-001	9.63862e-001	
9.45491e-001	2.65717e-001	
4.25269e-001	8.95832e-001	
9.37385e-001	2.92634e-001	
6.22029e-001	7.92564e-001	
1.39906e-001	9.75025e-001	
6.51201e-001	7.70910e-001	
1.04216e-001	9.82134e-001	
9.18001e-001	3.57313e-001	
4.76570e-001	8.71902e-001	
2.55173e-001	9.49187e-001	
7.59205e-001	6.64110e-001	
9.74257e-001	1.40543e-001	
3.24146e-001	9.28537e-001	
7.27957e-002	9.88028e-001	
7.05321e-001	7.22023e-001	
4.97992e-001	8.62041e-001	
9.67825e-001	1.65239e-001	
2.71602e-001	9.43883e-001	
9.10628e-001	3.79626e-001	
8.24951e-001	5.69746e-001	
9.30510e-001	3.17495e-001	
9.88029e-001	7.70639e-002	
6.89634e-001	7.37376e-001	
8.34582e-001	5.52474e-001	
8.41563e-001	5.40417e-001	
9.91806e-001	5.72524e-002	
8.65506e-001	5.10152e-001	
8.91709e-001	4.33324e-001	
9.78382e-001	1.22306e-001	
5.62524e-001	8.29436e-001	
2.28145e-001	9.55041e-001	
8.51661e-001	5.24494e-001	
3.00028e-001	9.34930e-001	
8.84974e-001	4.49397e-001	
4.61988e-002	9.93949e-001	
7.16108e-001	7.12594e-001	
5.34307e-001	8.45207e-001	
3.61230e-001	9.16389e-001	
2.93329e-001	9.36783e-001	
8.79741e-001	4.60202e-001	
9.84820e-001	9.64331e-002	
9.25607e-001	3.36569e-001	
9.06039e-001	3.95432e-001	
8.96253e-001	4.19498e-001	
6.66830e-001	7.56910e-001	
7.47580e-001	6.81090e-001	
5.79012e-001	8.21468e-001	
1.22920e-001	9.79651e-001	
5.52755e-001	8.35158e-001	
9.00732e-001	4.06061e-001	
5.15207e-001	8.54455e-001	
8.78226e-001	4.79772e-001	
4.46823e-001	8.86140e-001	
6.11031e-002	9.90783e-001	
9.81771e-001	1.07791e-001	
7.71355e-001	6.50314e-001	
4.32868e-001	8.92409e-001	
4.59877e-001	8.79448e-001	
8.69770e-001	4.87885e-001	
2.96442e-002	9.97522e-001	
6.13225e-001	7.97930e-001	
1.00084e+000	1.34636e-002	
3.41224e-001	9.23511e-001	
6.57349e-001	7.67583e-001	
7.38988e-001	6.88921e-001	
9.97863e-001	2.52654e-002	
7.27744e-001	7.01145e-001	
5.40414e-001	8.42081e-001	
8.60293e-001	5.19984e-001	
6.75694e-001	7.50137e-001	
8.18967e-001	5.85193e-001	
3.46071e-001	9.20776e-001	
6.82456e-001	7.45231e-001	
5.84742e-001	8.16006e-001	
2.22989e-001	9.56223e-001	
5.95007e-001	8.10984e-001	
2.04748e-001	9.61383e-001	
8.59935e-003	1.00191e+000	
2.26139e-002	1.00060e+000	
5.11937e-001	8.56529e-001	
7.96110e-001	6.18475e-001	
9.27191e-001	3.30091e-001	
9.95347e-001	4.17553e-002	
8.02071e-001	6.07653e-001	
2.06658e-001	9.59959e-001	
7.81605e-001	6.37669e-001	
7.25218e-001	7.03986e-001	
7.84385e-001	6.33939e-001	
7.74834e-001	6.47672e-001	
1.33781e-001	9.76623e-001	
6.03353e-001	8.03972e-001	
4.55167e-001	8.81730e-001	
7.90917e-001	6.24063e-001	
9.96519e-001	3.84192e-002	
