4.23548e-001	1.10070e+000	
3.06227e-003	1.75587e+001	
1.92405e+000	3.48177e-001	
9.55309e-001	9.78318e-001	
3.06078e-005	1.76406e+001	
1.05366e+001	8.88789e-005	
1.97656e+000	5.34518e-001	
1.31321e+001	1.10773e-004	
3.71896e-005	1.98516e+001	
3.79609e-003	1.83890e+001	
8.02528e+000	3.73014e-001	
5.20104e-001	1.15019e+000	
8.24291e+000	4.89939e-001	
3.99963e-003	1.93749e+001	
4.37970e+000	7.32934e-001	
2.49473e+000	9.60081e-001	
5.34531e-001	1.38912e+000	
1.15493e-004	2.31412e+001	
4.14105e+000	7.47559e-001	
1.35201e+001	1.14046e-004	
1.16301e+000	1.30872e+000	
1.80140e+000	1.20875e+000	
3.19275e+000	8.63412e-001	
1.58380e+000	1.28392e+000	
1.76479e+000	1.33687e+000	
1.74715e+000	1.42145e+000	
4.85968e+000	8.78023e-001	
3.66262e+000	9.79664e-001	
2.85162e+000	1.09743e+000	
5.98053e-001	1.55420e+000	
4.57239e+000	9.40988e-001	
1.50347e+001	1.26822e-004	
9.01094e+000	5.35589e-001	
4.95885e-004	2.31606e+001	
5.35052e+000	8.84580e-001	
1.62390e+001	8.43986e-006	
6.06091e-001	1.57509e+000	
1.24092e+001	5.66336e-001	
5.09920e+000	9.02079e-001	
3.20237e-003	2.34386e+001	
1.94549e+000	1.47376e+000	
1.99413e+000	1.33808e+000	
3.52234e-005	2.41323e+001	
2.94029e+000	1.11969e+000	
1.30440e+000	1.55989e+000	
9.65207e+000	5.71345e-001	
7.35725e-001	1.62703e+000	
2.02599e+000	1.53474e+000	
2.12038e+000	1.46686e+000	
5.26649e+000	9.15097e-001	
3.61343e-005	2.51558e+001	
1.64949e+001	1.37778e-004	
5.43822e+000	9.10075e-001	
1.95036e+000	1.55417e+000	
1.03585e+001	6.04106e-001	
3.99822e-003	2.42280e+001	
3.17112e+000	1.20889e+000	
1.38293e+001	6.37630e-001	
7.58376e-001	1.67712e+000	
2.14023e+001	1.02408e-005	
2.08128e+000	1.63482e+000	
2.22634e+000	1.54016e+000	
1.34216e+001	8.49096e-001	
3.20810e+000	1.23461e+000	
5.52679e+000	9.77724e-001	
1.70278e-005	2.63321e+001	
5.78819e+000	9.68641e-001	
5.47971e+000	1.22014e+000	
4.05923e-003	2.60142e+001	
1.33001e+001	8.71640e-001	
1.06529e+001	9.29533e-001	
1.85953e+001	5.86818e-001	
1.39865e+001	8.15695e-001	
1.60392e+000	1.83114e+000	
8.24448e-001	2.14255e+000	
3.35280e+000	1.27815e+000	
5.53816e+000	9.79735e-001	
2.24718e+001	1.87701e-004	
1.73170e-005	2.67792e+001	
2.28566e+000	1.60983e+000	
1.51384e+001	8.09337e-001	
2.22637e+000	1.70438e+000	
9.75415e-001	1.91762e+000	
5.62268e+000	1.12803e+000	
2.10700e+001	8.16968e-001	
8.73571e-001	2.26320e+000	
3.41749e+000	1.63792e+000	
1.64844e+000	1.97131e+000	
1.58945e+001	8.81010e-001	
4.15409e-002	2.68805e+001	
2.78264e+000	1.65861e+000	
2.02475e-004	2.69793e+001	
6.30456e+000	1.06765e+000	
2.26585e+001	1.08419e-005	
2.37975e+000	1.82108e+000	
2.42042e+000	1.75961e+000	
8.37867e+000	1.03695e+000	
2.45763e+000	1.66496e+000	
1.69836e+000	2.03101e+000	
2.41281e+000	1.82777e+000	
