106.247       0.0118745
10.2663       0.0980103
7.60032       0.132378
6.25122       0.161122
5.5002       0.182539
5.00592       0.200458
4.58009       0.218644
4.30434       0.232586
4.03104       0.248217
3.83208       0.261213
3.63315       0.275263
3.4881       0.286738
3.34846       0.298657
3.22556       0.310023
3.1317       0.319363
3.03406       0.329609
3       0.333333
3       0.333333
3       0.333333
3       0.333333
3       0.333333
3       0.333333
3       0.333333
3       0.333333
3       0.333333
3       0.333333
3       0.333333
3       0.333333
3       0.333333
3       0.333333
3       0.333333
3       0.333333
3       0.333333
3       0.333333
3       0.333333
3       0.333333
3       0.333333
3       0.333333
3       0.333333
3       0.333333
3       0.333333
3       0.333333
3       0.333333
3       0.333333
3       0.333333
3       0.333333
3       0.333333
3       0.333333
3       0.333333
3       0.333333
3       0.333333
3       0.333333
3       0.333333
3       0.333333
3       0.333333
3       0.333333
3       0.333333
3       0.333333
3       0.333333
3       0.333333
3       0.333333
3       0.333333
3       0.333333
3       0.333333
3       0.333333
3       0.333333
3       0.333333
3       0.333333
