0.999927       4.48439
0.999927       4.48449
0.99997       4.48454
0.999859       4.48464
0.9999       4.48463
0.999986       4.48462
0.999965       4.48451
0.99998       4.48449
0.999766       4.48458
0.999847       4.48459
0.999844       4.48464
0.999945       4.48443
0.999846       4.48454
0.999867       4.48455
0.999837       4.48454
0.999818       4.48448
0.999988       4.48448
0.999984       4.48449
0.999992       4.4845
0.999842       4.48441
0.99994       4.48453
0.999934       4.48435
0.999985       4.48441
0.999876       4.48445
0.999905       4.48445
0.999951       4.48441
0.999904       4.48444
0.999933       4.48447
0.999877       4.48447
0.999875       4.48445
0.999887       4.4845
0.999989       4.48448
0.999967       4.48446
0.999893       4.48448
0.99995       4.4845
0.99994       4.48446
0.999921       4.48447
0.999983       4.48446
0.999972       4.48452
0.999999       4.48446
0.999875       4.48457
0.999953       4.48451
0.999959       4.48457
0.999968       4.48449
0.999989       4.48452
0.99987       4.48458
0.999997       4.48448
0.999929       4.48443
0.999989       4.48449
0.999996       4.48455
0.999884       4.48451
0.999934       4.48458
0.999869       4.4846
0.99537       4.48606
0.925061       4.50711
0.869288       4.51664
0.806253       4.53004
0.719197       4.54612
0.66344       4.55726
0.606276       4.5626
0.523209       4.57227
0.489641       4.57643
0.448693       4.5822
0.390376       4.58634
0.342292       4.58914
0.281009       4.5921
0.239014       4.594
0.1868       4.59666
0.139742       4.59713
0.0388097       4.59895
7.29946e-006       4.61778
