1.71711       0.820169       0.445905
1.71652       0.819884       0.445756
1.71688       0.820057       0.445848
1.71694       0.820083       0.445868
1.72783       0.795219       0.500053
1.73546       0.7158       0.614705
1.72912       0.611397       0.714097
1.72408       0.482354       0.803701
1.72375       0.447683       0.82331
1.72376       0.447668       0.823325
1.72232       0.447353       0.822605
1.72536       0.448165       0.824043
1.72297       0.447464       0.822949
1.71622       0.819741       0.445678
1.71629       0.819775       0.445699
1.71638       0.81982       0.445719
1.71599       0.819633       0.445613
1.72508       0.772065       0.532481
1.73481       0.667133       0.666706
1.73082       0.53166       0.77641
1.72316       0.447599       0.822992
1.72304       0.447535       0.822948
1.69821       0.853378       0.463962
1.74089       0.723608       0.610081
1.72605       0.599804       0.721694
1.70186       0.458541       0.843379
1.72423       0.447758       0.823564
1.66794       0.900735       0.489715
1.60936       0.976294       0.530784
1.56603       1.07039       0.58195
1.48325       1.11903       0.61441
1.48384       1.06684       0.702049
1.52573       0.894349       0.897808
1.49109       0.686035       1.09185
1.4632       0.622236       1.14262
1.55722       0.56678       1.04146
1.60396       0.538581       0.989699
1.67115       0.495257       0.910574
1.43762       1.18388       0.643644
1.32958       1.25774       0.683799
1.25205       1.31851       0.716835
1.12756       1.40651       0.76468
1.25049       1.23246       0.911551
1.25935       0.930142       1.18479
1.13655       0.76414       1.40506
1.26383       0.713725       1.31278
1.36524       0.677073       1.24338
1.44381       0.641919       1.17723
1.16736       1.38115       0.751349
1.08491       1.43417       0.779749
0.960242       1.4934       0.81192
0.931912       1.47478       0.873607
0.954461       1.204       1.20372
0.931912       0.838321       1.49512
0.967969       0.810295       1.48992
1.07677       0.780354       1.43534
1.17249       0.755333       1.389
0.949014       1.49858       0.814736
0.931912       1.37506       1.02341
0.931912       1.21296       1.21115
0.931912       0.87149       1.47603
0.950717       0.814133       1.49723
0.931912       0.819369       1.50559
0.931912       0.865346       1.47964
0.931912       1.04867       1.3559
0.931912       0.871626       1.47595
0.931912       0.819895       1.5053
