36.2575       1.23506e-005
19.3493       0.0284551
17.4104       0.223322
14.6712       0.489516
12.9074       0.601571
13.3426       0.709064
11.4795       0.770986
10.0782       0.775227
4.27435       0.897853
8.43434       0.95989
5.83201       0.903779
5.31438       1.01664
5.28297       1.04263
5.58537       0.980853
2.63899       0.927937
1.66284       0.925164
4.53705       1.05063
1.94046       0.993181
2.50283       0.979779
2.97302       1.00959
2.26371       0.886173
1.87087       0.973677
1.75833       0.903312
1.46407       1.1509
2.28935       1.00325
2.00627       1.09629
1.51542       1.15717
1.48998       1.14315
1.86343       0.978897
1.47277       1.10982
1.62354       1.19334
1.32972       1.00168
1.47489       1.2241
1.42077       1.37957
1.51832       1.36796
1.53131       1.37722
1.37351       1.52644
1.46424       1.62728
1.48222       1.63747
1.4547       1.62498
1.45098       1.96197
1.05826       1.97206
1.33503       1.84242
1.12472       1.75688
1.22419       1.70418
0.974522       2.39159
0.959538       2.38384
1.11149       1.99861
1.05258       2.58316
1.29788       2.89875
1.059       3.04089
0.904663       2.25874
0.795082       2.738
0.681653       2.84972
0.674603       3.18682
0.784931       3.43198
0.762826       3.58814
0.727191       3.40683
0.654641       3.94406
0.71442       3.98557
0.692359       5.11549
0.737924       3.55754
0.847425       3.96215
0.768418       7.57078
0.677902       7.82817
0.47449       13.0253
0.000827748       18.9746
0.0867502       21.1227
0.000901352       22.167
