2.74907       2.74907       1.28425e-014
1.0504       1.04851       0.0474746
1.03595       1.02611       0.112863
1.03189       1.01929       0.245394
1.02287       0.981572       0.325659
1.04746       0.921976       0.55705
1.0132       0.808193       0.662178
1.01332       0.720061       0.838455
1.02423       0.652857       0.988144
1.05254       0.556413       1.21906
1.08603       0.444719       1.49127
1.07732       0.315694       1.67943
1.07704       0.143229       1.94719
1.15974       4.04321e-006       2.31948
1.04551       1.04929       0.0755834
1.02929       1.00728       0.299551
1.04554       0.975767       0.435721
1.01796       0.855688       0.600818
1.03074       0.792148       0.748694
1.04138       0.607697       1.10573
1.07424       0.449569       1.44414
0.00359191       0.000336919       4.4935
1.02581       1.03452       0.134244
1.02504       1.05093       0.202655
1.02686       0.913772       0.488611
1.0574       0.631799       1.09732
1.08523       0.510401       1.36989
1.1117       0.363037       1.66095
1.07558       0.0688322       2.04764
3.22563e-006       1.49786e-005       4.54149
1.0047       1.04383       0.256995
0.984661       1.01249       0.313448
0.946465       1.02288       0.358607
1.00725       0.995936       0.330771
1.05228       0.900716       0.594357
1.04536       0.662461       1.01761
1.03675       0.507748       1.28386
1.04257       0.386799       1.49422
0.870716       0.182882       2.62354
3.2165e-006       9.31044e-005       4.52852
0.933793       1.02034       0.388159
0.932759       1.04373       0.455839
0.912074       1.0369       0.492725
0.900066       1.02345       0.480681
0.917565       0.998134       0.713131
1.01064       0.720049       0.892915
0.987327       0.656447       1.27172
0.922746       0.519389       1.79335
0.752391       0.117796       2.87126
3.20577e-006       9.27937e-005       4.5134
0.875575       1.05441       0.614158
0.830596       1.03461       0.664425
0.775491       1.03398       0.777229
0.663973       1.02103       0.960858
0.822412       0.898861       1.44318
0.81885       0.532586       2.0716
0.549281       0.378017       2.94838
0.80587       1.02709       0.698626
0.737055       1.05041       0.895265
0.586968       1.0259       1.10998
0.568762       0.845342       1.99282
0.471236       0.510078       2.75004
4.00193e-006       2.37249e-005       4.48084
0.752684       1.05335       0.863451
0.676422       1.02952       0.959723
0.627862       1.04959       1.08872
0.508953       1.03731       1.26873
0.535111       0.862476       1.74765
0.381367       0.533078       3.04342
4.86926e-007       0.00089501       4.43825
0.652023       1.05606       1.06003
0.506611       1.05809       1.32172
0.33727       1.03757       1.55272
0.377584       0.671171       2.79735
9.76534e-008       6.29291e-008       4.33444
0.551426       1.04463       1.24253
0.481763       1.09772       1.43965
0.164262       0.927383       2.50931
6.1103e-006       0.00124384       4.39211
0.44295       1.08945       1.49592
0.307429       1.05426       1.63416
0.177989       1.05622       1.84231
1.86364e-007       1.4935e-005       4.30634
0.285382       1.03481       1.63719
0.176034       1.06751       1.86725
0.139419       1.11181       2.01216
4.02503e-009       1.15915       2.3183
