1.22047       4.43678e-006
1.21216       0.0108836
1.2024       0.0239401
1.19307       0.0373502
1.18312       0.0496517
1.1738       0.0623083
1.1647       0.0722317
1.15634       0.0848255
1.14428       0.100541
1.13462       0.111119
1.12535       0.122934
1.11478       0.13685
1.10484       0.147796
1.09032       0.164126
1.08633       0.170701
1.07561       0.184548
1.06191       0.203709
1.04634       0.217129
1.04277       0.221592
1.02363       0.242234
1.01229       0.255754
1.00278       0.266492
0.995442       0.275284
0.976668       0.294793
0.972674       0.301851
0.951717       0.320648
0.936258       0.3331
0.925754       0.345487
0.91448       0.359225
0.896556       0.373929
0.886557       0.38719
0.870684       0.399565
0.859673       0.409519
0.844791       0.422481
0.832248       0.435288
0.820869       0.443234
0.801378       0.45842
0.791452       0.471138
0.773965       0.481299
0.760644       0.4946
0.742862       0.507063
0.732987       0.517023
0.717782       0.528641
0.70346       0.540152
0.685828       0.552421
0.673099       0.562176
0.661625       0.573837
0.645659       0.584799
0.632185       0.595271
0.617535       0.606487
0.604121       0.617298
0.590441       0.62746
0.579417       0.63684
0.563135       0.649552
0.551197       0.66061
0.537893       0.67144
0.524401       0.684374
0.507718       0.695589
0.498225       0.703097
0.485519       0.716084
0.472209       0.731343
0.457775       0.736637
0.44101       0.747955
0.427542       0.758394
0.41286       0.769478
0.406886       0.777692
0.392921       0.789106
0.378984       0.801666
0.369342       0.809018
0.356853       0.824174
0.339984       0.835502
0.328789       0.844709
0.319815       0.857489
0.306974       0.866057
0.295028       0.881312
0.284056       0.890612
0.27269       0.902698
0.259786       0.912344
0.248918       0.928396
0.234953       0.945479
0.226119       0.951052
0.212486       0.97004
0.20194       0.977867
0.191806       0.990319
0.178832       1.00401
0.165943       1.02183
0.153194       1.03124
0.143186       1.04785
0.13095       1.0575
0.12077       1.06854
0.100972       1.09444
0.0941311       1.10369
0.0846354       1.1176
0.0720463       1.12988
0.0581929       1.14896
0.0447976       1.16315
0.036707       1.17575
0.0227742       1.19394
0.0106153       1.20687
1.71029e-007       1.22065
