0.157948       2.01979
0.15779       2.01783
0.157481       2.01558
0.157441       2.01542
0.157885       2.01855
0.157374       2.01382
0.157751       2.01684
0.157727       2.01757
0.157618       2.01576
0.157595       2.01751
0.157638       2.0161
0.157726       2.01775
0.157862       2.01781
0.157354       2.01423
0.157315       2.01402
0.157341       2.01414
0.157414       2.01514
0.15744       2.01561
0.15737       2.01473
0.157276       2.01352
0.157296       2.01356
0.157538       2.01658
0.157336       2.01407
0.157405       2.01538
0.15714       2.01341
0.157573       2.01621
0.157145       2.01378
0.157317       2.01463
0.157443       2.01651
0.157306       2.01402
0.157154       2.01428
0.156991       2.01315
0.157049       2.0137
0.157957       2.01957
0.157383       2.0156
0.157001       2.01447
0.157025       2.01508
0.157228       2.01459
0.157335       2.01506
0.157064       2.01493
0.156957       2.01421
0.157192       2.01575
0.157344       2.01472
0.157275       2.02011
0.157688       2.01625
0.15737       2.01503
0.1577       2.01812
0.157492       2.01492
0.157487       2.01333
0.157447       2.01461
0.157185       2.01284
0.157057       2.01442
0.157464       2.01541
0.158071       2.02029
0.157415       2.01875
0.157681       2.01675
0.157999       2.0214
0.157585       2.01644
0.156997       2.01814
0.157847       2.01805
0.152553       2.05076
0.136164       2.11276
0.116415       2.21232
0.0965243       2.28612
0.0761462       2.4185
0.0509754       2.57108
0.0260425       2.82466
4.48262e-005       3.5583
