0.514678       0.525109       2.74061e-005
1.02241       2.83864e-008       8.73307e-006
1.03187       2.16325e-009       9.5261e-007
1.01635       1.53762e-007       3.40389e-005
1.0157       8.13893e-007       0.000134722
1.0324       2.64337e-007       2.40077e-005
1.01296       4.42346e-007       5.47838e-005
1.02113       2.58034e-007       5.7122e-005
1.02109       8.12858e-006       0.000148834
0.969755       7.40887e-005       0.000643301
0.149884       7.9433e-011       0.523602
0.000605664       0.998337       2.60014e-005
0.24755       0.223827       0.0237212
0.348398       0.130096       0.0333775
0.330241       0.110014       0.0393804
0.327348       0.103149       0.0501523
0.363487       0.071456       0.0584077
0.364056       0.0652369       0.0613513
0.391057       0.0446385       0.0749162
0.390929       0.0446239       0.0748917
0.42324       0.03715       0.074541
0.000820217       7.77184e-006       1.01525
0.143283       0.313381       0.0329023
0.220429       0.203445       0.0498758
0.21739       0.165637       0.0632136
0.257132       0.129275       0.0657134
0.268648       0.10699       0.070964
0.288394       0.0951338       0.0709747
0.296535       0.0867297       0.0747742
0.315319       0.0769506       0.0802846
0.323006       0.0676604       0.0713557
0.000275522       6.80368e-005       1.01615
0.000380904       1.00546       3.87099e-007
0.100557       0.347556       0.0409165
0.138292       0.23759       0.0598549
0.174553       0.179186       0.0682403
0.201752       0.143558       0.0829432
0.224375       0.135677       0.0667171
0.254788       0.119624       0.0723968
0.271625       0.101097       0.0670552
0.000233331       1.01238       3.89764e-007
0.0904383       0.347245       0.0421926
0.127657       0.259062       0.0663258
0.157371       0.202142       0.0642983
0.177466       0.180413       0.0683051
0.196675       0.160897       0.0685693
0.210861       0.143348       0.0680674
0.228882       0.128645       0.0736971
0.105       6.66882e-015       0.5719
0.000237473       0.00012309       1.00995
0.00017423       1.00987       1.0537e-008
0.0789005       0.383863       0.0413295
0.112378       0.279526       0.057932
0.138962       0.234024       0.0636351
0.1815       0.177349       0.065495
0.000191584       1.01455       1.93779e-011
0.0667881       0.413021       0.0445904
0.104156       0.309737       0.0592921
0.149317       0.217846       0.0684871
9.64827e-005       0.176595       0.426017
0.0907448       1.06006e-008       0.595744
0.000169026       0.000184698       1.01104
0.0625493       0.436434       0.0337799
0.0905332       0.336643       0.0607003
0.119672       0.259793       0.062471
0.000417669       0.211809       0.390156
2.22101e-005       0.107503       0.593489
7.34929e-005       9.02006e-005       1.04144
0.000130676       1.02111       1.13854e-009
0.0544398       0.479655       0.0429682
0.0886646       0.352335       0.0495767
9.74187e-007       0.236632       0.349616
7.75593e-010       0.129182       0.543111
6.59532e-005       0.000167638       1.03048
0.0484856       0.483791       0.0375939
3.71002e-011       0.307744       0.313535
1.36666e-007       0.174371       0.488656
5.2408e-006       1.0335       2.48241e-014
1.96933e-005       0.197717       0.394882
5.2863e-005       1.40822e-007       1.01268
3.02316e-005       0.000445226       0.990415
9.31976e-005       1.0352       5.30162e-010
3.02805e-005       0.000445947       0.992018
2.17222e-007       0.323878       0.329972
