0.999476       0.00296932
0.983046       0.0103981
0.965317       0.0202331
0.956546       0.0244021
0.931396       0.0387361
0.915736       0.0455905
0.880279       0.0676652
0.873653       0.0709189
0.860762       0.0849864
0.841332       0.0927726
0.831891       0.100816
0.80598       0.10796
0.792222       0.11549
0.779964       0.128817
0.770998       0.132896
0.760045       0.139821
0.729871       0.154194
0.729871       0.158673
0.719954       0.164836
0.696116       0.179156
0.689927       0.197108
0.656216       0.20813
0.656216       0.218052
0.646296       0.227234
0.644472       0.232034
0.627088       0.249606
0.612729       0.250392
0.605421       0.257532
0.579162       0.283746
0.582247       0.287071
0.542083       0.311201
0.533834       0.318604
0.517877       0.326599
0.510376       0.3421
0.50729       0.35938
0.496265       0.349752
0.490402       0.360438
0.484536       0.358876
0.464564       0.386507
0.494386       0.366632
0.472515       0.430546
0.475731       0.441374
0.461196       0.390256
0.423406       0.45302
0.439301       0.483021
0.413432       0.46371
0.400647       0.533134
0.414526       0.53524
0.395673       0.566788
0.40066       0.604169
0.393836       0.558649
0.335087       0.638979
0.368265       0.698958
0.359555       0.670185
0.331722       0.825878
0.29118       0.817298
0.340471       0.680597
0.2826       0.774616
0.299997       0.85473
0.29118       0.919324
0.187128       0.968219
0.258871       1.00458
0.252475       1.0898
0.277905       1.01874
0.247824       1.11761
0.180954       1.12824
0.232516       1.15204
0.213517       1.17403
0.180954       1.12869
0.203991       1.21461
0.170758       1.56275
0.124507       1.44771
0.109353       1.57729
0.0879737       1.86378
0.0434563       1.60083
0.00765597       1.90279
0.0176052       2.17092
0.00137825       2.65178
