0.585697       0.806771       1.16996e-008
0.959509       0.242182       0.0172882
0.912327       0.163826       0.0352451
0.849059       0.134845       0.0391793
0.862821       0.131372       0.0783756
0.851103       0.104193       0.102578
0.923092       0.0931325       0.109853
0.942862       0.0834436       0.127242
0.870516       0.0679249       0.158966
1.01314       0.0253238       0.193493
0.982049       0.00881524       0.195369
0.498508       3.1796e-005       0.577752
0.272209       0.933742       0.00746476
0.423913       0.533735       0.020551
0.753029       0.308487       0.0668039
0.803132       0.213661       0.0584571
0.815706       0.15429       0.0738867
0.811891       0.147296       0.109659
0.804992       0.118314       0.13435
0.839405       0.0410308       0.209073
0.790373       0.011795       0.261408
0.740343       0.0526161       0.320631
0.414102       0.0429201       0.467127
0.256326       4.40545e-005       0.881934
0.263576       0.905702       0.00724059
0.354922       0.721005       0.060018
0.515232       0.494572       0.0955643
0.576237       0.371676       0.135592
0.673609       0.341029       0.158628
0.691121       0.227756       0.217009
0.727644       0.203535       0.230244
0.613662       0.167041       0.449287
0.352341       0.023866       0.622757
0.254485       0.0294075       0.760666
0.259245       0.889684       0.0618641
0.254322       0.874526       0.0116819
0.363213       0.524903       0.11448
0.414441       0.404934       0.115176
0.450249       0.355011       0.238741
0.486439       0.28873       0.284843
0.429563       0.215619       0.361345
0.437506       0.187936       0.460379
0.345791       0.0639768       0.554829
0.254171       0.0385413       0.752057
0.253463       0.0359239       0.751802
0.262002       0.900551       0.0523991
0.24473       0.839933       0.0584047
0.256285       0.619063       0.175527
0.363531       0.479958       0.19136
0.393896       0.384508       0.239066
0.377218       0.290429       0.385698
0.367257       0.220845       0.45443
0.331675       0.0764756       0.673249
0.248376       0.00289553       0.806882
0.252406       0.85982       0.0822176
0.255504       0.661115       0.153304
0.326419       0.558451       0.255547
0.25068       0.440767       0.430678
0.263189       0.309472       0.530219
0.248507       0.195787       0.71023
0.247859       0.0389223       0.732455
0.250375       0.000189551       0.857388
0.251039       0.863237       0.0115311
0.252743       0.868703       0.0021417
0.251458       0.632711       0.15632
0.253612       0.570039       0.378597
0.251151       0.356417       0.440757
0.248212       0.0178023       0.755926
0.244924       0.295668       0.47088
0.245105       0.000206315       0.836863
0.246222       0.16884       0.705309
0.248118       0.284503       0.576613
0.248618       0.282643       0.621468
0.24716       0.283372       0.591776
0.247306       0.0972972       0.713139
0.249768       0.797869       0.133744
0.247129       7.75588e-005       0.849889
0.245763       0.0568992       0.715516
0.245412       0.267449       0.657377
0.246686       7.09036e-005       0.848587
0.250153       0.112717       0.720358
0.250405       7.85871e-005       0.861158
