0.481378       0.507025       1.84131e-013
1.02002       0.099236       0.0097932
1.01914       0.0902665       0.0162754
1.01943       0.0713735       0.0191371
1.02053       0.0679926       0.0242122
1.02706       0.0669986       0.0400981
1.01673       0.0536017       0.0499037
1.03923       0.0440871       0.0516514
1.01835       0.0347754       0.0565751
1.02957       0.033283       0.0746128
1.03473       0.0215932       0.0846706
1.03004       0.0103699       0.0849237
1.03065       0.00671505       0.0858547
0.423265       5.8573e-007       0.540466
0.0118764       0.916085       8.03099e-013
0.684262       0.27963       0.0491405
0.69669       0.186087       0.0674016
0.703164       0.175022       0.0746123
0.721547       0.115577       0.102133
0.695436       0.0855933       0.138806
0.702401       0.0883198       0.143228
0.698925       0.0724649       0.181111
0.680366       0.034345       0.299537
0.454957       0.0269687       0.450878
0.0120613       0.000321688       0.919835
0.0119391       0.920924       6.06543e-013
0.339842       0.653675       2.03402e-014
0.424759       0.418619       0.0900104
0.45886       0.354672       0.130663
0.650535       0.321363       0.123082
0.683187       0.153162       0.205232
0.64554       0.19492       0.259158
0.592334       0.179164       0.311792
0.606225       0.151003       0.414323
0.431949       0.0568005       0.439842
0.342474       0.012246       0.58412
0.011965       8.82421e-006       0.922618
0.0118785       0.916249       3.76859e-012
0.272021       0.827046       0.0824451
0.339472       0.504946       0.112843
0.38255       0.378162       0.128035
0.452201       0.350101       0.210709
0.413712       0.266073       0.261188
0.40583       0.196981       0.296459
0.420338       0.178045       0.337648
0.350049       0.0757393       0.501973
0.230713       0.0722533       0.712909
0.124675       0.846012       1.2558e-013
0.296244       0.601441       0.168227
0.346475       0.446219       0.219507
0.358495       0.288411       0.285294
0.338038       0.259006       0.333739
0.340199       0.21816       0.434744
0.332496       0.0999171       0.646095
0.117106       0.0629064       0.7231
0.0119618       7.23356e-005       0.920236
0.138671       0.831797       0.118472
0.209595       0.605204       0.190256
0.313236       0.549976       0.322856
0.313039       0.343733       0.408277
0.200973       0.289615       0.497883
0.190122       0.231414       0.70087
0.0981604       0.0768669       0.727355
0.0118605       0.914859       2.70943e-012
0.0903579       0.812545       0.135551
0.141699       0.583682       0.222881
0.129314       0.541336       0.407887
0.170397       0.334961       0.437738
0.13756       0.261522       0.679547
0.0762153       0.11928       0.722348
0.0119417       0.000720635       0.899825
0.102405       0.711203       0.145181
0.141196       0.571564       0.279784
0.109288       0.40418       0.429151
0.108939       0.284587       0.570079
0.0806454       0.139325       0.718062
0.0118974       0.000979883       0.890816
0.0118998       0.917886       5.5256e-012
0.0401671       0.653538       0.155728
0.140755       0.567091       0.331226
0.103017       0.314707       0.456176
0.0807065       0.1598       0.717957
0.0119082       0.918538       2.3898e-012
0.0674774       0.585349       0.200329
0.0716557       0.422711       0.431306
0.0639489       0.200517       0.72198
0.0119473       0.00268648       0.871686
0.011879       0.915982       0.00985478
0.016628       0.605137       0.271461
0.0375029       0.291647       0.599737
0.0119463       0.000222743       0.914078
0.0225248       0.440493       0.449449
0.0119059       0.918359       2.1924e-012
0.0119597       5.68337e-005       0.920591
0.0118293       0.72255       0.153721
