0.998617       0.0045262
0.983039       0.0109303
0.96234       0.0208017
0.949839       0.0302491
0.926603       0.0401724
0.910413       0.0489296
0.895853       0.0576
0.877812       0.0664633
0.857359       0.0766561
0.846672       0.0835058
0.827951       0.0933655
0.810684       0.1014
0.799346       0.108948
0.786293       0.116865
0.774028       0.125693
0.75818       0.133578
0.737712       0.144183
0.724155       0.152653
0.713295       0.158811
0.696485       0.167977
0.681291       0.176104
0.671631       0.182426
0.661017       0.190384
0.649875       0.195366
0.636531       0.205083
0.626288       0.211994
0.615303       0.219845
0.603686       0.226202
0.592254       0.235486
0.579149       0.241275
0.5697       0.246567
0.563122       0.254753
0.552998       0.262621
0.540265       0.270188
0.535981       0.273253
0.519468       0.285181
0.507017       0.289993
0.500568       0.299043
0.492726       0.310224
0.476417       0.316117
0.461819       0.327744
0.449495       0.336064
0.440538       0.343335
0.433274       0.35209
0.420416       0.355945
0.417054       0.358659
0.413987       0.371001
0.407558       0.385821
0.393776       0.39032
0.384085       0.392125
0.373256       0.393788
0.364701       0.404836
0.356147       0.417709
0.346911       0.41866
0.329163       0.429319
0.321517       0.43816
0.308553       0.450133
0.308553       0.450489
0.299662       0.458712
0.290771       0.473377
0.278803       0.479662
0.271646       0.486394
0.267305       0.488079
0.262302       0.492746
0.255426       0.503013
0.247545       0.512931
0.235368       0.53678
0.222336       0.53612
0.216264       0.550251
0.200485       0.563983
0.193321       0.57352
0.181842       0.583494
0.172582       0.595778
0.172328       0.598161
0.166338       0.606654
0.156151       0.619271
0.143381       0.631045
0.13685       0.636717
0.13341       0.644793
0.124069       0.658823
0.115784       0.666282
0.107937       0.675848
0.100089       0.692655
0.0963513       0.696131
0.0832208       0.719961
0.0796908       0.722892
0.0718921       0.741383
0.0647339       0.753255
0.0566946       0.766319
0.0486984       0.785125
0.0354356       0.813975
0.0349222       0.823819
0.0253303       0.852315
0.0178519       0.874136
0.00891005       0.915173
3.54137e-006       1.12259
