0.99978       0.00159922
0.986557       0.0113099
0.968971       0.0196259
0.952991       0.0252216
0.935084       0.0386441
0.908531       0.0488339
0.89369       0.0563155
0.874303       0.0681497
0.86753       0.0689369
0.840809       0.0860875
0.834176       0.0877668
0.816746       0.102353
0.804345       0.112169
0.790645       0.119757
0.780702       0.126635
0.767155       0.133445
0.742715       0.143935
0.740879       0.152399
0.727613       0.16288
0.715151       0.170077
0.6814       0.184694
0.6814       0.19144
0.670465       0.202249
0.65432       0.21026
0.634702       0.214806
0.627049       0.234973
0.607911       0.243981
0.597665       0.248442
0.589158       0.257123
0.579349       0.263791
0.575615       0.271018
0.563461       0.284873
0.535945       0.288287
0.52449       0.306819
0.51167       0.319543
0.50341       0.331002
0.481962       0.343779
0.478405       0.352929
0.464978       0.373226
0.465652       0.386407
0.46423       0.402188
0.45856       0.420654
0.424671       0.394004
0.425321       0.418313
0.404843       0.434548
0.4024       0.449642
0.374884       0.473726
0.38318       0.479548
0.342611       0.497093
0.350402       0.513815
0.338716       0.52353
0.327941       0.53174
0.31691       0.547381
0.296685       0.570583
0.286541       0.579044
0.275984       0.589881
0.269136       0.613677
0.241807       0.641064
0.241807       0.628127
0.231131       0.641429
0.201494       0.658253
0.194873       0.704441
0.177922       0.687502
0.183536       0.731165
0.153293       0.71821
0.139155       0.728254
0.144021       0.756445
0.133412       0.762639
0.107986       0.780569
0.0738949       0.832851
0.0886025       0.825419
0.0786884       0.87838
0.0725544       0.971069
0.0465329       0.922147
0.0217151       1.0415
0.0238106       1.10445
0.00411163       1.15729
0.000373444       4.80194
