1.10777       5.15685e-005
1.0504       0.00519811
1.05678       0.00522968
1.02349       0.037975
1.0138       0.0542267
1.02819       0.0381495
1.01575       0.0686589
1.00207       0.0677342
0.973026       0.0900192
0.95031       0.129437
0.934752       0.14042
0.897797       0.154372
0.872561       0.161499
0.847383       0.168475
0.801333       0.203174
0.772036       0.208835
0.770011       0.223355
0.762809       0.256958
0.759278       0.265298
0.759507       0.260586
0.745693       0.294163
0.731685       0.295606
0.72721       0.32259
0.714018       0.342662
0.705875       0.389978
0.687554       0.393389
0.66199       0.404206
0.669405       0.419578
0.647569       0.436473
0.620188       0.437619
0.588818       0.447888
0.562068       0.450986
0.546575       0.461252
0.532035       0.47013
0.51822       0.473528
0.505201       0.48159
0.487266       0.485682
0.476308       0.507142
0.468225       0.520778
0.467881       0.531588
0.459125       0.557708
0.453356       0.563219
0.448518       0.572334
0.435295       0.623838
0.430778       0.625067
0.428169       0.640525
0.413823       0.67054
0.407308       0.679802
0.390544       0.686703
0.378187       0.710836
0.352103       0.715323
0.324101       0.729332
0.322439       0.738337
0.281741       0.743251
0.269156       0.739997
0.282503       0.759582
0.258249       0.76641
0.244893       0.771214
0.227598       0.77677
0.209759       0.775112
0.196107       0.793731
0.187504       0.81826
0.176007       0.819982
0.175033       0.846114
0.15695       0.858775
0.156581       0.872681
0.148324       0.901329
0.131838       0.928507
0.121406       0.932132
0.110817       0.951133
0.104601       0.986166
0.0873962       0.991623
0.0708663       1.01124
0.0618509       0.985492
0.035284       1.01333
0.0310592       1.01095
0.0207177       1.03048
0.00582841       1.05908
8.41488e-005       1.28997
