0.993394       0.0296093
0.996312       0.0264943
0.984972       0.0520825
0.980587       0.0733764
0.975597       0.073251
0.962114       0.0939961
0.961705       0.0914416
0.956278       0.119359
0.956738       0.117071
0.937039       0.14
0.924119       0.152561
0.924859       0.172639
0.914308       0.196763
0.900425       0.205227
0.899341       0.217499
0.88375       0.251385
0.882401       0.253796
0.863253       0.286228
0.837267       0.313468
0.830795       0.333355
0.828057       0.350015
0.827069       0.361032
0.809072       0.370257
0.795582       0.385693
0.798337       0.409133
0.787024       0.428147
0.760368       0.44117
0.760368       0.453784
0.746852       0.462052
0.72432       0.477474
0.720575       0.489358
0.703227       0.511931
0.696982       0.530865
0.69135       0.55443
0.654385       0.571849
0.651111       0.58665
0.628145       0.60929
0.624973       0.631154
0.614562       0.646503
0.599659       0.652185
0.586076       0.665813
0.572493       0.681331
0.564852       0.687741
0.545326       0.717753
0.521577       0.741739
0.519566       0.747821
0.49731       0.76073
0.488354       0.770873
0.474111       0.788279
0.449382       0.801938
0.427202       0.827678
0.423535       0.831487
0.410409       0.857499
0.394536       0.864567
0.390636       0.878706
0.363114       0.901336
0.333481       0.902814
0.327714       0.927838
0.301936       0.916841
0.275784       0.942269
0.251814       0.943466
0.227301       0.949692
0.202789       0.963325
0.202789       0.960507
0.188512       0.968533
0.183295       0.968788
0.170476       0.979004
0.151768       0.983075
0.117462       0.988422
0.0911859       0.992676
0.084488       0.995566
0.0726982       0.994416
0.0279347       1.00646
0.0350731       1.00483
0.0177784       1.00147
0.0261405       1.00867
0.0116858       1.01907
0.000412444       1.02277
3.8436e-005       1.07363
