0.999893       4.48444
0.999946       4.48442
0.999872       4.4844
0.999896       4.48443
0.999963       4.48445
0.99996       4.48441
0.999968       4.48442
0.999909       4.48438
0.999879       4.48443
0.999859       4.4844
0.999867       4.48442
0.999869       4.4844
0.999895       4.48438
0.999843       4.48443
0.999888       4.48442
0.999881       4.48442
0.999925       4.4844
0.999923       4.4844
0.999871       4.48445
0.999888       4.4844
0.999878       4.48442
0.999946       4.48439
0.999912       4.48441
0.999997       4.48441
0.999965       4.48441
0.999908       4.4844
0.999999       4.48445
0.999997       4.48435
0.999966       4.48444
0.999838       4.48453
0.999918       4.48446
0.999976       4.48442
0.999896       4.48442
0.999941       4.48442
0.999884       4.48447
0.99989       4.48442
0.999899       4.4843
0.999998       4.48451
0.999974       4.48444
0.999938       4.48437
0.999908       4.48454
0.999914       4.48455
0.999913       4.48443
0.999964       4.4845
0.99994       4.48451
0.999988       4.4845
0.99999       4.48451
0.999944       4.48438
0.999923       4.48453
0.999939       4.48461
0.999998       4.48444
0.999975       4.48452
0.994287       4.48606
0.929866       4.50716
0.866126       4.51741
0.806143       4.53006
0.7447       4.54405
0.657411       4.55668
0.620283       4.56102
0.535022       4.57163
0.506978       4.57582
0.454423       4.58107
0.389874       4.58483
0.345857       4.58763
0.290842       4.59199
0.211799       4.59345
0.175406       4.59604
0.136957       4.59663
0.0755723       4.5969
0.0136145       4.59872
3.35749e-005       4.60825
