120.562       0.0353805
12.0045       0.108225
8.95087       0.153955
7.2294       0.169395
6.32569       0.203412
5.23747       0.22038
5.04021       0.242339
4.31169       0.266455
3.73085       0.299276
3.63895       0.306171
3.56062       0.328078
3.40924       0.351281
3.20772       0.36111
3.12588       0.379321
2.87866       0.394456
2.86683       0.411577
2.80093       0.427241
2.62255       0.429787
2.59651       0.45415
2.49664       0.449629
2.46118       0.458613
2.3102       0.487203
2.33163       0.496281
2.25004       0.502193
2.21083       0.509044
2.17906       0.527038
2.14248       0.541164
2.13917       0.542353
2.08097       0.559665
2.03626       0.558281
2.06424       0.590633
1.91242       0.593467
1.92623       0.580593
1.88623       0.615685
1.85854       0.610108
1.87668       0.616062
1.74127       0.647219
1.82881       0.676915
1.7069       0.667938
1.66148       0.682167
1.61644       0.686246
1.61881       0.687252
1.6993       0.680495
1.62517       0.685798
1.62541       0.690053
1.58854       0.704521
1.57274       0.710266
1.5478       0.727537
1.53029       0.744497
1.49537       0.752416
1.46644       0.748944
1.43677       0.765713
1.45567       0.772402
1.40508       0.778329
1.38349       0.795416
1.40734       0.791568
1.35777       0.807861
1.3235       0.833841
1.32548       0.84903
1.32338       0.855186
1.31322       0.855553
1.29348       0.860856
1.27564       0.864177
1.24799       0.889953
1.25332       0.871397
1.21673       0.886131
1.21715       0.899629
1.17791       0.898797
1.21056       0.887044
1.18151       0.907884
1.18795       0.911615
1.16858       0.920563
1.16845       0.915112
1.15265       0.919978
1.13534       0.930431
1.1417       0.929703
