0.765996       0.724052       7.28864e-005
1.03297       0.232202       0.0200126
1.01808       0.196861       0.0383095
0.9952       0.157606       0.048715
0.971666       0.153462       0.0447858
0.882988       0.134004       0.0713023
0.937018       0.123739       0.107223
0.97981       0.0856826       0.116309
0.912343       0.0696525       0.155892
0.87745       0.0161745       0.168047
0.898014       0.00998134       0.174256
0.469726       1.08517e-005       0.53977
0.268896       0.926857       0.0164185
0.450896       0.564909       0.0224293
0.766707       0.238254       0.0611346
0.814841       0.191728       0.0605004
0.83774       0.151888       0.103898
0.888953       0.145379       0.120717
0.801964       0.0978136       0.172853
0.753479       0.030818       0.236006
0.752166       0.00378662       0.33216
0.421235       0.034141       0.452187
0.260938       0.0214038       0.779482
0.261895       0.901918       0.0358099
0.376217       0.691652       0.0583044
0.446033       0.431725       0.109461
0.54343       0.380458       0.129139
0.726635       0.352743       0.17043
0.749078       0.222237       0.213705
0.728653       0.198455       0.262091
0.528547       0.1998       0.340638
0.446867       0.0744369       0.435047
0.447226       0.0722167       0.435297
0.343366       0.00966517       0.641162
0.253426       0.0377703       0.739
0.262379       0.897828       0.0767433
0.379373       0.502195       0.130416
0.435262       0.413479       0.131386
0.427008       0.37351       0.246118
0.406803       0.267593       0.283208
0.3903       0.215771       0.345944
0.402971       0.175281       0.422869
0.368697       0.0199334       0.508867
0.258834       0.0726034       0.75018
0.252795       0.00014114       0.867294
0.255857       0.881506       0.00272296
0.297382       0.618424       0.171177
0.368502       0.456651       0.177404
0.394776       0.388271       0.227024
0.367296       0.255546       0.333409
0.353216       0.209965       0.44659
0.323951       0.0886965       0.665054
0.254798       0.0780314       0.738143
0.253341       0.773301       0.142706
0.256411       0.62586       0.170624
0.249588       0.574228       0.257243
0.33793       0.342766       0.423999
0.271944       0.303101       0.506653
0.248088       0.125333       0.713724
0.254112       0.138971       0.73062
0.251672       0.847819       0.102494
0.250107       0.609084       0.166051
0.255497       0.539499       0.412325
0.256698       0.295081       0.485537
0.251529       0.2459       0.699967
0.250376       0.573365       0.309555
0.249448       0.568713       0.213848
0.246399       0.524644       0.400972
0.250483       0.355521       0.431962
0.2511       0.128743       0.717286
0.246867       0.555076       0.363257
0.248353       0.567936       0.313867
0.246859       0.28416       0.527428
0.248552       0.346168       0.432858
0.248532       0.0552487       0.726047
0.248761       0.542618       0.386811
0.248289       0.0180712       0.755722
0.250733       0.238763       0.694811
0.251407       0.218458       0.708504
0.247851       0.315859       0.447037
0.251       0.234343       0.697867
