0.578704       0.61004       6.13967e-007
1.00001       5.37365e-009       8.80512e-005
1.00001       1.8849e-015       5.38431e-006
1.00001       3.65647e-015       5.39248e-006
1       2.87333e-008       0.000149099
0.999979       3.75353e-008       0.000187739
0.999965       9.59904e-008       0.000300221
0.999991       9.99295e-009       9.68694e-005
0.568021       1.14581e-022       0.568021
1.31687e-012       1       6.98619e-010
0.558316       0.588529       0.000153353
0.722743       0.435345       0.0158308
0.980572       0.0748649       0.0926251
0.919595       0.155272       0.104157
0.906838       0.0330433       0.158164
0.844557       0.128765       0.176086
0.873857       0.103272       0.20216
0.843488       0.0675875       0.222653
1.72791e-028       4.18774e-023       1
0.297083       0.803408       0.0801315
0.565391       0.573564       0.10501
0.66168       0.421435       0.176043
0.637951       0.360976       0.2174
0.764236       0.200094       0.247562
0.684388       0.240726       0.289527
0.701332       0.200096       0.309775
0.775048       0.145319       0.252631
0.354265       0.0659999       0.735373
5.78836e-024       1.22277e-022       1
5.94416e-013       1       1.51291e-014
0.246884       0.845239       0.0711009
0.444731       0.650694       0.180992
0.522634       0.469068       0.238392
0.539749       0.405032       0.279155
0.559627       0.343898       0.317512
0.59985       0.307601       0.312822
0.467822       0.0226751       0.668481
1.70137e-021       9.27499e-022       1
0.0843718       0.923627       0.0839995
0.235746       0.740946       0.2082
0.393611       0.543906       0.282463
0.458984       0.459166       0.315878
0.507884       0.400666       0.321338
0.496227       0.0111474       0.642464
0.343444       0.0831353       0.749951
6.04173e-024       1.8178e-021       1
6.70407e-010       1       2.96635e-009
0.109289       0.920713       0.110266
0.277534       0.684238       0.228792
0.354329       0.591949       0.28003
0.414487       0.520054       0.302545
0.0705747       0.394552       0.714309
0.278257       0.126869       0.763433
1.57142e-010       1       4.66138e-012
0.133166       0.876898       0.13241
0.244422       0.730998       0.215152
0.31686       0.638958       0.258794
0.0145082       0.487496       0.645348
0.235714       0.160336       0.769423
0.117722       0.890242       0.117344
0.199543       0.790503       0.180011
5.8316e-011       0.568013       0.56803
0.0768647       0.348757       0.737363
2.77048e-010       1       1.97145e-008
0.0968694       0.914045       0.0989367
0.191836       0.794969       0.178113
0.0296667       0.438876       0.701152
6.16178e-028       1.2856e-021       1
4.47835e-014       1       9.58356e-013
0.0968294       0.91364       0.0989083
3.29564e-009       0.56797       0.568073
0.095138       0.309963       0.782877
8.78643e-009       1       1.40226e-008
0.0843486       0.923394       0.0839783
1.50137e-023       1.86741e-021       1
1.44487e-014       0.568021       0.568021
