0.997487       0.245326
0.997319       0.252838
0.999737       0.264784
0.997483       0.253021
0.999989       0.239053
0.999984       0.241577
0.999969       0.234791
0.997319       0.253033
0.999304       0.21936
0.999746       0.246216
0.999083       0.207272
0.999919       0.235383
0.999647       0.238069
0.999403       0.237954
0.99999       0.26276
0.999914       0.266345
0.971024       0.281051
0.972149       0.303807
0.972149       0.316126
0.951814       0.338836
0.928475       0.341367
0.8494       0.365092
0.853897       0.394896
0.816208       0.402717
0.841103       0.382472
0.820243       0.412989
0.806133       0.454214
0.797405       0.460329
0.767364       0.489828
0.785349       0.481086
0.745704       0.542478
0.672074       0.569548
0.657348       0.566532
0.645987       0.590508
0.661694       0.654755
0.657348       0.660527
0.635401       0.680442
0.625503       0.696767
0.61135       0.713732
0.580211       0.71623
0.564507       0.719616
0.562132       0.739323
0.544745       0.76897
0.501159       0.782363
0.515155       0.79917
0.494389       0.808337
0.493453       0.850124
0.479499       0.865214
0.412234       0.881188
0.444144       0.897395
0.416547       0.916851
0.386172       0.927959
0.345563       0.953591
0.349654       0.973444
0.297432       0.996594
0.309528       1.02235
0.100276       1.03681
0.240765       1.04881
0.100276       1.0498
0.226053       1.03507
0.129213       1.02566
0.21246       1.05219
0.106509       1.05768
0.0820174       1.06569
0.062216       1.07096
0.101048       1.05487
0.0241556       1.09915
0.0241556       1.14324
0.0424037       1.11761
0.0207645       1.11092
0.00677645       1.1461
0.0156475       1.17741
0.00390284       1.16191
2.11536e-006       1.4505
