1.40736       1.99402e-005
1.3803       0.000522561
1.36591       0.000504374
1.37183       0.000513812
1.3626       0.000471716
1.36971       0.000404934
1.3731       0.000469286
1.36557       0.000504251
1.36325       0.000333673
1.37194       0.000468888
1.34575       0.000561991
1.37692       0.000560846
1.36254       0.00032453
1.36771       0.000327247
1.35856       6.60259e-005
1.36592       0.000605772
1.37982       4.54687e-005
1.38768       0.000433844
1.37955       7.96544e-005
1.37063       0.000203794
1.36384       0.000147861
1.37814       0.000384153
1.37959       0.00029105
1.3736       0.000293556
1.37944       0.000613046
1.37833       0.000767581
1.3774       0.000660219
1.37983       4.3606e-005
1.37975       0.000301721
1.38852       0.000274347
1.38608       0.000774104
1.38708       0.000407708
1.38589       0.000358645
1.36896       0.000240631
1.38361       0.000243205
1.37978       1.97575e-007
1.38845       0.000513116
1.38413       0.00040684
1.38217       1.21567e-007
1.39222       0.000189576
1.36894       0.000389294
1.37756       0.000561141
1.39448       9.82368e-008
1.38059       0.000198648
1.38672       0.000225854
1.3693       0.000394105
1.38665       0.000215505
1.38951       0.000149281
1.39126       0.00019062
1.3908       0.000190557
1.38792       0.000884396
1.38109       0.000314619
1.38112       0.00102044
1.38061       0.000441167
1.37574       0.000816866
1.37836       0.00152335
1.38061       0.000441149
1.03497e-006       9.25422
1.79913e-006       9.25408
6.33314e-007       9.25405
1.41705e-006       9.25415
2.82229e-006       9.25436
1.1338e-006       9.25405
3.84501e-006       9.25417
4.07065e-006       9.25417
2.11274e-006       9.2541
