0.999271       0.0159392
0.999277       0.0219089
0.991603       0.0287647
0.977682       0.050616
0.973413       0.0638903
0.966658       0.0749902
0.963179       0.0812181
0.95857       0.0924735
0.955413       0.106582
0.944584       0.117408
0.942785       0.12661
0.934303       0.136524
0.925577       0.151028
0.920659       0.161341
0.912084       0.175517
0.906886       0.18526
0.903824       0.189974
0.896574       0.206166
0.889406       0.218147
0.871653       0.244984
0.859268       0.268156
0.849891       0.28527
0.846725       0.297791
0.838283       0.298541
0.816764       0.336852
0.807631       0.358329
0.790791       0.37349
0.774897       0.401472
0.75957       0.427346
0.753748       0.43289
0.745328       0.448001
0.734506       0.469367
0.726032       0.481506
0.718979       0.487448
0.705857       0.504283
0.693297       0.523759
0.683562       0.533199
0.676593       0.549786
0.661698       0.560301
0.65554       0.57682
0.639835       0.591707
0.633806       0.608846
0.616562       0.619608
0.611959       0.625725
0.598987       0.64818
0.58407       0.657316
0.576839       0.666278
0.557584       0.694111
0.554235       0.699446
0.538902       0.711815
0.530286       0.727758
0.509441       0.745596
0.502533       0.75491
0.483615       0.76961
0.474111       0.775718
0.464653       0.786093
0.450022       0.802726
0.430108       0.813837
0.419918       0.824311
0.411984       0.830692
0.39909       0.853325
0.376073       0.862372
0.368758       0.864724
0.357547       0.87598
0.342005       0.885463
0.330387       0.893725
0.311278       0.905812
0.305288       0.911412
0.287685       0.922272
0.273658       0.924513
0.25934       0.935467
0.238135       0.94247
0.237487       0.94981
0.219842       0.951947
0.19941       0.964786
0.180344       0.970339
0.163799       0.985168
0.145882       0.985837
0.114394       0.986698
0.106445       0.992802
0.0729874       0.997543
0.0729874       0.998051
0.0525243       0.999953
0.0303717       1.00105
0.0304747       1.00273
0.0144875       1.00367
0.00821912       1.00457
1.40136e-006       1.13874
