32.1359       0.000114395
30.7419       0.290385
30.5165       0.0315059
30.6991       0.0129565
30.4027       0.026205
30.136       0.0127188
30.5055       1.66447
29.7924       0.0209253
29.3789       1.07532
29.5612       1.45739
30.1907       0.43759
30.0635       0.0211157
29.2324       2.50761
30.2735       2.44158
29.5605       1.32475
29.5208       1.72258
29.6351       1.53318
30.5221       2.13733
29.8986       1.169
30.5125       1.5278
29.863       1.54497
30.0231       1.37233
29.9974       1.58793
22.9389       15.5417
24.5117       15.5849
26.2163       16.6687
24.1692       15.3382
25.5967       17.3424
24.601       17.4726
20.5753       17.2703
17.8769       16.8008
22.878       15.8981
22.0556       18.4279
21.6481       19.0442
15.8579       19.0491
19.0322       17.8865
18.3365       19.4343
16.9502       17.4112
18.1979       17.9882
17.956       20.7215
17.845       21.9914
15.7238       20.9439
16.5666       22.5595
16.5239       21.4287
15.3384       21.9421
15.6297       22.3588
16.9395       26.0937
11.2615       30.9097
6.92121       31.3154
13.4023       29.6984
0.662187       31.3827
12.8323       30.0177
12.0276       31.0807
11.6998       31.9875
1.27634       30.8868
4.88846       29.778
3.07826       31.2814
3.5496       30.3256
4.62205       30.4404
3.28219       31.0826
4.31658       30.038
2.84214       30.4856
1.94427       32.073
1.86373       30.9148
1.22377       32.0226
0.222499       33.5961
0.130486       34.2274
0.13129       34.4385
0.00905493       37.139
