0.370099       0.370099       1.17173e-047
0.999435       1.92567e-010       1.44809e-005
0.999434       1.92567e-010       1.44809e-005
0.999465       1.92573e-010       1.44813e-005
0.999375       1.94456e-009       4.87359e-005
0.998635       1.255e-008       0.000120891
0.994138       2.64229e-007       0.000519929
0.994577       6.68166e-007       0.000877388
0.370099       4.19195e-049       0.370099
8.59476e-005       0.996572       9.83008e-005
0.513669       0.238957       0.000537466
0.563932       0.195235       0.00153745
0.635458       0.141854       0.00256691
0.679853       0.0173684       0.089133
0.609902       0.0345087       0.102343
0.56124       0.0451818       0.113071
0.525118       0.058131       0.130682
0.54251       0.0501617       0.120576
2.42466e-048       1.13266e-048       1
8.59245e-005       0.996279       9.97709e-005
0.0784831       0.593929       0.0572272
0.444756       0.30207       7.72407e-005
0.300157       0.214387       0.123605
0.366537       0.157103       0.128284
0.386128       0.126549       0.138918
0.401425       0.115767       0.139043
0.425436       0.100786       0.138571
0.248259       0.000809099       0.502246
1.37443e-049       1.13266e-048       1
0.0879822       0.570005       0.0614112
0.174639       0.379731       0.0989644
0.25082       0.270521       0.116572
0.288924       0.210854       0.131977
0.318308       0.186785       0.133504
0.333758       0.16945       0.133751
0.355641       0.150388       0.137964
0.290371       0.000366713       0.451689
0.1781       0.00582813       0.566118
0.0943047       0.54563       0.0673868
0.181961       0.363655       0.101948
0.219631       0.296615       0.124499
0.251374       0.252831       0.130305
0.283316       0.217365       0.131905
0.301419       0.202297       0.133252
0.12421       0.015887       0.613779
1.09041e-049       2.11227e-054       1
0.000163709       0.995381       0.000105675
0.10007       0.528389       0.0740823
0.15962       0.393387       0.101445
0.196734       0.337718       0.107096
0.228754       0.284167       0.120334
0.218883       0.0031754       0.525052
0.0927062       0.545893       0.0703088
0.141527       0.430154       0.0922363
0.208747       0.311867       0.116146
0.00598232       0.202771       0.532523
0.0353217       0.0921622       0.619851
3.67076e-050       3.20408e-055       1
7.74474e-005       0.997067       5.41288e-005
0.0835375       0.579978       0.0596079
0.126593       0.462157       0.0875351
2.912e-035       0.370099       0.370099
0.00216321       0.243041       0.496619
2.80523e-005       0.998287       2.25593e-005
0.0715428       0.613754       0.0589423
0.112045       0.502941       0.0752384
0.000608474       0.292298       0.447438
0.0353284       0.0921797       0.619968
1.69558e-048       2.35645e-043       1
0.0623177       0.641187       0.0533927
0.00733819       0.184047       0.552001
2.80524e-005       0.998289       2.25593e-005
0.00216319       0.243039       0.496614
1.69558e-048       7.53813e-043       1
2.80524e-005       0.99829       2.25593e-005
3.85693e-050       2.05641e-043       1
2.80525e-005       0.998294       2.25594e-005
5.95009e-047       1.35036e-036       1
