0.346746       0.466252       8.97253e-006
1.00968       3.50512e-010       3.32149e-008
1.00469       1.86161e-006       6.85001e-005
1.00478       2.56288e-006       8.63385e-005
1.00002       7.22422e-006       0.00024337
0.992872       1.12861e-005       0.000324598
0.990973       1.63218e-005       0.000496393
0.989991       2.24817e-005       0.000723577
0.309206       6.29743e-018       0.391558
3.96207e-012       1       1.7801e-029
0.279976       0.30727       0.030923
0.433855       0.168535       0.0321926
0.390216       0.152322       0.0559067
0.443355       0.112393       0.057137
0.474018       0.0967845       0.0658671
0.485596       0.0739348       0.0738342
0.498828       0.0724064       0.0649346
0.528033       0.0591195       0.0755911
0.586618       0.0531272       0.0679297
0.309317       6.29969e-018       0.391698
0.000808493       7.25456e-005       1.01086
1.71377e-010       1.00002       3.59765e-024
0.192506       0.423914       0.0176056
0.265077       0.254299       0.0589736
0.308195       0.201923       0.0769459
0.324017       0.175103       0.0852113
0.37623       0.147159       0.0788413
0.376613       0.127274       0.100319
0.417715       0.119465       0.0666741
0.43721       0.108184       0.0786604
0.241915       7.09542e-007       0.462499
0.000472215       5.81748e-006       1.0187
0.150998       0.450568       0.0399963
0.204898       0.30342       0.0749278
0.231599       0.258453       0.102103
0.285297       0.17835       0.110335
0.275115       0.193046       0.110944
0.342531       0.173658       0.0679851
0.374101       0.158992       0.0795272
0.264089       6.71821e-007       0.437911
0.172514       7.68424e-007       0.566007
0.000133049       1.69783e-005       1.01942
0.119518       0.491076       0.046425
0.181072       0.347669       0.0549176
0.217313       0.290272       0.0613761
0.244516       0.246985       0.128117
0.272178       0.203882       0.0995424
0.141216       3.49568e-006       0.605247
0.000326045       6.93619e-006       1.01763
1.65983e-011       1.00001       1.74767e-028
0.105384       0.547357       0.0255534
0.162952       0.40812       0.0386274
0.189317       0.310503       0.086296
0.213918       0.273721       0.0982737
0.201086       2.20362e-009       0.523105
0.12978       3.12731e-005       0.641913
0.0939066       0.580027       0.0244322
0.144457       0.449439       0.0379488
0.1803       0.335777       0.0888256
5.6066e-005       0.207676       0.509901
0.0753848       0.0225186       0.691919
0.00013305       4.84073e-006       1.02026
0.0854543       0.605888       0.0228832
0.135293       0.467421       0.0324214
5.46268e-012       0.335612       0.341364
7.06789e-005       0.243733       0.460276
0.000473419       0.121687       0.654842
2.0906e-008       3.61658e-008       1.02113
3.88243e-010       1.00003       5.02822e-030
0.0749295       0.653421       0.0250238
0.120467       0.499234       0.0347024
7.96049e-005       0.260464       0.428904
0.000727879       0.156465       0.590773
0.000133716       9.68538e-006       1.02499
4.79556e-011       1.00001       3.04944e-028
0.0683547       0.669469       0.0189989
2.08119e-007       0.406953       0.349119
4.18e-005       0.174559       0.569595
2.02038e-005       4.81832e-006       1.01553
6.38637e-009       0.359073       0.341532
7.70185e-006       3.56999e-008       1.00797
1.24104e-013       1.0001       3.73981e-029
2.9118e-006       1.02255e-006       1.03053
