75.1753       0.00091302
63.8303       0.442054
64.9846       0.364627
62.3296       1.26304
61.321       3.28226
60.9547       3.61347
60.5996       5.16787
60.4461       5.84115
60.2114       7.92616
59.8442       8.24688
59.5445       7.94569
58.2323       12.2639
57.4362       11.8777
48.1291       12.835
57.1336       14.8103
56.7739       13.7498
51.2251       16.9761
51.3794       16.7925
33.1094       16.5088
17.498       16.388
43.7379       18.1581
43.677       18.1328
39.9047       16.8273
39.5999       18.302
37.1226       18.304
35.4945       18.4121
22.2932       18.1982
30.8125       18.326
29.3084       19.9342
24.3639       16.1116
25.3476       19.5529
28.4845       20.51
18.9646       18.4635
17.8129       15.138
20.6508       15.1466
23.9344       19.5271
15.7692       20.4985
20.0424       22.0217
16.5201       14.6034
21.1967       21.0297
19.7663       17.0413
16.0397       18.7171
15.2382       21.3486
16.7829       21.0037
13.8009       20.6359
16.7568       21.6406
15.0507       19.9508
14.8259       23.7328
13.3884       24.0591
12.8116       25.6959
14.7838       27.5062
13.0454       23.7525
13.61       25.1033
13.2625       28.181
13.1101       26.0342
12.8304       28.5727
12.9906       25.8844
13.0224       31.2501
13.0516       32.3831
9.68599       50.5806
9.91189       51.7603
9.383       53.6984
8.73222       51.8732
8.18154       56.1402
7.79995       56.1808
6.4049       55.2937
1.40868       58.6351
5.48833       56.7132
2.84746       60.3284
2.85344       59.6842
1.94208       55.0184
0.796474       65.075
0.888656       66.2681
0.183544       70.0485
0.00416246       90.6323
