0.258932       0.31414       2.58573e-006
1.0425       1.03346e-009       5.38691e-008
1.04573       7.39046e-008       3.85226e-006
1.03013       1.45077e-006       2.49474e-005
1.02626       7.65818e-006       7.52626e-005
1.01134       1.55339e-005       0.000208158
1.00273       1.11837e-005       0.000222589
0.983284       2.57188e-005       0.000409883
1.01269       1.60545e-005       0.00027641
0.278705       1.63744e-014       0.668864
7.12967e-005       0.983435       2.49949e-005
0.28149       0.199775       0.0190074
0.278656       0.133064       0.0287536
0.322014       0.100334       0.0294656
0.326265       0.0835912       0.0386501
0.35023       0.0621731       0.0436354
0.33497       0.0521034       0.0537306
0.336968       0.0454796       0.0669262
0.337393       0.0417148       0.062628
0.358047       0.0384882       0.0696837
0.36218       0.0335644       0.0628376
0.000200746       1.60327e-005       1.06874
0.0746648       0.340106       0.0344527
0.176717       0.184102       0.0426522
0.206217       0.131806       0.0510115
0.217022       0.104583       0.0627799
0.227312       0.0894758       0.0688161
0.244237       0.0780689       0.0708051
0.255624       0.0726392       0.0705635
0.272556       0.0659583       0.0712743
0.282058       0.0605496       0.0732533
0.298254       0.0557918       0.0714229
0.000199881       1.59637e-005       1.06414
0.000252889       0.976061       8.39063e-005
0.0887504       0.314245       0.035941
0.136231       0.203951       0.0487752
0.158768       0.158994       0.0680696
0.180323       0.129594       0.0694943
0.196482       0.118091       0.0714604
0.21022       0.10324       0.0717313
0.220876       0.0960627       0.0709663
0.236235       0.085574       0.0701323
0.00192861       0.0751426       0.533076
0.000258485       0.975017       9.99702e-005
0.0841744       0.301698       0.0393495
0.114905       0.217802       0.0548905
0.139242       0.182395       0.0619032
0.156669       0.159272       0.0616562
0.173506       0.137625       0.0666497
0.189126       0.123131       0.0755032
0.195766       0.112219       0.0692143
0.000516895       0.0796572       0.628856
0.0695208       0.329227       0.0455351
0.100663       0.247554       0.056063
0.124022       0.206676       0.0549253
0.141999       0.176449       0.0620635
0.00221355       0.0735385       0.523407
0.000108055       3.14407e-005       1.10898
0.000206776       0.961432       0.000149726
0.0607044       0.36638       0.0433465
0.0909731       0.268741       0.0503451
0.11428       0.230248       0.0616656
0.131941       0.194083       0.0661994
0.145662       0.173029       0.0581748
0.000213503       7.66856e-006       1.09793
7.55962e-005       0.980833       3.96291e-005
0.0543853       0.379099       0.0356903
0.0841539       0.287263       0.0479685
0.103336       0.248062       0.0536191
5.93766e-006       0.206645       0.396306
0.0489599       0.405303       0.0329518
0.0762484       0.313891       0.0475616
1.07437e-008       0.222662       0.327134
0.000379744       0.118578       0.451538
3.25581e-006       0.000279921       1.09269
7.55706e-005       0.980501       3.96157e-005
0.0460559       0.41957       0.0293948
8.43727e-008       0.24438       0.294639
2.53339e-009       0.159957       0.459505
0.0402324       0.449218       0.0302606
9.42121e-006       0.191539       0.36409
3.26448e-006       0.000280667       1.0956
1.7929e-007       0.263514       0.287868
3.23846e-006       0.000544947       1.07477
1.64539e-009       0.00114051       1.03697
