0.707107       0.707107       4.78793e-017
0.999999       0.0010362       2.39554e-017
1       0.000551413       2.3077e-017
1       0.000413217       3.59553e-017
1       0.000324707       3.12614e-017
1       0.000252495       4.01313e-017
1       0.000210324       4.01313e-017
1       0.00018362       4.2622e-017
1       0.00014433       3.89595e-017
1       0.000129227       4.14295e-017
1       0.00011748       3.305e-017
1       0.000107878       1.29284e-018
1       9.84666e-005       2.8684e-017
0.000699148       1       3.58087e-017
0.893812       0.448447       4.154e-017
0.948798       0.315883       3.99438e-018
0.970082       0.242779       1.86168e-017
0.980777       0.195137       1.52316e-018
0.98661       0.163098       4.227e-017
0.989978       0.141235       2.05774e-017
0.992471       0.122477       2.8262e-018
0.994262       0.10697       3.47639e-017
0.903707       0.0831487       0.435998
0.744188       0.0179347       0.668439
4.64711e-017       1.50131e-016       2.56659
0.000610639       1       3.81557e-017
0.446251       0.894923       6.1467e-018
0.832265       0.554378       5.80465e-017
0.894274       0.447524       1.99915e-017
0.929474       0.368888       2.65539e-017
0.948901       0.315575       3.78366e-017
0.875272       0.239747       0.435993
0.817701       0.166591       0.558488
0.699032       0.130458       0.705503
0.494588       0.0190803       0.952118
4.19799e-017       1.51448e-016       2.56659
0.000431328       1       4.52118e-017
0.315416       0.948961       4.85522e-017
0.554378       0.832265       3.77121e-017
0.801595       0.597869       6.29364e-019
0.821272       0.43268       0.445969
0.767105       0.328538       0.558488
0.6818       0.243253       0.691716
0.566418       0.168859       0.888277
0.232772       0.0664686       1.00859
8.0878e-017       1.3475e-016       2.56659
0.000321436       1       4.18832e-017
0.242507       0.97015       6.8483e-022
0.446296       0.894914       9.24225e-022
0.599863       0.801733       4.15867e-017
0.637906       0.591987       0.514197
0.550038       0.494093       0.673777
0.582252       0.306755       0.787285
0.387528       0.247569       0.911737
0.216887       0.0486184       0.98989
3.62194e-020       1.57159e-016       2.56659
0.000259656       1       1.49228e-017
0.194667       0.978218       0.112213
0.369121       0.929381       5.73512e-022
0.447221       0.78428       0.444109
0.477407       0.634294       0.627514
0.470566       0.461835       0.788746
0.371282       0.308645       0.911476
0.197821       0.114431       0.994206
0.000215886       1       4.21027e-017
0.162535       0.986703       2.06986e-017
0.200393       0.936127       0.374474
0.347327       0.750859       0.565758
0.327356       0.586873       0.774986
0.326078       0.312807       0.982132
0.150973       0.0647756       1.14691
0.000184121       1       1.56293e-017
0.130718       0.991582       2.53067e-022
0.171145       0.898523       0.436627
0.29475       0.665067       0.689556
0.000482591       0.453362       0.917302
0.164635       0.0154098       1.15439
3.43626e-018       1.57121e-016       2.56659
0.000162452       1       6.51038e-018
0.0654455       0.981686       0.224218
0.197884       0.830511       0.538925
0.186289       0.553836       0.826467
0.139412       0.0947815       1.06348
0.000144155       1       8.27815e-018
0.0469874       0.955281       0.31104
0.148926       0.703554       0.695951
0.076382       0.349197       0.999124
5.47433e-017       1.47316e-016       2.56659
0.00012941       1       1.03648e-022
0.048559       0.92634       0.402643
0.0013255       0.467199       0.945301
1.50118e-017       1.5644e-016       2.56659
0.000115437       1       5.99588e-018
1.37252e-005       0.712748       0.704196
0.000105641       1       5.11774e-023
8.1086e-017       1.34625e-016       2.56659
