2.01533       1.20254e-005
1.03362       0.00814607
1.01312       0.024477
1.01037       0.0413312
0.995332       0.0507424
0.984211       0.05649
0.969691       0.0671693
0.961603       0.0819347
0.947941       0.0887649
0.933972       0.101545
0.913761       0.122596
0.902673       0.136814
0.899486       0.135649
0.89604       0.150798
0.868919       0.168939
0.865886       0.176256
0.846902       0.187039
0.848324       0.196159
0.837686       0.218813
0.826483       0.238324
0.821662       0.247057
0.804534       0.250086
0.787371       0.2661
0.776635       0.27651
0.773633       0.285074
0.756106       0.299645
0.738551       0.308557
0.735434       0.317863
0.729483       0.330246
0.723487       0.340047
0.702548       0.348951
0.693757       0.356455
0.685011       0.366045
0.675615       0.378424
0.666695       0.391376
0.644551       0.407714
0.641658       0.41805
0.632703       0.426156
0.619557       0.440422
0.610434       0.443804
0.594605       0.46135
0.580661       0.465172
0.571668       0.493077
0.560847       0.50733
0.548118       0.514167
0.539792       0.531916
0.511202       0.537145
0.49906       0.554793
0.490197       0.572629
0.455011       0.600511
0.453056       0.607904
0.436537       0.616202
0.42921       0.63276
0.415164       0.64032
0.400701       0.654076
0.381213       0.665757
0.356974       0.703709
0.340497       0.706611
0.329912       0.721495
0.321116       0.74774
0.297216       0.750806
0.27125       0.769845
0.256032       0.786413
0.243413       0.793161
0.224201       0.815189
0.20397       0.833638
0.195097       0.845254
0.183222       0.852744
0.16772       0.865808
0.156453       0.881097
0.144619       0.89875
0.130194       0.917259
0.112911       0.930185
0.0969652       0.946487
0.0878161       0.96077
0.0820373       0.963922
0.0732803       0.97666
0.0636608       0.981451
0.0405783       1.0066
0.0236201       1.0288
0.00788046       1.04871
7.59454e-005       1.3741
