1       9.31876e-034
0.923518       0.008997
0.634056       0.0164149
0.542354       0.0164352
0.460175       0.0196783
0.434162       0.023122
0.41919       0.0258391
0.408047       0.0282852
0.395742       0.0333979
0.388187       0.0350389
0.383772       0.0434545
0.375181       0.0453056
0.371057       0.0503921
0.369263       0.0527785
0.358372       0.0585386
0.354564       0.0658656
0.353196       0.0699622
0.353082       0.0699396
0.349768       0.0773572
0.352007       0.0743387
0.351492       0.0881756
0.350724       0.112881
0.346548       0.12402
0.345851       0.126172
0.341474       0.131392
0.345316       0.134969
0.344761       0.144541
0.342862       0.154527
0.337458       0.161776
0.338525       0.166459
0.337822       0.179974
0.337369       0.178413
0.337838       0.178282
0.337326       0.209721
0.337129       0.178287
0.334787       0.188856
0.333609       0.25908
0.336528       0.299497
0.333579       0.30454
0.332916       0.32487
0.331427       0.327175
0.331881       0.345612
0.330864       0.356626
0.329867       0.374419
0.328887       0.404326
0.327731       0.424346
0.325116       0.435772
0.322674       0.475079
0.320815       0.487316
0.319693       0.49758
0.317431       0.528638
0.314744       0.550856
0.31171       0.568945
0.308565       0.591125
0.305208       0.608667
0.303528       0.620774
0.297701       0.652401
0.293407       0.675172
0.288922       0.68934
0.282245       0.713245
0.276025       0.737092
0.270077       0.758452
0.26339       0.779744
0.25549       0.80024
0.247748       0.820583
0.238541       0.842346
0.230542       0.857272
0.221003       0.874246
0.211321       0.889843
0.199802       0.906518
0.189498       0.918827
0.178527       0.930969
0.167635       0.942532
0.155051       0.951607
0.144141       0.959149
0.131993       0.966535
0.121452       0.971833
0.108894       0.977383
0.0963859       0.981997
0.0865951       0.985072
0.0750741       0.988163
0.0637808       0.990763
0.0511679       0.993385
0.0416334       0.994691
0.0310397       0.996225
0.0205655       0.997583
0.0093719       0.998921
1.59474e-010       1
