0.961394       0.0476056
0.949952       0.0514671
0.969747       0.0482484
0.951374       0.0559871
0.962845       0.0583529
0.941172       0.066722
0.92205       0.0794197
0.902252       0.0907397
0.904515       0.105299
0.888174       0.122691
0.87463       0.146446
0.870414       0.148249
0.841958       0.164238
0.81486       0.171926
0.81486       0.188619
0.790696       0.193873
0.790696       0.208789
0.771753       0.223935
0.748955       0.230479
0.738801       0.247674
0.697917       0.252643
0.680272       0.273334
0.677719       0.277233
0.668896       0.290281
0.668508       0.293691
0.635086       0.305544
0.635086       0.317485
0.627138       0.328007
0.616457       0.338999
0.605822       0.342737
0.584121       0.365961
0.566311       0.368516
0.558733       0.376971
0.533251       0.385835
0.526207       0.401797
0.519995       0.406653
0.510155       0.426136
0.495175       0.429635
0.476567       0.446511
0.476567       0.456097
0.470569       0.464258
0.4573       0.46216
0.447851       0.473027
0.442259       0.484643
0.430982       0.476368
0.406186       0.502378
0.384689       0.513474
0.371393       0.528279
0.365016       0.532172
0.353658       0.543221
0.345689       0.552731
0.329545       0.568893
0.311489       0.583068
0.303259       0.611089
0.295886       0.602684
0.270985       0.640474
0.262227       0.643323
0.238181       0.661358
0.239432       0.671244
0.232983       0.686301
0.225507       0.714277
0.206582       0.717647
0.191476       0.714365
0.175074       0.735899
0.167916       0.742205
0.153366       0.772141
0.147773       0.775355
0.139504       0.779566
0.127729       0.798016
0.116921       0.809556
0.110953       0.814943
0.104102       0.826394
0.0924571       0.841956
0.0856198       0.850825
0.0663004       0.878638
0.0641753       0.878438
0.0558996       0.897972
0.0473994       0.905992
0.0368863       0.927514
0.0256045       0.960976
0.0178731       0.993319
0.00973676       1.00682
5.26516e-006       1.41681
