0.579249       0.576243       6.68131e-006
1.02414       1.50678e-007       7.35756e-007
1.02509       1.41617e-007       7.42825e-007
1.02101       3.54499e-005       8.14581e-005
1.0152       1.56603e-005       0.000164012
1.00722       1.02159e-005       0.000114264
1.00479       6.04404e-006       7.23764e-005
1.01279       1.5623e-005       0.000163621
1.0094       7.75295e-005       0.000811972
0.561513       2.49403e-009       0.579606
2.08874e-020       1       2.01425e-019
0.577236       0.573833       0.00182805
0.772021       0.332169       0.0314848
0.855941       0.24927       0.0932242
0.924776       0.126307       0.0442107
0.907053       0.101534       0.129701
0.907132       0.101543       0.129712
0.882936       0.06161       0.227129
0.926477       0.0243438       0.146829
2.94145e-007       1.86826e-014       1
1.08238e-020       1       7.05834e-023
0.275542       0.881395       0.0358373
0.577268       0.573864       0.00182815
0.657351       0.4535       0.145377
0.666503       0.351613       0.201729
0.661937       0.301244       0.252003
0.721613       0.175677       0.290283
0.701661       0.18704       0.309059
0.720315       0.175688       0.290301
0.561513       2.49403e-009       0.579606
0.397338       0.0421415       0.712631
2.35848e-006       2.417e-012       1
4.44099e-020       1       9.60613e-023
0.270963       0.807881       0.0930002
0.460217       0.686012       0.10122
0.450124       0.534876       0.232664
0.548998       0.393274       0.289301
0.577797       0.320358       0.3267
0.607698       0.293981       0.319052
0.453802       0.0172937       0.674477
0.307742       0.0947949       0.914239
0.0901106       0.917908       0.0836849
0.236042       0.737563       0.204069
0.401338       0.541491       0.27597
0.463664       0.464063       0.333973
0.503655       0.409683       0.310919
0.492746       0.0169024       0.660253
0.3417       0.0767878       0.740572
1.04446e-006       7.84296e-013       1
0.124146       0.877282       0.121362
0.273274       0.696443       0.231692
0.351727       0.589185       0.273276
0.421551       0.504843       0.303186
0.289713       0.110272       0.760663
7.94775e-007       1.15174e-012       1
0.144275       0.853239       0.135961
0.316429       0.635709       0.254254
0.0181325       0.474355       0.657722
0.117299       0.296346       0.751112
3.09509e-006       2.73607e-012       1
5.20838e-021       1       2.76845e-021
0.218959       0.759884       0.190721
7.89683e-008       0.568048       0.568047
0.0907155       0.348004       0.729957
2.90631e-010       1.63e-012       1
2.34621e-006       3.45037e-013       1.00001
2.30467e-020       1       1.54664e-020
0.107347       0.897112       0.105002
0.197543       0.793075       0.171307
1.75965e-006       5.72866e-013       1
0.0946491       0.918218       0.0847053
1.25572e-006       0.568029       0.568029
0.101932       0.298072       0.765448
8.32047e-020       1       1.47721e-019
0.0792549       0.931838       0.0768981
0.06351       0.364341       0.735518
2.34621e-006       2.29876e-013       1.00001
2.11852e-006       3.99082e-013       1.00001
