1.04835       7.76411e-005
0.999093       0.00465338
0.978985       0.0180067
0.956497       0.0280457
0.940726       0.0365013
0.934458       0.0460731
0.926809       0.0503082
0.916924       0.0643022
0.905379       0.0792386
0.903435       0.0883888
0.901907       0.0944214
0.898956       0.104116
0.892141       0.123117
0.8865       0.133321
0.879984       0.142792
0.877473       0.149048
0.874196       0.156818
0.863688       0.190864
0.860556       0.20084
0.84658       0.213611
0.832222       0.223374
0.812261       0.230756
0.795537       0.236657
0.786794       0.253403
0.759933       0.256425
0.741692       0.262044
0.714742       0.269459
0.706254       0.278185
0.693768       0.285484
0.678579       0.293898
0.671419       0.308157
0.667054       0.318035
0.652857       0.319909
0.646486       0.349084
0.638739       0.358486
0.633957       0.369191
0.629528       0.39138
0.625531       0.406534
0.61812       0.421587
0.616908       0.435405
0.605974       0.44282
0.594539       0.458375
0.585597       0.470837
0.56825       0.481479
0.558646       0.487145
0.550704       0.498267
0.52861       0.503375
0.511015       0.503783
0.48888       0.511159
0.477574       0.518715
0.474438       0.520689
0.457871       0.52784
0.440132       0.536715
0.433132       0.540431
0.423345       0.550948
0.414949       0.564522
0.40276       0.577455
0.397225       0.586707
0.393616       0.605116
0.386206       0.627962
0.378879       0.63552
0.378228       0.646726
0.361971       0.672761
0.355606       0.68781
0.353233       0.704176
0.340287       0.715049
0.333923       0.734106
0.317535       0.73823
0.310237       0.746369
0.281637       0.751274
0.256835       0.757776
0.243223       0.763023
0.232116       0.773616
0.214602       0.775607
0.211649       0.783823
0.195548       0.788541
0.187102       0.794144
0.177254       0.800049
0.166851       0.809854
0.159253       0.824811
0.145755       0.832408
0.1402       0.850904
0.132071       0.872197
0.124445       0.90764
0.113891       0.932427
0.105181       0.943654
0.0937298       0.963535
0.0822629       0.980255
0.0746361       0.992592
0.0612372       0.996517
0.0464087       1.01135
0.0273239       1.01211
0.0297854       1.01316
0.00829827       1.01548
2.43376e-006       1.03069
