0.953912       0.089089
0.907764       0.0735468
0.944997       0.0844295
0.920709       0.107623
0.986795       0.0785931
0.945237       0.111412
0.986795       0.0889572
0.930109       0.0789073
0.886994       0.0748652
0.886556       0.124245
0.811199       0.115992
0.82015       0.120059
0.773748       0.150007
0.754128       0.157881
0.737718       0.166324
0.735403       0.168119
0.704526       0.191971
0.643304       0.22302
0.684896       0.232405
0.639964       0.234706
0.635194       0.242601
0.615273       0.25295
0.58999       0.258024
0.580501       0.263874
0.569547       0.2669
0.54666       0.278493
0.543622       0.285844
0.527428       0.287064
0.502736       0.307551
0.49204       0.323748
0.486563       0.321553
0.477519       0.338315
0.459218       0.345771
0.445853       0.356295
0.4383       0.363316
0.431011       0.370013
0.409416       0.388181
0.409416       0.393298
0.370102       0.415471
0.381323       0.413864
0.374817       0.428301
0.339721       0.436966
0.339721       0.441542
0.328758       0.441635
0.323763       0.448401
0.319298       0.463065
0.307804       0.472519
0.285162       0.479837
0.279337       0.489656
0.272276       0.507014
0.259353       0.524329
0.251217       0.528819
0.24342       0.536015
0.233307       0.538097
0.227891       0.5492
0.214075       0.556792
0.213407       0.570264
0.205111       0.574822
0.195062       0.588654
0.18473       0.586279
0.181025       0.595093
0.166197       0.605257
0.154552       0.622182
0.151411       0.636134
0.140994       0.639359
0.13436       0.650389
0.124915       0.666909
0.119701       0.681908
0.113158       0.69947
0.104992       0.71258
0.0987476       0.71485
0.0798751       0.730868
0.0757602       0.749883
0.0666892       0.766496
0.0553861       0.786494
0.0480567       0.797035
0.0418723       0.813495
0.0287065       0.866057
0.0253474       0.88027
0.0181592       0.926536
0.00866985       0.950977
2.58298e-005       1.06203
