0.989155       0.0330276
0.963547       0.0334789
0.947229       0.0439725
0.947229       0.0472016
0.929687       0.0602902
0.929687       0.076081
0.868886       0.0860126
0.854556       0.0971547
0.851018       0.103431
0.852206       0.107618
0.803398       0.124267
0.793578       0.131326
0.773981       0.143831
0.753266       0.145551
0.746191       0.155125
0.728386       0.167293
0.712542       0.170911
0.706931       0.18159
0.700426       0.187696
0.697458       0.199377
0.670144       0.204364
0.639632       0.213683
0.618888       0.228496
0.60281       0.240456
0.605878       0.252588
0.587822       0.256851
0.567336       0.263905
0.56273       0.259221
0.546228       0.277452
0.556908       0.282382
0.537274       0.307128
0.496426       0.305783
0.509937       0.310512
0.491781       0.328941
0.478173       0.332991
0.462778       0.347246
0.467968       0.358643
0.438793       0.366323
0.419078       0.387214
0.416175       0.376625
0.404577       0.397397
0.404562       0.403072
0.361162       0.411626
0.376706       0.4361
0.35764       0.429202
0.359341       0.446938
0.336316       0.441987
0.342476       0.465321
0.313291       0.470733
0.316848       0.475032
0.309803       0.489925
0.293995       0.492602
0.292451       0.493551
0.287384       0.505643
0.261071       0.516467
0.260565       0.522042
0.243943       0.531626
0.240654       0.534876
0.225374       0.538479
0.207753       0.566598
0.207112       0.57748
0.189993       0.582203
0.18543       0.586671
0.183416       0.591194
0.172968       0.60328
0.164055       0.616041
0.164055       0.627657
0.152071       0.630194
0.128918       0.668196
0.125322       0.677267
0.116       0.696807
0.110278       0.696916
0.0913474       0.705902
0.0913474       0.716048
0.0835401       0.734456
0.0742259       0.745859
0.0725621       0.74742
0.0606836       0.772061
0.0528833       0.790649
0.0494061       0.800858
0.0388853       0.824016
0.0318863       0.840248
0.0248873       0.863913
0.0179329       0.904097
0.00483139       0.947976
1.77402e-006       1.6712
