0.515219       0.736095       1.99749e-005
0.934839       0.216933       0.00370125
0.954474       0.193603       0.0362432
0.775602       0.154361       0.0462062
1.01687       0.155718       0.0691713
0.947463       0.146303       0.0818881
0.883676       0.0799131       0.105058
0.885266       0.0786077       0.105105
0.85078       0.0682916       0.111966
0.816052       0.0613727       0.143427
0.80992       0.00757274       0.161966
1.01252       0.0326668       0.191502
0.730303       6.73143e-006       0.468355
0.344455       1.18808       0.00484466
0.747217       0.34212       0.00583716
0.800371       0.233417       0.0418897
0.839133       0.190036       0.0370341
0.862584       0.156291       0.047508
0.918064       0.132188       0.0985876
0.781051       0.065226       0.117909
0.821966       0.0596557       0.149798
0.720647       0.0292064       0.208996
0.681553       0.0405692       0.409732
0.329691       4.88037e-006       1.13692
0.568476       0.600753       0.0075134
0.710399       0.38948       0.0681515
0.737782       0.19699       0.0586486
0.743297       0.154821       0.145183
0.747929       0.125972       0.154109
0.457614       0.0295911       0.460209
0.342018       1.10194       0.01162
0.442875       0.621456       0.0563191
0.561296       0.43702       0.101194
0.489338       0.379563       0.156686
0.715262       0.326529       0.220997
0.667199       0.262423       0.254372
0.647666       0.201975       0.305567
0.669618       0.171109       0.322132
0.395536       0.0370658       0.53384
0.308632       1.06589e-005       1.06409
0.315682       1.08891       0.00220331
0.43883       0.629264       0.0749154
0.505974       0.445931       0.106996
0.531636       0.282398       0.273734
0.495301       0.239212       0.286831
0.476758       0.188111       0.324943
0.436896       0.0917312       0.475635
0.383748       0.0260122       0.537168
0.312407       0.000615312       1.05841
0.416471       0.59287       0.099277
0.437959       0.434912       0.150451
0.47098       0.36888       0.195267
0.458263       0.197993       0.28701
0.310095       1.06962       0.00246553
0.393451       0.522996       0.11457
0.399956       0.433867       0.162426
0.420686       0.226919       0.313037
0.38563       0.123273       0.519975
0.372475       2.4224e-005       0.599712
0.297354       0.00579767       0.950294
0.305798       1.05352       0.0350864
0.286863       0.764358       0.168595
0.416589       0.401979       0.164303
0.372533       0.211613       0.451877
0.362956       1.56567e-005       0.630477
0.297394       1.02421       0.0399759
0.281467       0.734018       0.168019
0.361249       0.00388587       0.768924
0.340264       0.655195       0.215866
0.356442       0.467205       0.472332
0.270465       0.225944       0.771871
0.2992       0.00215733       0.984267
0.295952       1.0189       0.0444657
0.283548       0.652631       0.308999
0.268802       0.312091       0.565221
0.293251       0.0258792       0.885267
0.292226       1.005       0.0555936
0.279933       0.384962       0.495558
0.266076       0.609224       0.355562
