0.986811       0.0565824
0.96887       0.05804
0.979336       0.0746343
0.979336       0.0577703
0.915936       0.0777529
0.866401       0.0903335
0.82873       0.0964124
0.820943       0.101216
0.818304       0.10468
0.806614       0.114286
0.784159       0.128393
0.779011       0.130751
0.778737       0.143603
0.747376       0.15519
0.742228       0.15837
0.731801       0.183451
0.692403       0.19367
0.705444       0.195868
0.679087       0.209827
0.685923       0.214838
0.651727       0.236488
0.645788       0.244514
0.632028       0.243411
0.609437       0.261574
0.585621       0.2739
0.572565       0.287936
0.558883       0.29207
0.548613       0.300087
0.528715       0.311831
0.516832       0.328723
0.494047       0.329625
0.493017       0.334605
0.489103       0.337108
0.485189       0.360074
0.484117       0.362764
0.480443       0.384698
0.46838       0.397181
0.443719       0.393182
0.443719       0.413305
0.424072       0.418488
0.411742       0.432488
0.410799       0.421754
0.362075       0.469891
0.376553       0.480206
0.347597       0.478375
0.325312       0.483918
0.339262       0.493898
0.310286       0.505326
0.297388       0.530853
0.28855       0.525702
0.25774       0.629929
0.289645       0.535854
0.248814       0.637489
0.276847       0.685508
0.232915       0.746051
0.215563       0.815293
0.205075       0.807337
0.170161       0.81804
0.180129       0.821456
0.159884       0.832658
0.156795       0.867284
0.159884       0.885488
0.136899       0.978545
0.0698778       1.00382
0.0583857       1.03328
0.108733       1.07144
0.0699571       0.983277
0.0583857       1.05853
0.0426523       1.12605
0.00130997       1.22178
0.00121892       1.24902
0.00205192       1.22602
0.000135923       1.86005
