0.999945       0.0202915
0.999945       0.0228724
0.990651       0.0346846
0.986747       0.0357914
0.9767       0.0534326
0.970728       0.0669411
0.960803       0.0836694
0.955547       0.0928867
0.948858       0.104864
0.94174       0.118766
0.939247       0.122616
0.934123       0.135537
0.924812       0.152662
0.920462       0.166997
0.912034       0.173316
0.906474       0.186291
0.899257       0.198577
0.890449       0.215302
0.886322       0.228554
0.872446       0.250372
0.867478       0.262813
0.864175       0.276681
0.849818       0.282905
0.83719       0.307739
0.831506       0.326835
0.820716       0.334848
0.808832       0.352837
0.802226       0.363427
0.789653       0.378548
0.787446       0.392109
0.77591       0.406788
0.766296       0.417528
0.762442       0.430684
0.752117       0.440554
0.74178       0.457498
0.732599       0.470521
0.722882       0.483785
0.71364       0.496106
0.702124       0.508858
0.692691       0.524495
0.681138       0.538639
0.672476       0.549845
0.660298       0.5657
0.653042       0.579249
0.642055       0.595086
0.631275       0.604969
0.618325       0.621727
0.606579       0.633352
0.594149       0.650815
0.584841       0.66241
0.573457       0.675133
0.559946       0.687211
0.548788       0.701629
0.532214       0.716324
0.525845       0.726005
0.513842       0.737111
0.500436       0.75087
0.484547       0.767274
0.474888       0.779181
0.464171       0.793418
0.449681       0.798386
0.434638       0.821535
0.418997       0.824995
0.408719       0.838916
0.395151       0.850475
0.380426       0.861513
0.370594       0.871981
0.356963       0.880763
0.340599       0.884272
0.327268       0.894343
0.316627       0.903636
0.294634       0.917628
0.289962       0.921987
0.274111       0.925995
0.257241       0.935084
0.24645       0.945045
0.233343       0.947464
0.221118       0.957874
0.198655       0.962265
0.19722       0.966279
0.170291       0.972824
0.154476       0.980288
0.138764       0.985027
0.132099       0.98783
0.111551       0.988748
0.106182       0.990135
0.0956946       0.99175
0.0782536       0.995418
0.0725962       0.996082
0.0619834       0.997736
0.0465835       0.998814
0.0336413       1.003
0.0282723       1.00361
0.0162048       1.00405
0.000626015       1.00454
1.45536e-005       1.05379
