1       2.51672e-046
0.899184       0.00889007
0.679408       0.0143318
0.520839       0.0162664
0.464118       0.0194378
0.429709       0.0229542
0.409394       0.0267855
0.398183       0.030016
0.387294       0.0336708
0.377466       0.0377249
0.371075       0.0416034
0.367031       0.0444667
0.362476       0.0493861
0.358246       0.0537714
0.355514       0.0583241
0.352024       0.0622891
0.350254       0.0660861
0.347868       0.0715344
0.345933       0.076607
0.344077       0.0817245
0.343531       0.0843827
0.342323       0.0919528
0.340675       0.096488
0.340315       0.0995931
0.339106       0.106587
0.338228       0.112879
0.337689       0.117327
0.336977       0.12531
0.3364       0.132372
0.336088       0.136777
0.335658       0.145759
0.33525       0.15109
0.334924       0.158282
0.334628       0.16573
0.334355       0.173064
0.334059       0.18209
0.333903       0.190498
0.333687       0.198373
0.333408       0.207736
0.333221       0.213921
0.333022       0.22287
0.332784       0.233064
0.332549       0.243592
0.332244       0.254959
0.33198       0.263005
0.331684       0.274036
0.331453       0.285442
0.33116       0.290313
0.330549       0.309134
0.330082       0.322173
0.329429       0.335933
0.328938       0.346932
0.328164       0.362921
0.327765       0.377443
0.326664       0.390789
0.325632       0.406537
0.324349       0.422613
0.323221       0.437257
0.32192       0.454074
0.320376       0.470614
0.318707       0.489857
0.316535       0.507821
0.315274       0.520645
0.311978       0.546414
0.309965       0.565171
0.306773       0.584016
0.303437       0.606224
0.299627       0.627682
0.295465       0.65041
0.291842       0.669339
0.28708       0.691086
0.281472       0.714082
0.275785       0.736519
0.270494       0.755416
0.263686       0.777725
0.255167       0.79965
0.247454       0.820138
0.239444       0.838287
0.2312       0.854874
0.221293       0.874123
0.211389       0.89137
0.200959       0.904835
0.189945       0.919277
0.179389       0.929737
0.168905       0.939923
0.156433       0.952312
0.144802       0.959115
0.132863       0.966056
0.121175       0.972493
0.106437       0.978493
0.0978113       0.981569
0.0860561       0.985248
0.0746151       0.988275
0.0638499       0.99071
0.052638       0.992873
0.0412041       0.994995
0.0309654       0.996236
0.0204612       0.997596
0.0101129       0.998837
9.645e-005       0.999993
