1.20128       0.0243205
1.1986       0.0242663
1.20078       0.0497643
1.19813       0.0400117
1.19191       0.0828328
1.18362       0.0950826
1.18238       0.111196
1.17748       0.131416
1.17332       0.145878
1.16997       0.15929
1.16838       0.168359
1.15834       0.188513
1.15586       0.201415
1.15042       0.217975
1.14584       0.232162
1.13559       0.252266
1.1321       0.262232
1.12401       0.284515
1.11824       0.295893
1.11394       0.301875
1.10019       0.333904
1.09677       0.350473
1.08576       0.364016
1.08335       0.373469
1.0682       0.401549
1.06408       0.409937
1.05008       0.435235
1.04264       0.450913
1.03243       0.469663
1.02584       0.481391
1.01143       0.505554
1.00074       0.524653
0.990599       0.540762
0.979507       0.558473
0.972829       0.568959
