1.71733       0.820545       0.446289
1.71813       0.820838       0.446394
1.71817       0.82081       0.446379
1.71827       0.820769       0.446379
1.71877       0.820989       0.446357
1.72148       0.798978       0.488133
1.72319       0.710871       0.610618
1.73333       0.619783       0.71017
1.73412       0.486018       0.807925
1.72718       0.448612       0.824993
1.72788       0.44873       0.825362
1.72713       0.448535       0.825006
1.72675       0.448436       0.824824
1.72643       0.448385       0.824654
1.71772       0.82045       0.446223
1.71812       0.820833       0.446391
1.71845       0.820838       0.446347
1.71717       0.766416       0.533842
1.732       0.666367       0.666288
1.74989       0.54571       0.779362
1.72759       0.448654       0.825223
1.72782       0.448715       0.825334
1.71772       0.820714       0.446443
1.71926       0.821334       0.446667
1.71877       0.820951       0.446426
1.70545       0.848913       0.461766
1.73052       0.72344       0.602665
1.72222       0.588553       0.728431
1.7174       0.457633       0.830016
1.72666       0.448411       0.82478
1.66628       0.90773       0.493897
1.61334       0.994313       0.540851
1.54659       1.06166       0.577578
1.47339       1.15501       0.62795
1.49956       1.1073       0.678008
1.5367       0.926673       0.939952
1.49835       0.704084       1.04525
1.47004       0.624948       1.14851
1.5544       0.5795       1.06519
1.60658       0.539381       0.991599
1.66575       0.493653       0.907776
1.4324       1.16941       0.651268
1.36172       1.22597       0.682543
1.26665       1.3115       0.713368
1.12431       1.40371       0.763816
1.2239       1.1903       0.972115
1.21517       0.973131       1.18487
1.14198       0.7578       1.39384
1.25868       0.717366       1.3187
1.36995       0.670276       1.23153
1.44001       0.631552       1.16158
1.18395       1.366       0.742906
1.08135       1.43074       0.778231
0.955319       1.49543       0.813076
0.931912       1.49025       0.846951
0.931912       1.22192       1.20211
0.931912       0.916747       1.44836
0.972796       0.808505       1.48709
1.0738       0.781591       1.4372
1.16627       0.750168       1.37774
0.946664       1.50075       0.815914
0.931912       1.47919       0.866121
0.931912       1.09151       1.32166
0.931912       0.888199       1.46604
0.931912       0.821989       1.50416
0.953534       0.816943       1.49442
0.931912       1.43187       0.942289
0.931912       1.35245       1.05311
0.931912       1.1932       1.23062
0.931912       0.822417       1.50393
0.931912       1.29708       1.12061
0.931912       1.07536       1.33483
0.931912       0.956411       1.42248
0.931912       1.00031       1.39196
0.931912       0.900001       1.45882
0.931912       0.950627       1.42635
