0.994723       7.22247e-005
0.808709       0.0082201
0.519674       0.0108237
0.446957       0.014147
0.418509       0.0171794
0.405654       0.0192568
0.386372       0.0240723
0.375185       0.0282242
0.368067       0.0320379
0.363359       0.0352672
0.357961       0.0399579
0.354571       0.043726
0.351522       0.0478989
0.348789       0.0525864
0.346807       0.0566442
0.344987       0.0610262
0.343393       0.0661513
0.341982       0.0708797
0.341002       0.0751425
0.339982       0.0796314
0.339175       0.0843031
0.338423       0.0893947
0.337586       0.0957415
0.337154       0.100544
0.336756       0.103745
0.336045       0.113324
0.335729       0.117708
0.335463       0.12178
0.335081       0.131799
0.3346       0.138525
0.334546       0.141501
0.334108       0.15184
0.333992       0.155917
0.333733       0.16414
0.333508       0.171955
0.3333       0.18072
0.333068       0.189158
0.332844       0.198546
0.33267       0.205276
0.33243       0.214326
0.3322       0.223574
0.331886       0.233607
0.331575       0.243858
0.331321       0.252108
0.331053       0.259664
0.330571       0.273103
0.330074       0.286057
0.32959       0.297371
0.329038       0.309304
0.328524       0.319453
0.328057       0.32954
0.327013       0.347056
0.326468       0.356096
0.325432       0.371707
0.324483       0.387122
0.323152       0.403353
0.321911       0.418378
0.320771       0.431753
0.319135       0.452046
0.317954       0.465659
0.316022       0.481548
0.313619       0.501844
0.31158       0.521452
0.308973       0.540844
0.306311       0.557023
0.303095       0.578406
0.299804       0.599683
0.296137       0.619223
0.291923       0.641427
0.288168       0.660503
0.284021       0.679688
0.279958       0.704938
0.272984       0.724341
0.26706       0.745862
0.259116       0.770969
0.253221       0.788024
0.243855       0.813085
0.235947       0.832261
0.227923       0.848876
0.219225       0.865693
0.207637       0.885411
0.198094       0.899584
0.188866       0.912006
0.178431       0.924426
0.166205       0.937089
0.155863       0.946199
0.144622       0.954703
0.132692       0.962658
0.12127       0.969189
0.109011       0.975113
0.0973356       0.979881
0.0850783       0.984091
0.0750169       0.98702
0.0601035       0.990636
0.0516257       0.992367
0.0416652       0.994163
0.031113       0.99584
0.0202664       0.997387
0.0101802       0.998716
7.93034e-006       0.999999
