16.0265       9.77103e-006
10.9096       0.108764
11.9651       0.210606
10.413       0.499564
10.3147       0.613214
7.73008       0.719969
8.4662       0.438392
5.83777       0.875253
5.15743       0.891515
3.4214       0.850421
3.99229       0.91934
3.66478       0.864526
3.1455       0.94736
3.14301       0.845728
2.64232       1.02392
2.78302       0.924403
2.21843       0.963774
2.49158       0.965466
2.28408       0.97982
2.47707       1.09637
1.8195       1.01629
2.37194       1.16909
1.42727       1.17134
1.56324       1.11003
1.47729       0.970397
1.42741       1.08184
1.58931       1.17942
1.47293       1.22871
1.44741       1.28199
1.50623       1.1093
1.11137       1.30798
1.52745       1.34212
1.18693       1.2066
1.19469       1.34596
1.18539       1.24227
1.16854       1.39895
1.0449       1.27274
1.17275       1.49698
1.02223       1.52971
1.07779       1.17713
1.01599       1.50798
0.910473       1.5332
0.920749       1.6544
1.0085       1.44728
1.0026       1.60304
1.02181       2.04485
0.951447       1.75887
0.938445       1.49174
1.03139       1.94299
0.767966       2.66268
0.823832       2.7559
0.832929       3.2226
0.814924       2.7832
0.799497       3.60726
0.813831       3.69625
0.80909       3.13037
0.859611       4.9027
0.000126184       10.7953
0.0151155       8.6786
0.00786836       9.71854
0.0235351       15.1137
0.000802977       16.1622
