9.07247       4.19731e-006
8.14397       0.0491357
8.08092       0.14899
7.74631       0.228035
7.66025       0.305832
7.6353       0.376578
7.47328       0.453071
7.36841       0.545761
7.32445       0.591065
7.33148       0.601169
7.35363       0.798918
7.34344       0.611031
0.000435341       1.10065
0.00017382       1.02977
0.000234771       1.10911
0.000467754       1.1053
0.000964269       1.10532
0.000596879       1.08586
1.13536e-006       1.05573
0.000617947       1.06261
0.00058339       1.06132
3.39385e-007       1.04546
0.000114886       1.07133
0.000499306       1.06162
0.000171311       1.06094
0.00018536       1.0595
0.000417443       1.06774
6.78495e-007       1.06174
1.01509e-005       1.06042
0.000615564       1.05249
1.49723e-005       1.04113
2.16977e-005       1.048
3.32873e-005       1.06731
8.66537e-005       1.02796
0.000493968       1.06756
0.000309403       1.06289
0.00142067       1.06245
0.00135768       1.0621
0.000112559       1.02939
0.000520526       1.02783
0.000833082       1.04638
0.000303128       1.05996
0.000351604       1.04695
2.19393e-006       1.04891
1.59725e-005       1.0429
7.84277e-007       1.04448
5.38283e-006       1.03776
2.1892e-005       1.04481
3.14568e-005       1.03892
2.27589e-005       1.02962
1.67554e-006       1.0344
0.00163044       1.07838
5.02865e-006       1.03319
4.02729e-006       1.0401
7.26431e-007       1.04352
4.98541e-005       1.02398
2.96542e-005       1.03508
2.3076e-005       1.04396
5.87076e-005       1.02636
1.09631e-006       1.04032
1.16994e-006       1.04162
5.23319e-005       1.03596
4.92935e-007       1.04076
7.40682e-008       1.04665
5.18637e-006       1.04487
9.16293e-006       1.04902
2.22726e-005       1.04169
2.50713e-005       1.04675
8.09827e-006       1.04848
2.01525e-006       1.05783
