0.998285       0.0273132
0.99943       0.0322207
0.97576       0.041287
0.94377       0.051235
0.933979       0.0553311
0.927777       0.064032
0.889641       0.0775673
0.862775       0.0858936
0.850826       0.107363
0.829184       0.115347
0.813752       0.117105
0.785369       0.132195
0.765281       0.138754
0.760935       0.143218
0.745193       0.153844
0.727822       0.164049
0.709882       0.175703
0.705018       0.189465
0.691583       0.19597
0.678212       0.201338
0.678212       0.208647
0.656298       0.223819
0.64893       0.225839
0.628569       0.235234
0.608626       0.237229
0.59624       0.250747
0.592295       0.256194
0.557367       0.26893
0.552265       0.278401
0.538433       0.287176
0.532163       0.310032
0.514396       0.323214
0.504969       0.327624
0.501826       0.336305
0.473994       0.330403
0.462136       0.347302
0.457632       0.369854
0.444818       0.382444
0.423401       0.402251
0.423401       0.402167
0.408158       0.417207
0.397014       0.423259
0.374033       0.447144
0.374033       0.447705
0.364235       0.472974
0.3454       0.456938
0.29285       0.496875
0.323056       0.509335
0.306126       0.500652
0.286282       0.509411
0.278731       0.526015
0.26799       0.554458
0.252456       0.553093
0.233351       0.583244
0.239584       0.565841
0.225198       0.589776
0.212291       0.608179
0.213824       0.590663
0.200173       0.615257
0.191231       0.646289
0.188056       0.641786
0.164295       0.661037
0.181608       0.69934
0.170575       0.745847
0.16227       0.773125
0.14938       0.78438
0.0861903       0.812521
0.124099       0.815995
0.0861903       0.822945
0.0572395       0.849399
0.0591972       0.853194
0.0282141       0.939242
0.0699598       0.860871
0.0177911       0.959783
0.0282141       0.944339
0.0282887       0.960694
0.00436432       1.04458
1.21797e-006       1.15253
