0.707107       0.707107       0
1       5.96806e-006       0
1       6.62839e-006       0
1       7.30083e-006       0
6.01588e-006       1       2.59654e-018
0.896035       0.443983       0
0.94864       0.316359       0
0.97021       0.242265       8.63125e-017
0.980682       0.195607       8.50142e-017
0.986682       0.162663       3.30235e-017
0.982256       0.0816095       0.183363
0.984444       0.100698       0.176627
0.949391       0.035742       0.318391
0.93636       0.0156707       0.36093
0.709456       0.0544361       0.703794
8.1747e-018       6.30536e-017       1.03836
0.445229       0.895417       0
0.83212       0.554595       1.56561e-016
0.89556       0.44579       0
0.931788       0.363003       0
0.923039       0.154623       0.360702
0.922153       0.137509       0.455111
0.81479       0.201462       0.559386
0.701549       0.143042       0.705505
0.474396       0.00993574       0.972247
2.16464e-017       5.85163e-017       1.01893
0.316411       0.948622       1.06281e-015
0.554351       0.832283       1.54015e-016
0.784024       0.524885       0.379555
0.796072       0.496668       0.411755
0.763807       0.385814       0.58224
0.681414       0.28193       0.67886
0.540769       0.127223       0.835586
3.93256e-017       4.93639e-017       1.03072
0.241279       0.970456       9.3896e-016
0.437264       0.897049       0.193205
0.599686       0.800235       1.49179e-016
0.669271       0.652024       0.4561
0.650868       0.517437       0.584588
0.541527       0.347172       0.779047
0.44402       0.25659       0.885713
2.03812e-017       5.95084e-017       1.02726
2.30772e-017       5.80053e-017       1.01952
0.194589       0.980885       2.00504e-015
0.371817       0.928306       1.91843e-018
0.43182       0.796502       0.445123
0.52783       0.567262       0.648183
0.463777       0.442968       0.776718
0.359843       0.217285       0.928571
0.108144       0.0992428       1.02582
3.57182e-017       5.2292e-017       1.0342
0.160295       0.987069       2.59654e-018
0.299681       0.901048       0.344589
0.39722       0.812427       0.520632
0.302327       0.56515       0.767641
0.248941       0.358838       0.902936
0.0847827       0.154135       1.02604
0.0792614       0.988001       0.174282
0.248802       0.916402       0.344589
0.242804       0.707709       0.6864
0.234365       0.435802       0.891524
0.104691       0.982914       0.229702
0.179935       0.860695       0.521715
0.149301       0.514221       0.849694
0.104344       0.242315       1.01898
2.94392e-017       5.536e-017       1.02398
0.162103       0.723278       0.679996
0.0836857       0.340024       1.01877
0.0675546       0.98887       0.174282
0.061798       0.460173       0.911171
8.17466e-018       6.30536e-017       1.03836
0.0522532       0.735903       0.704958
1.33991e-017       6.2636e-017       1.04607
1.34417e-017       6.28352e-017       1.04939
