3.81705e-001	1.66121e-001	
3.30845e-001	1.80693e-001	
1.84745e+000	8.51422e-002	
2.79134e+000	5.25832e-010	
3.60129e-001	1.68738e-001	
2.22095e+000	2.10970e-003	
1.14653e+000	9.30782e-002	
5.89125e-004	2.13500e+000	
2.11340e+000	5.77891e-002	
2.09476e-001	2.38927e-001	
1.51655e-001	2.57384e-001	
9.32685e-002	1.62975e+000	
2.12146e-001	2.04547e-001	
1.07437e-001	1.57196e+000	
1.19969e-001	3.05799e-001	
2.10183e-001	3.38268e-001	
2.23384e-001	3.33749e-001	
2.23378e+000	1.74406e-002	
1.32928e-001	3.65938e-001	
3.24948e-001	2.16987e-001	
3.54421e-001	1.93569e-001	
2.45384e-001	2.36595e-001	
2.36344e-001	2.69573e-001	
3.94165e-001	1.71544e-001	
6.08170e-004	2.20402e+000	
1.82350e-001	3.59562e-001	
2.36946e+000	2.08216e-003	
2.27449e+000	3.50195e-003	
1.09634e-001	1.57502e+000	
2.06599e+000	1.67973e-001	
2.32653e-001	3.47598e-001	
2.52423e-001	2.80275e-001	
1.30222e-001	1.60397e+000	
1.18352e-001	1.73166e+000	
2.10356e-001	3.59054e-001	
3.09204e-001	2.61347e-001	
2.50594e+000	1.18931e-003	
2.09322e+000	1.70186e-001	
2.25494e+000	2.31622e-002	
3.90040e-001	2.13023e-001	
6.08217e-004	2.20419e+000	
2.23525e+000	4.28358e-002	
1.33301e-001	4.37595e-001	
3.94059e-001	1.92626e-001	
1.53641e-001	5.73829e-001	
1.19408e-001	1.74711e+000	
6.09013e-004	2.20707e+000	
4.30854e-001	1.96692e-001	
1.66697e-001	5.24979e-001	
2.29108e-001	4.83378e-001	
3.62887e-001	2.63744e-001	
2.58414e-001	2.94746e-001	
3.30454e-001	2.79536e-001	
2.09660e+000	1.70461e-001	
2.51792e+000	1.19500e-003	
1.34154e-001	7.80468e-001	
2.27697e+000	2.33885e-002	
2.30496e-001	3.80929e-001	
2.65331e+000	2.52040e-003	
2.31898e-001	3.95823e-001	
1.68440e-001	5.60967e-001	
1.00548e-003	2.40549e+000	
1.63468e-001	6.08053e-001	
4.70464e-001	2.71904e-001	
1.35256e-001	1.97899e+000	
4.99326e-001	2.34137e-001	
2.90640e-001	3.22709e-001	
2.62943e-001	3.24444e-001	
3.63488e-001	3.07480e-001	
4.73029e-001	2.39954e-001	
6.25028e-001	2.17870e-001	
2.80844e+000	1.30009e-003	
2.57968e+000	4.47110e-003	
2.09836e+000	1.70604e-001	
2.91693e-001	3.36501e-001	
1.64450e-001	6.14201e-001	
2.33849e-001	3.96880e-001	
6.64974e-005	2.43974e+000	
4.83321e-001	2.79334e-001	
3.39229e+000	1.57038e-003	
7.58148e-001	2.17398e-001	
5.25990e-001	2.40123e-001	
5.12648e-001	2.50346e-001	
2.74124e+000	2.81575e-002	
2.16947e+000	1.76386e-001	
2.86133e+000	2.71800e-003	
2.68089e+000	5.16646e-002	
2.85572e+000	6.97904e-003	
2.12335e+000	1.78818e-001	
2.95938e-001	3.28726e-001	
3.82364e+000	1.15712e-003	
1.40132e-006	2.76312e+000	
1.65220e-001	6.17077e-001	
2.17370e+000	1.76730e-001	
7.04969e-003	2.52221e+000	
5.31199e-001	2.41860e-001	
2.91710e+000	3.02547e-003	
2.68044e+000	5.16559e-002	
2.33230e-001	3.98097e-001	
2.82891e+000	3.89251e-002	
