1.72252e-001	7.32259e-001	
4.61642e-001	4.42712e-001	
4.86595e-001	4.24344e-001	
5.94573e-001	3.23263e-001	
6.31874e-001	2.79538e-001	
7.10164e-001	1.95222e-001	
2.76678e-002	8.77207e-001	
0.00000e+000	9.16219e-001	
2.55688e-001	6.49450e-001	
6.75823e-003	8.99052e-001	
6.88523e-002	8.35577e-001	
6.55723e-001	2.59858e-001	
7.52152e-001	1.54277e-001	
3.60373e-001	5.47116e-001	
9.02147e-002	8.16876e-001	
4.20336e-001	4.83533e-001	
6.87944e-001	2.15858e-001	
8.35104e-001	7.07741e-002	
4.85950e-002	8.58425e-001	
9.17798e-001	0.00000e+000	
7.92849e-001	1.12123e-001	
3.16692e-001	5.87039e-001	
5.43612e-001	3.59571e-001	
5.70849e-001	3.48765e-001	
1.94877e-001	7.17696e-001	
5.25328e-001	3.81322e-001	
7.30538e-001	1.74054e-001	
2.17441e-001	6.93527e-001	
2.35123e-001	6.71605e-001	
1.10101e-001	7.96291e-001	
6.68810e-001	2.36106e-001	
8.53656e-001	5.13531e-002	
5.74737e-001	3.45406e-001	
3.38510e-001	5.68159e-001	
2.98234e-001	6.13490e-001	
5.90786e-001	3.27393e-001	
6.31878e-001	2.80053e-001	
4.61621e-001	4.42692e-001	
2.55950e-001	6.50114e-001	
0.00000e+000	9.16382e-001	
9.19117e-001	0.00000e+000	
6.89853e-001	2.16457e-001	
7.51936e-001	1.54233e-001	
7.10111e-001	1.95208e-001	
4.20295e-001	4.83485e-001	
4.86878e-001	4.24591e-001	
1.72264e-001	7.32311e-001	
1.10902e-001	7.99277e-001	
3.19793e-001	5.92788e-001	
2.34651e-001	6.72838e-001	
6.76486e-003	8.99934e-001	
3.60753e-001	5.47123e-001	
1.12856e-001	7.95542e-001	
9.02081e-002	8.16817e-001	
5.27159e-001	3.82652e-001	
6.86043e-002	8.36605e-001	
4.94515e-002	8.58045e-001	
2.76631e-002	8.77056e-001	
6.56088e-001	2.60003e-001	
6.70754e-001	2.36792e-001	
3.00964e-001	6.16651e-001	
7.92988e-001	1.12142e-001	
3.40297e-001	5.72952e-001	
5.71886e-001	3.49399e-001	
3.43208e-001	5.69822e-001	
8.57187e-001	5.15655e-002	
5.76121e-001	3.46238e-001	
7.30468e-001	1.74038e-001	
8.34288e-001	7.07049e-002	
2.17268e-001	6.92977e-001	
5.43240e-001	3.59862e-001	
1.95048e-001	7.18326e-001	
5.94570e-001	3.23262e-001	
0.00000e+000	9.18517e-001	
9.18892e-001	0.00000e+000	
1.12856e-001	7.95542e-001	
4.20313e-001	4.83506e-001	
7.94800e-001	1.12398e-001	
3.59900e-001	5.46399e-001	
1.72495e-001	7.33291e-001	
8.61252e-001	5.18100e-002	
2.55779e-001	6.49681e-001	
8.35753e-001	7.08290e-002	
4.85943e-001	4.23776e-001	
7.51271e-001	1.54096e-001	
6.88591e-002	8.35660e-001	
4.62098e-001	4.43150e-001	
6.32418e-001	2.79778e-001	
5.94566e-001	3.23260e-001	
5.28961e-001	3.83960e-001	
3.00605e-001	6.15917e-001	
5.77899e-001	3.47670e-001	
5.44872e-001	3.60404e-001	
2.76644e-002	8.77097e-001	
1.94916e-001	7.17840e-001	
2.40016e-001	6.85581e-001	
7.10463e-001	1.94951e-001	
6.55582e-001	2.59803e-001	
3.21130e-001	5.95267e-001	
4.94460e-002	8.57950e-001	
