7.62615e-001	2.15738e-001	
6.71063e-001	2.46402e-001	
2.26118e-001	7.27358e-001	
3.68008e-001	6.13761e-001	
7.00761e-001	2.26836e-001	
1.85523e-001	9.16357e-001	
5.54307e-001	5.75812e-001	
2.11262e-001	7.66831e-001	
2.96699e-001	6.41086e-001	
2.07113e-001	8.17016e-001	
9.85417e-001	1.41455e-001	
9.18828e-001	1.93647e-001	
6.52692e-001	2.65549e-001	
5.73893e-001	5.60065e-001	
2.70065e-001	6.68270e-001	
1.02132e+000	2.41793e-003	
5.83188e-001	5.37220e-001	
8.85502e-001	1.96777e-001	
6.16597e-001	4.16241e-001	
4.50275e-004	1.05054e+000	
6.21658e-001	3.22337e-001	
9.93418e-001	1.35652e-001	
2.20382e-001	7.48756e-001	
8.67805e-001	1.97955e-001	
6.41986e-001	2.80247e-001	
5.68382e-001	5.72402e-001	
2.65811e-001	6.71236e-001	
5.37037e-001	5.88123e-001	
6.78841e-003	1.01698e+000	
3.46810e-001	6.25065e-001	
1.65011e-001	9.46820e-001	
6.50961e-001	2.71637e-001	
2.93936e-001	6.45872e-001	
4.12894e-001	6.03740e-001	
3.70031e-001	6.11029e-001	
5.86652e-001	5.15719e-001	
6.65503e-001	2.64331e-001	
8.50283e-001	2.05123e-001	
1.56734e-001	9.83285e-001	
6.27562e-001	3.07154e-001	
1.96277e-001	8.72460e-001	
4.86439e-001	6.02578e-001	
5.21067e-001	5.92367e-001	
9.26726e-001	1.90574e-001	
1.00259e+000	1.14794e-001	
7.74420e-001	2.07606e-001	
2.16811e-001	7.55774e-001	
1.01517e+000	2.16690e-002	
3.45193e-001	6.29680e-001	
1.26351e-001	9.93879e-001	
9.34216e-001	1.85729e-001	
2.36180e-001	6.93607e-001	
2.28724e-001	7.04207e-001	
6.85590e-001	2.42092e-001	
5.42338e-001	5.77674e-001	
9.47316e-001	1.69738e-001	
1.87550e-001	9.15200e-001	
2.00109e-001	8.52348e-001	
3.60065e-001	6.16600e-001	
8.61199e-001	1.99593e-001	
9.74472e-001	1.59974e-001	
2.78867e-001	6.53130e-001	
4.52565e-004	1.05588e+000	
1.02143e+000	1.47562e-003	
6.21181e-001	4.16473e-001	
5.85174e-001	5.39049e-001	
5.24233e-001	5.95966e-001	
7.20931e-002	1.01744e+000	
1.01870e+000	8.98932e-002	
4.13379e-001	6.04449e-001	
7.05194e-001	2.28271e-001	
6.26696e-001	3.22406e-001	
2.97267e-001	6.42314e-001	
1.26874e-001	9.97994e-001	
3.64377e-001	6.23983e-001	
6.82627e-003	1.02265e+000	
7.85710e-001	2.10633e-001	
7.61830e-001	2.15516e-001	
2.07370e-001	8.47261e-001	
2.37503e-001	6.97493e-001	
8.52246e-001	2.06303e-001	
9.26440e-001	1.95252e-001	
2.71848e-001	6.68251e-001	
2.10941e-001	7.78319e-001	
6.72957e-001	2.47097e-001	
9.87182e-001	1.44277e-001	
1.75845e-001	9.59504e-001	
9.56281e-001	1.71344e-001	
8.68473e-001	1.98107e-001	
1.99952e-001	8.82872e-001	
3.72495e-001	6.15099e-001	
1.58624e-001	9.95146e-001	
6.47319e-001	2.87326e-001	
1.86735e-001	9.22344e-001	
5.81291e-001	5.67285e-001	
6.31485e-001	3.09075e-001	
2.19513e-001	7.49210e-001	
1.00927e+000	1.15559e-001	
1.64023e-001	9.72565e-001	
1.88915e-001	9.14291e-001	
