1.04713e+000	1.34295e-003	
7.94889e-001	1.72810e-001	
3.47209e-001	5.89824e-001	
7.27141e-002	8.59251e-001	
1.08903e-002	9.47516e-001	
1.82897e-002	9.33199e-001	
6.90053e-001	2.86956e-001	
4.40390e-001	5.17960e-001	
7.50186e-001	1.82213e-001	
5.31077e-002	8.89006e-001	
2.00151e-002	9.22348e-001	
7.21772e-004	1.00750e+000	
3.36051e-003	9.64153e-001	
3.84745e-001	5.45292e-001	
7.29593e-001	1.91738e-001	
7.42022e-002	8.53448e-001	
1.02530e+000	2.19386e-002	
7.05736e-001	2.32990e-001	
1.02704e+000	1.20545e-002	
6.78638e-002	8.68815e-001	
1.01933e+000	3.18526e-002	
6.94489e-001	2.60522e-001	
4.30869e-001	5.22532e-001	
3.62748e-001	5.47094e-001	
1.00558e+000	1.17362e-001	
6.73386e-001	3.82329e-001	
7.55901e-001	1.80325e-001	
3.90362e-001	5.31074e-001	
3.52784e-001	5.76609e-001	
6.65314e-001	4.38652e-001	
7.00102e-001	2.37365e-001	
2.49834e-002	9.05296e-001	
7.91328e-001	1.79305e-001	
7.35251e-001	1.93225e-001	
4.83699e-001	5.16987e-001	
1.02872e+000	4.02703e-002	
8.03067e-001	1.81965e-001	
8.05113e-001	1.74463e-001	
4.82470e-001	5.18425e-001	
4.42249e-001	5.22313e-001	
1.08847e-002	9.47030e-001	
1.03747e+000	1.30737e-002	
7.64352e-001	1.85654e-001	
6.79807e-002	8.70310e-001	
2.49579e-002	9.12889e-001	
7.22872e-004	1.00903e+000	
7.31295e-001	2.21215e-001	
3.92015e-001	5.36640e-001	
7.32300e-001	1.97232e-001	
1.05608e+000	1.35443e-003	
6.85088e-001	3.99140e-001	
6.93885e-001	2.90132e-001	
3.64343e-001	5.49499e-001	
7.41857e-002	8.53258e-001	
7.02764e-001	2.46595e-001	
4.35832e-001	5.28551e-001	
3.06917e-002	9.05727e-001	
3.62142e-001	5.80560e-001	
7.04314e-001	2.38793e-001	
6.74333e-001	4.63233e-001	
5.33760e-002	8.93496e-001	
6.97670e-001	2.63205e-001	
6.84966e-003	9.65106e-001	
6.78316e-001	4.12441e-001	
8.13422e-001	1.72292e-001	
3.84789e-001	5.45355e-001	
1.03155e+000	2.20723e-002	
3.47916e-001	5.91024e-001	
3.37968e-003	9.69652e-001	
1.80932e-002	9.42205e-001	
1.05842e+000	1.35744e-003	
7.24050e-004	1.01068e+000	
3.47055e-001	6.19188e-001	
8.50529e-002	8.63000e-001	
1.04996e+000	2.55748e-002	
8.14591e-001	1.72540e-001	
6.49478e-001	5.20496e-001	
5.08040e-001	5.21800e-001	
6.93452e-001	3.12399e-001	
6.75127e-001	4.63779e-001	
6.87026e-001	4.00269e-001	
3.91457e-002	9.08985e-001	
7.48488e-002	8.65779e-001	
4.43163e-001	5.23393e-001	
6.97469e-001	2.63129e-001	
6.85410e-001	4.16754e-001	
8.02470e-001	1.89962e-001	
3.52896e-001	5.98820e-001	
3.93187e-001	5.38244e-001	
7.49482e-001	1.92964e-001	
4.39238e-001	5.32682e-001	
7.32328e-001	2.18459e-001	
3.65193e-001	5.67610e-001	
7.10133e-001	2.38571e-001	
2.50107e-002	9.14819e-001	
1.84545e-002	9.41605e-001	
1.04812e-002	9.49332e-001	
5.76018e-003	9.77489e-001	
4.42935e-003	9.89313e-001	
3.88169e-001	5.50252e-001	
