2.00529e+000	2.35392e-002	
3.59073e-002	2.30147e+000	
8.05322e-002	2.01269e+000	
1.95727e+000	4.34606e-002	
4.46698e-006	3.04133e+000	
1.40409e-001	1.75537e+000	
1.67247e+000	1.32573e-001	
2.83315e+000	1.31931e-003	
4.64374e-006	3.16168e+000	
9.47740e-002	2.96217e+000	
1.75306e+000	7.22145e-001	
2.35794e-001	2.21002e+000	
3.16166e+000	1.47229e-003	
1.79888e+000	1.42580e-001	
2.06695e-001	2.45236e+000	
2.03891e+000	2.39339e-002	
4.92009e-006	3.34983e+000	
3.03555e+000	2.88668e-002	
2.18828e+000	4.85902e-002	
3.00115e-001	2.66157e+000	
3.29766e+000	1.53563e-003	
3.60107e-001	2.23726e+000	
1.95878e+000	1.55253e-001	
1.11165e-003	3.98870e+000	
3.79307e-001	2.37614e+000	
2.65465e+000	5.89459e-002	
1.80288e-001	3.57674e+000	
2.13884e+000	2.40970e-001	
3.30822e+000	1.43058e-003	
6.15915e-006	4.19344e+000	
1.15192e-001	3.70268e+000	
3.40734e+000	4.72880e-003	
1.42042e-001	3.86113e+000	
1.12468e-003	4.04829e+000	
2.38887e+000	2.94495e-001	
3.89233e-001	2.41821e+000	
3.43285e+000	1.48448e-003	
2.82108e+000	6.26414e-002	
3.81621e-001	3.24926e+000	
1.81837e-001	3.60748e+000	
6.47948e-006	4.41154e+000	
4.21994e-001	2.85890e+000	
3.97396e+000	5.84097e-003	
7.53815e-004	4.79244e+000	
1.18904e-001	4.21609e+000	
2.94146e+000	6.53145e-002	
3.80142e+000	3.59134e-002	
3.56012e-001	3.66056e+000	
2.72931e+000	3.07145e-001	
8.74138e-003	4.38757e+000	
4.05817e+000	1.28009e-003	
3.51430e+000	6.25075e-002	
1.82905e-002	4.24096e+000	
1.93238e-003	4.50635e+000	
4.46856e-001	2.77622e+000	
4.71549e-001	2.92963e+000	
2.74708e+000	7.09488e-001	
2.95385e+000	6.55895e-002	
2.84708e+000	4.14480e-001	
4.03250e+000	5.59641e-003	
3.54470e+000	6.30482e-002	
4.17779e+000	1.94547e-003	
9.02338e-003	4.52911e+000	
7.39217e-006	5.03295e+000	
5.62343e+000	5.31797e-004	
4.29111e-002	4.28019e+000	
1.07727e-002	5.39375e+000	
5.41024e-001	3.38918e+000	
5.53108e-001	3.04870e+000	
4.09103e+000	5.68445e-003	
2.31354e-003	5.39523e+000	
4.31133e-002	4.30036e+000	
2.87130e+000	7.78573e-001	
1.71350e-002	5.33056e+000	
4.48665e+000	2.08930e-003	
6.18880e+000	6.05281e-004	
2.97155e+000	6.59824e-002	
4.34793e-001	4.51919e+000	
7.88590e-001	3.34124e+000	
4.68117e+000	2.02429e-003	
3.21651e+000	7.14218e-002	
5.95325e-001	3.72342e+000	
3.03374e+000	1.14715e+000	
6.55700e+000	6.41292e-004	
4.20029e+000	5.82928e-003	
1.10820e+000	3.22723e+000	
5.61168e-001	4.40904e+000	
4.59591e-002	4.58422e+000	
7.62851e-001	3.54807e+000	
1.80916e-003	5.66747e+000	
1.07484e-002	5.39497e+000	
3.04503e+000	8.29966e-001	
9.12797e-004	5.80318e+000	
6.58718e+000	6.44243e-004	
7.91586e-001	3.35393e+000	
3.26742e+000	8.85984e-001	
3.32888e+000	7.34967e-002	
4.81520e+000	3.15764e-003	
1.70088e-001	4.62351e+000	
6.41598e-001	4.07874e+000	
