1.72850e+000	2.87613e-005	
9.19758e-004	9.98855e-001	
6.73736e-001	5.40583e-001	
1.01033e+000	5.34564e-001	
1.36764e-001	8.33665e-001	
3.51116e-001	8.29651e-001	
1.37910e+000	8.37304e-002	
1.34393e+000	1.32188e-001	
1.64835e+000	1.90010e-003	
1.54407e+000	1.57263e-002	
1.59405e+000	8.35844e-003	
1.50329e+000	2.43551e-002	
1.29744e+000	2.01641e-001	
1.05833e+000	5.21146e-001	
1.10381e+000	5.01595e-001	
1.19461e+000	4.18948e-001	
1.20806e+000	3.78944e-001	
1.13745e+000	4.74786e-001	
1.15994e+000	4.51767e-001	
1.28410e+000	2.33927e-001	
1.62701e+000	5.99578e-003	
1.39948e+000	6.89036e-002	
1.30411e+000	1.67497e-001	
1.22162e+000	3.57589e-001	
1.42266e+000	6.69762e-002	
1.25278e+000	2.86048e-001	
5.43255e-001	5.74659e-001	
1.23585e+000	3.39506e-001	
5.21883e-001	5.91358e-001	
5.00042e-001	6.18540e-001	
3.99121e-003	9.70359e-001	
5.15147e-001	6.00584e-001	
1.07492e-001	8.34933e-001	
1.33771e+000	1.53622e-001	
2.27875e-002	8.97524e-001	
1.25113e+000	3.14817e-001	
1.45156e+000	5.39188e-002	
1.47327e+000	3.23092e-002	
1.47147e+000	3.73672e-002	
6.55620e-001	5.41613e-001	
1.44667e+000	5.88037e-002	
1.17363e+000	4.36897e-001	
4.11978e-001	7.97662e-001	
1.26177e+000	2.70065e-001	
4.74528e-001	6.70930e-001	
3.99471e-001	8.07932e-001	
1.24288e+000	3.23745e-001	
1.18707e+000	4.22293e-001	
4.53024e-001	7.29729e-001	
3.21948e-002	8.79541e-001	
1.03340e+000	5.29257e-001	
4.44586e-001	7.48549e-001	
4.92849e-001	6.30659e-001	
5.53670e-001	5.67992e-001	
1.21436e+000	3.75367e-001	
9.37615e-002	8.39138e-001	
5.84131e-001	5.55462e-001	
6.34077e-001	5.43674e-001	
1.67981e-002	9.11902e-001	
1.04745e+000	5.25919e-001	
4.39821e-001	7.62879e-001	
3.67029e-001	8.26169e-001	
4.29927e-001	7.75601e-001	
4.79480e-001	6.57090e-001	
7.23220e-003	9.53637e-001	
4.21479e-001	7.89374e-001	
7.12963e-002	8.46382e-001	
4.52047e-002	8.65041e-001	
5.97558e-002	8.52802e-001	
8.11525e-002	8.43140e-001	
1.32586e+000	1.61974e-001	
1.27967e+000	2.45295e-001	
1.26919e+000	2.62164e-001	
3.88561e-001	8.14367e-001	
1.16764e+000	4.43493e-001	
1.12913e+000	4.83839e-001	
1.01793e+000	5.33260e-001	
3.74428e-002	8.73990e-001	
4.88027e-001	6.43022e-001	
1.27083e+000	2.50062e-001	
1.31947e+000	1.64921e-001	
4.68660e-001	6.86494e-001	
5.93487e-001	5.51746e-001	
1.09131e-002	9.32060e-001	
5.30908e-002	8.58811e-001	
6.25471e-001	5.45094e-001	
1.40451e-002	9.22378e-001	
8.41093e-003	9.43585e-001	
5.68257e-001	5.60874e-001	
6.11229e-001	5.47472e-001	
1.10982e+000	4.96083e-001	
4.83742e-001	6.48929e-001	
4.26335e-001	7.80844e-001	
3.74865e-001	8.21830e-001	
4.55579e-001	7.21302e-001	
6.04549e-001	5.48972e-001	
4.58515e-001	7.13193e-001	
5.65599e-001	5.62019e-001	
3.82052e-001	8.19134e-001	
1.11771e+000	4.91555e-001	
