1.70131e+000	2.99597e-004	
9.72292e-004	1.00135e+000	
9.80805e-001	5.38834e-001	
6.46787e-001	5.42461e-001	
1.71010e-001	8.31863e-001	
3.58505e-001	8.27597e-001	
1.42345e+000	5.33903e-002	
1.46083e+000	4.98397e-002	
1.38401e+000	8.20306e-002	
1.51496e+000	4.15178e-002	
1.58071e+000	1.82185e-002	
1.08860e+000	5.08689e-001	
1.65146e+000	4.56030e-003	
1.12139e+000	4.89110e-001	
1.53808e+000	2.00395e-002	
1.24823e+000	2.96207e-001	
4.96012e-001	6.27568e-001	
1.05930e+000	5.22824e-001	
1.28451e+000	2.30315e-001	
1.34645e+000	1.17897e-001	
1.31521e+000	1.69961e-001	
1.02738e+000	5.30202e-001	
1.34711e-001	8.32943e-001	
6.11136e-001	5.48359e-001	
5.88121e-001	5.54727e-001	
1.01221e+000	5.33917e-001	
4.33092e-001	7.70804e-001	
1.37926e+000	1.01029e-001	
1.27246e+000	2.56369e-001	
3.90875e-001	8.14777e-001	
1.68258e+000	2.15329e-003	
5.11645e-001	6.05865e-001	
4.17644e-001	7.90850e-001	
4.10717e-001	7.99889e-001	
4.86915e-001	6.43436e-001	
1.36295e+000	1.15775e-001	
1.25979e+000	2.67930e-001	
1.24543e+000	3.17077e-001	
1.61855e+000	8.88829e-003	
1.61299e+000	1.32897e-002	
1.51635e+000	2.33436e-002	
1.32364e+000	1.36430e-001	
1.07471e+000	5.16718e-001	
1.14851e-002	9.32966e-001	
1.32247e+000	1.38162e-001	
6.34654e-001	5.44453e-001	
1.18220e+000	4.26018e-001	
1.19259e+000	4.11439e-001	
1.30709e+000	1.93929e-001	
4.51415e-001	7.32377e-001	
1.76484e-002	9.08670e-001	
2.31354e-003	9.83698e-001	
7.21681e-002	8.48624e-001	
4.78826e-001	6.60965e-001	
3.82800e-002	8.71962e-001	
4.85840e-002	8.61403e-001	
5.36628e-001	5.81162e-001	
1.29574e+000	2.10586e-001	
4.72581e-003	9.66413e-001	
1.10792e-001	8.36286e-001	
5.77562e-002	8.53957e-001	
5.26016e-001	5.90613e-001	
1.20944e+000	3.77359e-001	
3.78537e-001	8.21956e-001	
1.17823e+000	4.38559e-001	
1.20240e+000	3.93113e-001	
1.16039e+000	4.52784e-001	
1.23586e+000	3.31204e-001	
1.21435e+000	3.69857e-001	
4.58367e-001	7.13672e-001	
1.22032e+000	3.55279e-001	
1.15090e+000	4.64364e-001	
8.80041e-002	8.42406e-001	
1.31130e+000	1.85377e-001	
1.16786e+000	4.46696e-001	
1.13255e+000	4.82036e-001	
1.28934e+000	2.13139e-001	
5.68311e-001	5.61057e-001	
4.40571e-001	7.58879e-001	
5.18093e-001	5.97964e-001	
4.64243e-001	6.97309e-001	
1.22660e+000	3.49569e-001	
2.32415e-002	8.95752e-001	
1.19760e+000	4.00221e-001	
6.90496e-003	9.51481e-001	
1.23001e+000	3.35933e-001	
1.16405e-001	8.34136e-001	
4.48072e-001	7.43655e-001	
3.67147e-001	8.26199e-001	
4.67945e-001	6.87123e-001	
5.59606e-001	5.66958e-001	
1.13947e+000	4.75491e-001	
1.26618e+000	2.66610e-001	
5.45423e-001	5.72834e-001	
8.99734e-003	9.42623e-001	
4.45151e-001	7.53103e-001	
1.14432e+000	4.69252e-001	
4.61137e-001	7.09543e-001	
8.65549e-002	8.44504e-001	
3.08298e-002	8.84572e-001	
