1.62710e-001	9.30312e-001	
5.42588e-001	3.75982e-001	
5.46790e-001	3.74980e-001	
8.80279e-001	3.76767e-002	
5.20741e-001	4.13260e-001	
2.15192e-003	1.01260e+000	
1.96613e-001	7.32203e-001	
8.93677e-001	2.12808e-002	
7.83169e-001	3.28419e-001	
4.91695e-004	1.03759e+000	
9.51645e-001	4.88493e-003	
1.68617e-001	8.25026e-001	
8.20327e-001	2.97660e-001	
7.88995e-001	3.18501e-001	
8.85409e-001	3.32681e-002	
3.84455e-001	6.82879e-001	
5.37570e-001	3.84466e-001	
1.07147e-001	9.99644e-001	
8.57864e-001	7.97538e-002	
3.12394e-001	6.94239e-001	
8.49166e-001	8.08748e-002	
5.05714e-001	4.42408e-001	
5.60667e-001	3.57551e-001	
1.82977e-001	7.43335e-001	
1.73114e-001	8.20383e-001	
2.30863e-001	7.04298e-001	
4.13300e-001	6.68727e-001	
3.94533e-001	6.75331e-001	
4.79722e-001	6.26952e-001	
2.01373e-001	7.20800e-001	
9.68781e-001	2.57793e-003	
9.24664e-001	7.12346e-003	
3.67181e-001	6.85325e-001	
5.57735e-001	3.66731e-001	
8.15610e-001	3.00019e-001	
8.72998e-001	4.33730e-002	
3.23107e-001	6.87836e-001	
1.74385e-001	7.67145e-001	
5.89152e-001	3.55256e-001	
1.08774e+000	9.11075e-005	
6.16551e-001	3.45551e-001	
1.76566e-001	7.53783e-001	
1.36899e-001	9.74465e-001	
8.65291e-001	7.50531e-002	
8.47426e-001	2.88109e-001	
1.72499e-001	8.29137e-001	
7.82173e-001	3.29503e-001	
4.84457e-001	6.33141e-001	
3.14352e-001	6.98590e-001	
8.63640e-001	8.02908e-002	
3.90592e-001	6.85046e-001	
5.16163e-001	4.49328e-001	
9.55577e-001	4.14251e-003	
5.13975e-001	4.58827e-001	
1.73704e-001	8.23179e-001	
8.51461e-001	2.00739e-001	
5.20271e-001	4.12887e-001	
2.30552e-001	7.18853e-001	
4.80683e-001	6.41904e-001	
2.33368e-001	7.11940e-001	
2.02174e-001	7.23668e-001	
8.16554e-001	3.08294e-001	
6.26637e-001	3.48457e-001	
8.65997e-001	7.61862e-002	
6.05088e-001	3.54760e-001	
9.30119e-001	1.68969e-002	
1.37669e-001	9.79946e-001	
8.17778e-001	3.00816e-001	
9.28420e-001	1.99828e-002	
8.72189e-001	6.91619e-002	
8.94480e-001	2.43892e-002	
2.01077e-001	7.28847e-001	
8.21495e-001	2.98084e-001	
8.61576e-001	8.29042e-002	
1.74995e-001	7.71600e-001	
9.75535e-001	1.73995e-003	
1.70259e-001	8.33061e-001	
8.90963e-003	1.01401e+000	
1.62672e-001	9.30099e-001	
8.84688e-001	3.32410e-002	
5.45959e-001	3.74409e-001	
2.16246e-003	1.01757e+000	
9.36593e-001	6.50834e-003	
8.98022e-001	2.13843e-002	
3.94897e-001	6.75955e-001	
5.60736e-001	3.57594e-001	
7.88944e-001	3.18481e-001	
4.94772e-004	1.04409e+000	
1.68147e-001	8.84655e-001	
1.96971e-001	7.33303e-001	
1.77713e-001	7.62397e-001	
5.05745e-004	1.06724e+000	
9.78341e-001	1.74496e-003	
4.95435e-001	6.39781e-001	
8.52377e-001	2.15747e-001	
1.38273e-001	9.84244e-001	
2.16271e-003	1.01768e+000	
5.13645e-001	4.64041e-001	
6.30030e-001	3.48238e-001	
3.16063e-001	6.98255e-001	
