6.04759e-001	4.90310e-001	
4.38813e-001	7.75877e-001	
1.38916e+000	3.17876e-004	
9.96954e-003	1.41041e+000	
5.24156e-001	5.43929e-001	
6.79520e-001	4.70318e-001	
5.65310e-001	5.24892e-001	
1.79736e-004	1.54461e+000	
5.25620e-002	1.40158e+000	
4.95530e-001	7.66068e-001	
1.25235e+000	4.62624e-001	
7.40789e-003	1.43055e+000	
1.21380e+000	4.70750e-001	
1.38793e-003	1.54374e+000	
2.68413e-002	1.47220e+000	
8.81442e-002	1.43938e+000	
6.05936e-001	4.92266e-001	
5.95348e-001	5.52782e-001	
5.47232e-002	1.45811e+000	
4.38819e-001	7.75886e-001	
5.44532e-001	6.43804e-001	
1.05855e+000	4.90421e-001	
1.39817e+000	1.26499e-004	
1.52407e-001	1.43462e+000	
1.07607e-001	1.47724e+000	
1.41252e+000	3.23220e-004	
6.25213e-001	5.09872e-001	
6.10479e-001	5.66832e-001	
4.51906e-001	1.34453e+000	
5.49128e-001	6.49239e-001	
5.96676e-001	6.19184e-001	
4.59414e-001	8.08953e-001	
1.25425e+000	4.86437e-001	
1.23617e+000	4.94726e-001	
2.71246e-002	1.51949e+000	
4.39577e-004	1.54801e+000	
4.68578e-001	9.86677e-001	
2.34862e-004	1.62150e+000	
2.72109e-002	1.52432e+000	
6.24723e-001	5.12404e-001	
4.91062e-001	8.68259e-001	
4.65998e-001	1.26888e+000	
1.12245e-002	1.58795e+000	
1.07702e-001	1.47854e+000	
1.81522e+000	4.15368e-004	
1.42115e+000	1.86365e-002	
1.53312e+000	2.97263e-003	
5.58979e-001	6.60886e-001	
1.55881e+000	1.44757e-003	
1.45158e+000	1.60339e-002	
5.61474e-001	6.63836e-001	
1.45518e+000	1.60642e-002	
1.94722e-004	1.62746e+000	
6.27867e-001	5.81363e-001	
4.95880e-001	9.47382e-001	
1.42700e+000	1.89747e-002	
1.86170e+000	4.26006e-004	
1.59526e+000	1.34915e-002	
1.66742e+000	5.04747e-003	
2.90918e-002	1.59564e+000	
1.67810e+000	3.25374e-003	
1.08357e-001	1.48753e+000	
4.87218e-001	1.32975e+000	
6.38712e-001	5.17838e-001	
1.12227e-001	1.54066e+000	
4.96392e-001	1.40418e+000	
5.23735e-001	1.10282e+000	
5.67656e-002	1.60892e+000	
1.29388e+000	5.17822e-001	
5.40260e-001	1.01834e+000	
1.68026e+000	3.25791e-003	
1.66821e+000	5.04986e-003	
6.27587e-001	5.81103e-001	
1.08878e+000	5.21692e-001	
1.28774e+000	5.19549e-001	
1.97624e-004	1.65172e+000	
1.86786e+000	4.27413e-004	
5.13303e-001	1.13398e+000	
2.96513e-002	1.62632e+000	
1.43059e+000	1.85625e-002	
5.64654e-001	6.67595e-001	
1.46604e+000	1.61841e-002	
6.42079e-001	5.23627e-001	
2.78252e-001	1.49893e+000	
1.88889e+000	4.32227e-004	
1.98959e-004	1.66287e+000	
5.19229e-001	1.41712e+000	
1.46891e+000	3.09623e-002	
6.45944e-001	5.26778e-001	
1.73755e-001	1.55537e+000	
1.30382e+000	5.20921e-001	
1.29696e+000	5.23272e-001	
5.35739e-001	1.12810e+000	
5.79966e-001	6.85699e-001	
1.69552e+000	3.27635e-003	
5.75989e-001	9.00513e-001	
2.89141e-002	1.63476e+000	
5.49333e-001	1.02390e+000	
1.53617e+000	1.69583e-002	
6.42035e-001	5.94481e-001	
