1.72944e-001	7.89540e-001	
5.21193e-001	4.87119e-001	
4.75000e-001	6.49415e-001	
9.29642e-001	1.14300e-002	
1.88921e-001	7.27771e-001	
9.57733e-001	3.68907e-003	
1.62440e-001	9.17562e-001	
1.46034e-001	9.92647e-001	
5.47270e-001	3.95912e-001	
2.38456e-001	6.91360e-001	
5.25913e-001	4.03260e-001	
2.19517e-001	7.18088e-001	
4.82667e-001	6.39562e-001	
5.72550e-001	3.55753e-001	
1.82089e-001	7.47701e-001	
5.12455e-001	6.37597e-001	
8.17067e-001	2.88739e-001	
9.46361e-001	5.31751e-003	
4.55601e-002	1.01411e+000	
8.62846e-001	4.86736e-002	
2.11989e-001	7.22471e-001	
5.85755e-001	3.49465e-001	
9.03802e-001	1.69756e-002	
5.24829e-001	4.78125e-001	
1.83181e-001	7.40319e-001	
4.65332e-001	6.71064e-001	
1.54084e-003	1.02664e+000	
1.30268e-001	1.00398e+000	
7.96529e-001	3.17999e-001	
4.35122e-001	6.80556e-001	
1.80486e-001	7.54629e-001	
8.40857e-001	2.79145e-001	
1.56359e-001	9.71514e-001	
5.54396e-001	3.77118e-001	
1.67080e-001	9.06147e-001	
1.64963e-001	9.13163e-001	
9.44014e-001	7.19811e-003	
6.63563e-001	3.41941e-001	
6.70301e-001	3.40240e-001	
1.74459e-001	7.77094e-001	
1.58636e-001	9.59314e-001	
6.13775e-001	3.47101e-001	
2.27998e-001	7.01618e-001	
2.31740e-001	6.95850e-001	
7.23079e-001	3.31755e-001	
5.49981e-001	3.92497e-001	
4.79521e-001	6.45761e-001	
5.51738e-001	3.78436e-001	
1.51826e-001	9.82152e-001	
8.77155e-001	3.23618e-002	
9.98109e-001	7.78748e-004	
9.16317e-001	1.29775e-002	
1.00370e+000	7.83111e-004	
1.54874e-003	1.03191e+000	
8.60448e-001	2.78739e-001	
8.67466e-001	4.89342e-002	
4.42348e-001	6.91857e-001	
2.34121e-001	7.02999e-001	
4.90803e-001	6.50343e-001	
5.21180e-001	4.87107e-001	
1.62456e-001	9.17652e-001	
1.73090e-001	7.90207e-001	
6.90575e-001	3.39522e-001	
7.97332e-001	3.33398e-001	
5.89005e-001	3.48949e-001	
6.69505e-001	3.45003e-001	
5.39811e-002	1.02267e+000	
1.16517e-001	1.01670e+000	
9.59043e-001	3.69412e-003	
1.82175e-001	7.52569e-001	
8.19235e-001	2.89550e-001	
4.57405e-001	6.86730e-001	
1.89227e-001	7.28948e-001	
4.77121e-001	6.52315e-001	
7.82026e-002	1.01973e+000	
1.60076e-001	9.76072e-001	
5.28762e-001	4.29314e-001	
7.98665e-001	3.19008e-001	
5.25343e-001	4.78594e-001	
2.21407e-001	7.19627e-001	
1.47499e-001	1.00260e+000	
8.42826e-001	2.87111e-001	
9.34480e-001	1.14895e-002	
8.84719e-001	3.25132e-002	
5.58285e-001	3.82927e-001	
5.75896e-001	3.68691e-001	
5.35125e-001	4.10277e-001	
5.46519e-001	3.95369e-001	
8.75351e-001	4.76970e-002	
5.79213e-001	3.59893e-001	
1.52135e-001	9.93449e-001	
9.17668e-001	1.29967e-002	
9.03695e-001	2.85783e-002	
2.29765e-001	7.07057e-001	
6.73199e-001	3.41710e-001	
5.30163e-001	4.15975e-001	
1.57838e-001	9.80705e-001	
5.52637e-001	3.92479e-001	
9.11687e-001	2.07281e-002	
9.07184e-001	2.45861e-002	
