1.78565e-003	1.00110e+000	
8.88434e-001	5.64476e-003	
3.12568e-001	5.21089e-001	
3.08273e-001	6.90651e-001	
7.47301e-001	3.51793e-002	
6.92484e-002	9.98698e-001	
6.35116e-001	1.55124e-001	
8.19412e-001	3.31146e-002	
3.14331e-001	4.82201e-001	
6.40141e-001	7.98980e-002	
4.69741e-001	2.89021e-001	
5.33790e-001	2.85063e-001	
3.17697e-001	4.34902e-001	
3.05833e-001	7.23506e-001	
7.01092e-001	3.72679e-002	
3.03362e-001	7.54002e-001	
4.53340e-001	2.90457e-001	
1.09787e-001	9.96930e-001	
4.19148e-001	2.94919e-001	
1.43573e-001	9.92252e-001	
6.32717e-001	1.80099e-001	
8.44315e-001	2.99591e-002	
2.13688e-001	9.68625e-001	
1.21296e-001	9.95409e-001	
3.00499e-001	7.78004e-001	
3.20541e-001	4.14130e-001	
1.97241e-001	9.77493e-001	
1.62469e-001	9.89172e-001	
6.30311e-001	1.96281e-001	
1.73113e-001	9.86504e-001	
6.57378e-001	5.08766e-002	
2.78439e-001	8.79139e-001	
1.89413e-001	9.81212e-001	
5.80540e-001	2.71457e-001	
5.93484e-001	2.62793e-001	
2.64681e-001	9.11122e-001	
2.72368e-001	8.95722e-001	
6.67130e-001	4.48851e-002	
8.71468e-001	2.22456e-002	
6.26416e-001	2.08951e-001	
3.22755e-001	4.02635e-001	
2.28757e-001	9.60008e-001	
2.35917e-001	9.52045e-001	
4.00692e-001	3.00207e-001	
6.41928e-001	7.42417e-002	
3.24837e-001	3.92803e-001	
4.07907e-001	2.97809e-001	
3.36170e-001	3.59623e-001	
2.21761e-001	9.63181e-001	
6.18166e-001	2.31637e-001	
6.14437e-001	2.38721e-001	
2.86999e-001	8.51140e-001	
2.96694e-001	8.06582e-001	
2.89635e-001	8.39387e-001	
6.09051e-001	2.46038e-001	
8.80141e-001	1.69485e-002	
8.62339e-001	2.58337e-002	
2.40087e-001	9.46762e-001	
2.50022e-001	9.34714e-001	
3.32500e-001	3.68177e-001	
8.54611e-001	2.79669e-002	
3.48189e-001	3.38370e-001	
3.27880e-001	3.83512e-001	
2.46267e-001	9.39860e-001	
6.47724e-001	5.97920e-002	
3.43533e-001	3.45685e-001	
6.22036e-001	2.22781e-001	
2.91297e-001	8.32105e-001	
2.93480e-001	8.21701e-001	
3.39897e-001	3.51859e-001	
2.98403e-001	7.94457e-001	
5.61367e-001	2.79656e-001	
6.75436e-001	4.21011e-002	
6.89827e-001	3.87097e-002	
3.60323e-001	3.24068e-001	
5.50842e-001	2.82182e-001	
3.71011e-001	3.15624e-001	
6.46536e-001	6.19793e-002	
3.30038e-001	3.75925e-001	
5.44930e-001	2.83565e-001	
2.55487e-001	9.26615e-001	
2.81220e-001	8.70469e-001	
8.84459e-001	1.23850e-002	
5.72982e-001	2.75298e-001	
6.04596e-001	2.51787e-001	
3.65858e-001	3.20276e-001	
3.90282e-001	3.04513e-001	
2.99416e-001	7.88246e-001	
2.58983e-001	9.21084e-001	
2.94866e-001	8.14332e-001	
3.76988e-001	3.11154e-001	
6.24079e-001	2.15999e-001	
2.68718e-001	9.02286e-001	
6.83044e-001	3.99242e-002	
2.85123e-001	8.58353e-001	
3.55089e-001	3.29924e-001	
2.83173e-001	8.64027e-001	
5.67277e-001	2.77730e-001	
3.82156e-001	3.08503e-001	
3.52502e-001	3.32508e-001	
