6.45658e-001	2.56836e-001	
6.86182e-001	2.15484e-001	
6.24801e-001	2.76372e-001	
5.83407e-001	3.17762e-001	
3.35889e-001	5.64541e-001	
0.00000e+000	9.14983e-001	
6.90264e-002	8.32565e-001	
8.72538e-001	2.94594e-002	
8.50782e-001	5.06044e-002	
8.94275e-001	9.55349e-003	
4.39769e-001	4.62497e-001	
8.88544e-002	8.12171e-001	
8.31050e-001	7.18425e-002	
3.56586e-001	5.44075e-001	
7.06650e-001	1.94488e-001	
4.81488e-001	4.21285e-001	
2.33292e-001	6.68946e-001	
1.50710e-001	7.50200e-001	
2.12635e-001	6.88918e-001	
1.30193e-001	7.71780e-001	
6.51005e-003	8.95412e-001	
6.04281e-001	2.97808e-001	
1.10086e-001	7.91162e-001	
7.48001e-001	1.52871e-001	
6.65345e-001	2.35675e-001	
4.77194e-002	8.52699e-001	
2.86113e-002	8.77451e-001	
7.27363e-001	1.73340e-001	
8.10698e-001	9.14955e-002	
5.63871e-001	3.38328e-001	
7.70580e-001	1.32734e-001	
7.89527e-001	1.11560e-001	
2.53546e-001	6.47491e-001	
3.15751e-001	5.85423e-001	
1.94465e-001	7.10592e-001	
5.43661e-001	3.59266e-001	
5.21377e-001	3.80670e-001	
4.03345e-001	5.12003e-001	
3.77419e-001	5.23268e-001	
9.12485e-001	0.00000e+000	
4.80862e-001	4.20738e-001	
0.00000e+000	9.15019e-001	
1.50717e-001	7.50236e-001	
8.50851e-001	5.06085e-002	
1.30270e-001	7.72230e-001	
6.45576e-001	2.56803e-001	
8.94320e-001	9.55398e-003	
8.72695e-001	2.94647e-002	
7.48613e-001	1.52792e-001	
1.10120e-001	7.91407e-001	
8.30953e-001	7.18341e-002	
4.39748e-001	4.62476e-001	
6.65388e-001	2.35690e-001	
5.83339e-001	3.17726e-001	
6.03919e-001	2.97425e-001	
6.24913e-001	2.76359e-001	
7.27645e-001	1.73408e-001	
4.77417e-002	8.53097e-001	
6.50420e-003	8.94606e-001	
3.35836e-001	5.64452e-001	
3.56610e-001	5.44082e-001	
8.10433e-001	9.14656e-002	
5.63854e-001	3.38317e-001	
7.70697e-001	1.32754e-001	
2.86079e-002	8.77346e-001	
7.89524e-001	1.11560e-001	
2.12702e-001	6.89136e-001	
7.06625e-001	1.94481e-001	
8.88577e-002	8.12201e-001	
2.53552e-001	6.47506e-001	
2.33290e-001	6.68941e-001	
3.15754e-001	5.85429e-001	
6.85848e-001	2.15379e-001	
1.94322e-001	7.10068e-001	
5.43624e-001	3.59242e-001	
3.78553e-001	5.26744e-001	
9.33643e-001	0.00000e+000	
5.32693e-001	3.86613e-001	
6.82696e-002	8.32502e-001	
9.33765e-001	0.00000e+000	
0.00000e+000	9.14196e-001	
4.39766e-001	4.62495e-001	
4.81164e-001	4.21002e-001	
2.53681e-001	6.47837e-001	
3.15695e-001	5.85320e-001	
3.78527e-001	5.26707e-001	
6.89991e-002	8.32236e-001	
5.33352e-001	3.87092e-001	
1.95176e-001	7.15313e-001	
1.10091e-001	7.91200e-001	
1.51461e-001	7.50088e-001	
2.86072e-002	8.77325e-001	
6.03976e-001	2.97657e-001	
7.47946e-001	1.52860e-001	
8.94275e-001	9.55350e-003	
8.10512e-001	9.14745e-002	
6.46081e-001	2.85720e-001	
4.77419e-002	8.53103e-001	
8.72700e-001	2.94648e-002	
7.06667e-001	1.94493e-001	
