1.10009e+000	2.83826e-001	
1.00045e+000	3.58398e-001	
9.98826e-001	3.72035e-001	
9.51176e-001	5.37515e-001	
6.37615e-003	9.55165e-001	
1.06346e+000	3.03116e-001	
1.13791e+000	2.73707e-001	
4.25484e-001	6.53664e-001	
1.28806e-002	9.35311e-001	
1.61119e+000	2.21746e-001	
4.06532e-001	6.73927e-001	
4.55734e-001	6.31526e-001	
1.11594e+000	2.82680e-001	
3.91209e-001	7.16965e-001	
1.09466e+000	2.87986e-001	
9.60840e-001	5.12508e-001	
9.25584e-001	6.08408e-001	
1.63173e+000	2.08579e-001	
9.80654e-001	4.27648e-001	
4.29098e-001	6.51716e-001	
3.77380e-001	7.60314e-001	
1.51022e+000	2.60548e-001	
1.03743e+000	3.21203e-001	
1.15595e+000	2.70302e-001	
7.50187e-002	8.72277e-001	
1.05774e+000	3.08236e-001	
9.71727e-001	4.64636e-001	
1.20452e+000	2.64800e-001	
3.82978e-001	7.36943e-001	
1.59014e+000	2.26918e-001	
1.51519e+000	2.52143e-001	
1.61647e+000	2.09705e-001	
9.36649e-001	5.92200e-001	
3.49640e-001	8.27725e-001	
3.71395e-001	7.96222e-001	
9.27873e-001	5.95792e-001	
1.66350e+000	1.78529e-001	
4.11999e-001	6.55402e-001	
4.56952e-004	1.00300e+000	
1.48986e+000	2.62182e-001	
1.70521e+000	8.31276e-002	
2.70721e-003	9.73053e-001	
3.67034e-001	7.98985e-001	
3.30569e-002	8.81152e-001	
1.63317e+000	1.98916e-001	
3.93544e-001	6.76364e-001	
1.73859e+000	4.17816e-004	
2.11076e-002	9.22208e-001	
1.02547e+000	3.50115e-001	
1.04361e+000	3.16453e-001	
9.15676e-001	6.26434e-001	
9.15493e-002	8.60780e-001	
1.71956e+000	3.51163e-002	
9.46453e-001	5.77000e-001	
1.61281e+000	2.11901e-001	
3.72939e-001	7.63602e-001	
1.70302e+000	1.02896e-001	
3.90154e-001	7.31101e-001	
1.57167e+000	2.36080e-001	
3.63346e-001	8.04067e-001	
1.12566e+000	2.76507e-001	
1.12024e+000	2.78498e-001	
3.78960e-001	7.41338e-001	
1.08579e+000	2.93866e-001	
2.66730e-002	8.94365e-001	
1.55685e+000	2.39577e-001	
1.64559e+000	1.83966e-001	
1.55081e+000	2.43149e-001	
4.60295e-004	1.01033e+000	
1.81451e+000	2.56043e-004	
9.27112e-001	6.09412e-001	
4.98804e-001	6.31029e-001	
1.20819e+000	2.64238e-001	
3.49819e-001	8.28149e-001	
1.50224e+000	2.61714e-001	
9.18126e-002	8.63256e-001	
1.70488e+000	1.68402e-001	
1.71204e+000	1.03527e-001	
4.24745e-001	6.55159e-001	
4.57691e-001	6.34238e-001	
9.47894e-001	5.77878e-001	
1.75211e+000	1.60339e-003	
9.63265e-001	5.13801e-001	
1.16459e+000	2.69447e-001	
1.00029e+000	3.58338e-001	
9.71639e-001	4.64594e-001	
1.72807e+000	8.42420e-002	
1.66851e+000	1.79066e-001	
9.95547e-001	4.34565e-001	
1.03745e+000	3.21208e-001	
3.65916e-001	8.09754e-001	
9.98350e-001	3.71858e-001	
3.76083e-001	7.70039e-001	
9.51646e-001	5.37940e-001	
1.67571e-002	9.49557e-001	
3.91915e-001	7.18258e-001	
2.75319e-003	9.89581e-001	
1.73345e+000	3.53998e-002	
1.58939e+000	2.26809e-001	
2.12610e-002	9.28910e-001	
