3.55974e-004	9.99790e-001	
1.00030e+000	2.15538e-004	
3.39239e-001	5.73544e-001	
3.04961e-001	6.12071e-001	
4.30490e-001	4.77449e-001	
1.56700e-001	7.94117e-001	
4.07691e-001	4.99680e-001	
4.50827e-001	4.56857e-001	
1.77842e-002	9.76584e-001	
5.19668e-001	3.88916e-001	
2.25913e-001	7.06266e-001	
9.63180e-001	2.78145e-002	
4.86527e-001	4.20283e-001	
8.18463e-001	1.36701e-001	
1.72745e-001	7.73038e-001	
1.41298e-001	8.12489e-001	
2.40071e-001	6.91290e-001	
5.72714e-001	3.39834e-001	
3.74915e-001	5.34960e-001	
2.94462e-001	6.25608e-001	
8.01612e-001	1.51215e-001	
8.89605e-001	8.27148e-002	
5.38885e-001	3.71786e-001	
7.71013e-001	1.73794e-001	
2.67371e-001	6.56074e-001	
6.93095e-001	2.37782e-001	
7.51257e-001	1.89757e-001	
8.29652e-001	1.28075e-001	
7.14801e-001	2.19991e-001	
9.84232e-001	1.19486e-002	
2.84417e-001	6.36373e-001	
6.23234e-001	2.95404e-001	
7.01836e-001	2.29168e-001	
6.80377e-001	2.47982e-001	
4.61686e-001	4.44742e-001	
3.51043e-001	5.60976e-001	
6.05887e-002	9.19370e-001	
4.97760e-001	4.09431e-001	
9.03433e-001	7.37602e-002	
5.21872e-002	9.30529e-001	
8.77298e-001	9.20121e-002	
2.75828e-001	6.46835e-001	
1.86689e-001	7.54703e-001	
7.60284e-001	1.83015e-001	
1.02557e-001	8.63904e-001	
3.63271e-001	5.47346e-001	
7.27462e-002	9.05897e-001	
9.52197e-001	3.58121e-002	
5.95598e-001	3.19827e-001	
7.23896e-001	2.11215e-001	
6.30958e-001	2.88743e-001	
3.85348e-001	5.23480e-001	
8.48131e-002	8.88921e-001	
3.96244e-001	5.11675e-001	
5.42035e-001	3.68053e-001	
7.83769e-001	1.63743e-001	
2.13420e-001	7.21389e-001	
4.70959e-001	4.35539e-001	
1.78043e-001	7.66041e-001	
5.56603e-001	3.55779e-001	
5.59162e-001	3.52973e-001	
7.37473e-001	2.00477e-001	
2.57351e-001	6.70068e-001	
2.47883e-001	6.80735e-001	
6.41991e-001	2.79344e-001	
9.25155e-001	5.59280e-002	
6.09753e-001	3.07145e-001	
3.17735e-002	9.57533e-001	
1.27003e-001	8.31296e-001	
6.47819e-001	2.74508e-001	
1.09462e-001	8.54013e-001	
8.55103e-001	1.08818e-001	
5.82930e-001	3.30718e-001	
4.30417e-002	9.42867e-001	
2.55816e-002	9.66367e-001	
9.11677e-001	6.61817e-002	
8.68182e-001	9.87107e-002	
1.93862e-001	7.45485e-001	
9.36304e-001	4.75289e-002	
1.17865e-001	8.43128e-001	
6.06940e-001	3.09475e-001	
9.41414e-002	8.74213e-001	
6.71860e-001	2.55875e-001	
3.58905e-001	5.54100e-001	
7.01774e-002	9.09429e-001	
8.41134e-001	1.19227e-001	
5.09199e-001	3.99416e-001	
9.87887e-001	9.15994e-003	
6.58241e-001	2.65403e-001	
8.44199e-001	1.17077e-001	
7.33349e-001	2.03581e-001	
1.34864e-001	8.21073e-001	
9.18792e-001	6.05901e-002	
5.88572e-001	3.26106e-001	
8.61932e-001	1.04911e-001	
3.91144e-001	5.16953e-001	
4.42029e-002	9.41287e-001	
5.06575e-001	4.01338e-001	
2.53590e-001	6.73589e-001	
2.03181e-001	7.36705e-001	
