8.89391e-001	1.64725e-002	
8.24642e-001	8.33135e-002	
5.76876e-001	3.31615e-001	
5.30503e-001	3.76328e-001	
7.91871e-002	8.25878e-001	
1.46828e-001	7.59310e-001	
7.54925e-001	1.50401e-001	
1.26242e-001	7.87303e-001	
1.69751e-001	7.35899e-001	
3.04411e-001	6.00241e-001	
3.95938e-001	5.12287e-001	
8.44538e-001	6.07404e-002	
7.78051e-001	1.28002e-001	
5.65026e-002	8.47575e-001	
5.08056e-001	3.99294e-001	
3.41604e-002	8.72869e-001	
7.09051e-001	1.95395e-001	
8.91633e-001	1.53879e-002	
4.72452e-001	4.58372e-001	
5.54249e-001	3.55206e-001	
9.12133e-001	0.00000e+000	
2.27439e-001	7.10473e-001	
2.84804e-001	6.25684e-001	
5.97916e-001	3.10718e-001	
6.91427e-001	2.22093e-001	
8.65207e-001	3.82841e-002	
4.50020e-001	4.72649e-001	
3.73038e-001	5.33921e-001	
6.68111e-001	2.46533e-001	
2.96413e-002	9.48194e-001	
2.60149e-001	6.46363e-001	
6.44380e-001	2.64228e-001	
5.76276e-001	3.31270e-001	
9.13720e-001	0.00000e+000	
3.95520e-001	5.11747e-001	
7.77269e-001	1.27978e-001	
7.55026e-001	1.50421e-001	
3.41472e-002	8.72532e-001	
8.44853e-001	6.07630e-002	
5.30355e-001	3.76223e-001	
7.92006e-002	8.26020e-001	
2.85993e-001	6.28295e-001	
1.46827e-001	7.59308e-001	
3.06359e-001	6.00745e-001	
5.54028e-001	3.55064e-001	
8.24979e-001	8.33475e-002	
2.60576e-001	6.47425e-001	
3.74904e-001	5.34605e-001	
6.69334e-001	2.46985e-001	
8.67428e-001	3.83823e-002	
6.47840e-001	2.70267e-001	
6.91205e-001	2.22022e-001	
5.96941e-001	3.10211e-001	
4.75065e-001	4.60906e-001	
8.91809e-001	1.54466e-002	
1.27009e-001	7.86889e-001	
7.08756e-001	1.95313e-001	
1.69720e-001	7.35767e-001	
3.95874e-001	5.12205e-001	
3.06302e-001	6.00633e-001	
9.13076e-001	0.00000e+000	
3.74366e-001	5.33837e-001	
2.60579e-001	6.47431e-001	
8.90812e-001	1.64988e-002	
2.85616e-001	6.27469e-001	
6.69229e-001	2.46946e-001	
7.91135e-002	8.26251e-001	
5.98538e-001	3.11552e-001	
8.67725e-001	3.83955e-002	
7.10087e-001	1.95680e-001	
7.77648e-001	1.28218e-001	
7.54198e-001	1.51292e-001	
3.41598e-002	8.72855e-001	
5.75997e-001	3.31110e-001	
1.47359e-001	7.59496e-001	
4.74560e-001	4.60417e-001	
8.45159e-001	6.07851e-002	
1.26176e-001	7.86890e-001	
6.91307e-001	2.22055e-001	
5.54562e-001	3.55406e-001	
6.48122e-001	2.70385e-001	
5.30898e-001	3.76608e-001	
1.69828e-001	7.35279e-001	
8.23994e-001	8.30890e-002	
3.41393e-002	8.72330e-001	
9.13211e-001	0.00000e+000	
3.95499e-001	5.11719e-001	
5.38366e-001	3.89189e-001	
6.69337e-001	2.46986e-001	
2.60565e-001	6.47397e-001	
1.69842e-001	7.35342e-001	
7.10449e-001	1.95780e-001	
5.98626e-001	3.11087e-001	
7.92566e-002	8.26603e-001	
1.26318e-001	7.87776e-001	
3.54805e-001	5.99644e-001	
7.56621e-001	1.50738e-001	
8.25013e-001	8.33510e-002	
3.76267e-001	5.36548e-001	
1.46685e-001	7.58573e-001	
