4.30899e-004	1.01333e+000	
1.00674e+000	2.16161e-003	
8.32345e-002	9.44851e-001	
1.15535e-001	9.22421e-001	
5.72136e-001	5.35712e-001	
7.27234e-001	3.59414e-001	
6.90155e-001	4.12332e-001	
6.38791e-001	4.71507e-001	
8.78269e-001	1.74034e-001	
4.47434e-001	6.55343e-001	
4.65746e-001	6.41125e-001	
5.56646e-001	5.53914e-001	
9.62305e-001	6.12813e-002	
8.31084e-001	2.34925e-001	
9.80326e-001	3.73184e-002	
8.97616e-001	1.48256e-001	
9.46706e-001	9.19045e-002	
2.23567e-001	8.40332e-001	
7.08748e-001	3.94128e-001	
7.11139e-001	3.80099e-001	
3.10593e-001	7.74238e-001	
6.56178e-001	4.48167e-001	
8.51493e-001	2.21353e-001	
2.68367e-001	8.10950e-001	
2.96128e-001	7.87599e-001	
3.55731e-001	7.33660e-001	
9.99040e-001	2.13690e-002	
4.77919e-001	6.26570e-001	
4.33596e-001	6.68394e-001	
7.90311e-001	2.96658e-001	
8.18809e-001	2.45918e-001	
9.21953e-001	1.22798e-001	
5.86350e-001	5.21449e-001	
9.58500e-001	7.30847e-002	
5.06943e-002	9.72761e-001	
7.97369e-001	2.79821e-001	
5.51647e-001	5.73754e-001	
8.66864e-001	2.01426e-001	
1.71080e-001	8.95794e-001	
2.43125e-001	8.23239e-001	
7.77994e-001	3.07236e-001	
6.81290e-001	4.26780e-001	
7.40999e-001	3.48715e-001	
9.08614e-001	1.32580e-001	
8.71009e-001	1.81102e-001	
4.08618e-002	9.84327e-001	
4.02751e-001	6.92786e-001	
5.05849e-001	6.01153e-001	
2.45727e-001	8.20971e-001	
6.79077e-002	9.57305e-001	
3.71163e-001	7.23406e-001	
2.06567e-001	8.56424e-001	
1.50785e-001	9.00314e-001	
4.23239e-001	6.78219e-001	
8.13620e-001	2.64200e-001	
3.79537e-001	7.20527e-001	
2.57930e-002	9.86553e-001	
8.60527e-001	2.13926e-001	
7.48101e-001	3.39517e-001	
4.15719e-001	6.86284e-001	
9.86985e-001	3.03310e-002	
7.55276e-001	3.27936e-001	
6.71493e-001	4.34713e-001	
2.82049e-001	7.95006e-001	
3.44819e-001	7.51436e-001	
1.12576e-002	1.00391e+000	
4.92102e-001	6.20245e-001	
2.15854e-001	8.49806e-001	
4.96183e-001	6.10783e-001	
6.16844e-002	9.60812e-001	
6.31990e-001	4.83691e-001	
9.35024e-001	1.04015e-001	
3.25884e-001	7.60659e-001	
1.32495e-001	9.18842e-001	
1.35169e-002	9.92315e-001	
8.06180e-001	2.68931e-001	
9.28727e-001	1.06213e-001	
3.88523e-001	7.05343e-001	
1.74458e-001	8.82225e-001	
1.85601e-001	8.79863e-001	
2.76466e-001	8.02371e-001	
5.19104e-001	5.95799e-001	
3.23417e-001	7.62146e-001	
6.22290e-001	4.87422e-001	
6.65400e-001	4.45396e-001	
3.49663e-001	7.50276e-001	
1.94859e-001	8.64644e-001	
7.65928e-001	3.13770e-001	
6.06194e-001	4.97470e-001	
3.94395e-001	7.03603e-001	
9.02875e-001	1.43330e-001	
5.24197e-001	5.90630e-001	
5.99201e-001	5.09976e-001	
1.34915e-001	9.09862e-001	
1.47781e-001	9.08316e-001	
7.61619e-001	3.18524e-001	
5.35856e-001	5.76504e-001	
1.89433e-001	8.67307e-001	
5.94506e-001	5.11698e-001	
5.30491e-001	5.80532e-001	
