8.41082e-005	1.00785e+000	
9.91283e-001	5.51032e-004	
7.68732e-001	1.55991e-002	
8.77985e-001	7.09850e-003	
8.13322e-001	1.17497e-002	
9.39941e-001	3.91764e-003	
8.18113e-003	8.63144e-001	
1.87458e-002	7.37509e-001	
1.84865e-003	9.69121e-001	
6.00478e-003	8.98021e-001	
3.29804e-002	6.29276e-001	
6.82985e-001	2.50015e-002	
1.45944e-002	7.84121e-001	
7.20860e-001	2.05159e-002	
9.56558e-001	2.51479e-003	
2.32205e-002	6.98042e-001	
7.33013e-001	1.91047e-002	
1.65690e-002	7.64614e-001	
4.28544e-003	9.24531e-001	
8.47092e-001	9.50732e-003	
1.06110e-002	8.28168e-001	
2.82791e-002	6.59029e-001	
3.50882e-001	1.16957e-001	
3.68606e-001	1.08342e-001	
1.20906e-002	8.17270e-001	
3.28221e-003	9.45539e-001	
7.27524e-002	4.59002e-001	
2.64995e-001	1.71440e-001	
4.47061e-002	5.65018e-001	
6.31261e-002	4.90158e-001	
4.98510e-002	5.41765e-001	
3.83799e-001	1.01713e-001	
3.69847e-002	6.04866e-001	
2.51570e-001	1.81519e-001	
3.98135e-001	9.49474e-002	
6.84338e-002	4.71962e-001	
1.80009e-001	2.53538e-001	
4.14428e-001	9.11094e-002	
5.63347e-001	4.51975e-002	
2.95582e-001	1.48954e-001	
8.00599e-002	4.36781e-001	
4.26617e-001	8.37606e-002	
2.78079e-001	1.61706e-001	
5.85086e-002	5.06391e-001	
8.81912e-002	4.15055e-001	
2.65152e-002	6.72151e-001	
2.41805e-001	1.89931e-001	
1.49832e-001	2.94227e-001	
8.60028e-001	8.49739e-003	
4.19045e-002	5.80099e-001	
1.59473e-001	2.86035e-001	
3.08241e-001	1.40871e-001	
2.09306e-001	2.20773e-001	
2.33527e-001	1.97192e-001	
6.26921e-001	3.32026e-002	
6.68466e-001	2.69467e-002	
6.44005e-001	3.05075e-002	
5.99642e-001	3.79002e-002	
6.15715e-001	3.50450e-002	
5.26840e-001	5.35310e-002	
5.14328e-001	5.67518e-002	
1.43605e-001	3.03789e-001	
5.88655e-001	4.00308e-002	
5.74094e-001	4.31296e-002	
5.28875e-002	5.29899e-001	
2.19383e-001	2.11153e-001	
2.87192e-001	1.57005e-001	
1.89681e-001	2.42988e-001	
3.94004e-002	5.92924e-001	
5.41468e-001	4.98983e-002	
1.06909e-001	3.71770e-001	
2.43672e-002	6.89361e-001	
5.58712e-002	5.17346e-001	
1.37979e-001	3.13401e-001	
3.25485e-001	1.30945e-001	
1.12381e-001	3.60147e-001	
4.82423e-001	6.56181e-002	
2.24382e-001	2.05497e-001	
6.55185e-001	2.94039e-002	
1.71045e-001	2.64934e-001	
5.02190e-001	5.99440e-002	
3.16059e-001	1.36297e-001	
9.86759e-002	3.89522e-001	
1.02942e-001	3.79958e-001	
4.92578e-001	6.23622e-002	
3.36442e-001	1.24347e-001	
4.70839e-001	6.88293e-002	
1.93991e-001	2.37296e-001	
9.40300e-002	4.01374e-001	
8.39943e-002	4.25749e-001	
1.27023e-001	3.32004e-001	
1.16402e-001	3.52410e-001	
1.63617e-001	2.74823e-001	
4.64834e-001	7.32581e-002	
4.39737e-001	7.96995e-002	
1.24363e-001	3.41282e-001	
1.32872e-001	3.21964e-001	
1.20309e-001	3.46190e-001	
2.01768e-001	2.30235e-001	
5.40156e-001	5.14725e-002	
