1.41491e+000	3.64021e-004	
5.08746e-005	1.34164e+000	
1.25918e-001	7.88022e-002	
6.52078e-002	2.01770e-001	
8.17606e-002	1.27601e-001	
5.47422e-002	2.45282e-001	
1.93040e-001	7.39837e-002	
1.18095e-001	8.94479e-002	
6.30365e-002	2.06302e-001	
1.02201e+000	3.23564e-002	
1.35228e+000	2.92608e-003	
8.03615e-001	4.83696e-002	
1.98305e-001	5.99943e-002	
8.59018e-002	9.05419e-002	
7.29149e-002	1.50042e-001	
8.61470e-002	1.27600e-001	
8.85174e-002	9.32418e-002	
6.59649e-002	2.04113e-001	
8.40947e-001	5.29278e-002	
7.65167e-002	1.70938e-001	
1.19406e+000	3.94683e-002	
1.26095e-001	7.89132e-002	
5.18777e-001	5.91329e-002	
7.80329e-002	1.60574e-001	
2.10919e-001	6.27824e-002	
8.97436e-004	1.36521e+000	
5.89300e-002	7.07146e-001	
1.44223e+000	3.71050e-004	
7.60829e-002	1.71915e-001	
1.30854e+000	4.51912e-002	
9.16718e-002	1.35783e-001	
2.78545e-001	6.56241e-002	
1.29785e-001	9.43760e-002	
9.07878e-004	1.38110e+000	
1.33436e-001	8.32950e-002	
1.44196e+000	3.93414e-005	
1.25100e+000	4.79066e-002	
7.96491e-002	1.63900e-001	
2.32829e-001	6.93042e-002	
1.28385e-001	9.99010e-002	
9.59868e-002	1.02749e-001	
5.67870e-001	6.31576e-002	
8.55604e-001	5.38503e-002	
6.63016e-002	2.05155e-001	
9.36668e-002	1.10174e-001	
5.90032e-001	5.88794e-002	
2.18084e-001	7.03165e-002	
8.65274e-002	1.51544e-001	
1.32245e+000	4.39902e-002	
2.39582e-004	1.39412e+000	
7.04490e-002	2.17988e-001	
1.47889e+000	4.79140e-002	
1.33705e-001	9.23428e-002	
1.51014e+000	3.22310e-004	
1.00081e-001	1.07132e-001	
8.31811e-002	1.71204e-001	
7.74577e-002	1.73040e-001	
6.55123e-002	2.94070e-001	
8.68870e-001	5.46852e-002	
9.44663e-002	1.12355e-001	
1.35287e-001	8.44501e-002	
9.08039e-002	1.48687e-001	
8.90276e-002	1.55815e-001	
5.48669e-001	6.46981e-002	
1.31655e-001	9.69841e-002	
2.20031e-001	7.09443e-002	
8.93743e-001	5.32453e-002	
6.82197e-001	6.09672e-002	
2.45388e-004	1.42790e+000	
9.65167e-001	5.47597e-002	
9.09707e-001	5.72554e-002	
7.21938e-002	2.23387e-001	
2.44669e-001	7.13339e-002	
1.39598e-001	1.01512e-001	
9.36867e-002	1.43012e-001	
8.07040e-002	1.85099e-001	
1.31995e-001	1.02710e-001	
6.84338e-001	6.28971e-002	
1.51169e+000	5.22071e-002	
1.53370e+000	2.67820e-005	
6.40171e-001	6.41410e-002	
8.44519e-002	1.73243e-001	
7.33183e-002	2.20528e-001	
2.18963e-001	8.39188e-002	
9.55774e-002	1.13677e-001	
1.42652e-001	9.65027e-002	
6.51625e-002	3.10933e-001	
6.64433e-002	2.97710e-001	
6.96307e-002	2.27883e-001	
5.75500e-001	6.58124e-002	
1.01235e-001	1.08367e-001	
2.21743e-001	7.35733e-002	
2.45612e-004	1.42921e+000	
1.54548e+000	3.97613e-004	
6.61711e-002	6.81596e-001	
9.23728e-001	5.81378e-002	
6.42207e-001	6.44071e-002	
6.77745e-002	3.03542e-001	
3.93065e-001	7.13709e-002	
9.19383e-001	6.23907e-002	
