1.95559  0  4.19196e-019  
1.87123e-033  2.41058e-050  5.3632  
3.02075  1.73025e-017  5.00345e-073  
5.70906  2.33515e-082  2.23152e-059  
2.73281e-018  3.28627e-032  3.12061  
2.38939e-066  5.05013e-014  3.99877  
4.26911  7.91492e-085  1.23452e-055  
2.16649e-005  1.17775  2.05529e-022  
9.75004e-027  0.000921158  1.0456  
0  1.00164  7.09674e-013  
5.3684  4.06014e-086  1.5524e-055  
2.44166e-035  2.82316e-047  5.08193  
4.86955  3.06734e-081  1.90337e-059  
0.000401226  6.04635e-014  1.05019  
4.63276  4.67723e-085  1.33967e-055  
0.0015732  4.70236e-030  1.09633  
2.24866e-028  2.27777e-044  4.6213  
3.77373  2.77013e-080  2.37884e-051  
2.01266  4.44028e-062  7.03393e-060  
0.00414412  8.98468e-028  1.02251  
2.08117e-026  2.86591  4.17656e-041  
1.1485  1.5382e-008  1.89592e-008  
0.536207  0.127432  0.113091  
4.82346e-029  0.462355  0.379928  
0.0599076  1.0914  1.90461e-022  
3.31504e-036  2.65428e-011  2.41246  
0  1.33681  1.68868e-018  
7.57429e-030  2.60293  9.8841e-038  
0.297443  0.624919  1.97849e-047  
1.84471  1.09409e-061  5.9245e-060  
8.69864e-010  0  2.90837  
0.398748  1.02679e-024  0.754572  
0  1.00435  1.41138e-013  
1.58001  3.62749e-061  3.9836e-060  
0.0471123  0.915379  0.00854757  
0.00104015  1.15049  4.37662e-018  
1.15696  1.67511e-008  1.7924e-008  
0.00342879  1.03122  1.4307e-018  
2.75255  7.92805e-020  4.99759e-071  
2.35105  0  6.68977e-020  
1.46779  2.70422e-057  2.89391e-056  
2.46158e-063  1.43371e-019  2.60263  
1.1632  0  7.69946e-006  
1.22824e-008  0  2.72631  
0.472314  0.210327  0.111923  
0  0.571162  0.638724  
2.53358  3.22549e-016  2.03324e-067  
3.8833e-032  1.11483e-039  4.14989  
0.580262  0  0.815129  
0.0216168  1.58865  5.26909e-037  
0  1.04201  8.55748e-018  
2.86082  2.89796e-065  2.23008e-039  
0.525519  0.31209  0.0741301  
0.000162048  0.000125722  1.07526  
1.4628e-032  2.4305  7.48043e-024  
1.13289  0  0.000106011  
0.994108  0.0093268  0.0221754  
1.20556  0  7.194e-010  
5.72815e-016  1.7323  8.07148e-026  
3.22848  6.84391e-067  1.02213e-046  
0.0602304  0.0711935  0.91152  
1.07913  2.02216e-005  0.00190444  
0.464379  0  0.910967  
2.10617e-016  3.1889  3.41368e-057  
0.356919  1.3831e-013  0.518262  
6.63695e-027  2.25672e-044  4.483  
0.0226412  0  1.13131  
1.05254e-025  2.11038e-044  4.28169  
0.871176  0.0550297  0.0095452  
4.49055e-006  0.000512745  1.11403  
2.29622e-032  2.34149  6.71867e-026  
1.08689  0.00286924  0.000658488  
0.12209  0.423713  0.0329564  
0  1.02909  3.98178e-017  
2.01438e-026  6.30995e-046  4.3802  
2.45073  6.30338e-015  1.99564e-061  
1.08161  3.11915e-008  0.000756249  
0.226512  0.980712  6.18208e-052  
2.55579e-056  0.268482  0.496544  
2.34818e-062  0.300345  0.439354  
2.69606e-030  1.47894  1.53471e-023  
0.157173  0.55861  6.79671e-036  
1.1306  1.98641e-009  0.000602809  
1.04495e-005  0.00186493  1.02255  
3.67205  1.84074e-078  2.31474e-051  
3.63167e-014  6.38387e-022  1.45387  
0.266992  2.23018e-033  0.912792  
1.21577  4.92572e-050  1.18041e-048  
0  7.28935e-009  1.13791  
0  1.00809  6.55369e-017  
1.1185  1.29113e-006  1.38154e-006  
0  3.65473  7.60831e-018  
0.119407  0  1.17712  
0.643163  0.955075  1.6667e-022  
4.44768e-024  8.32851e-009  2.15907  
4.77315  3.25638e-036  8.32962e-022  
0  3.34725  2.53798e-017  
2.2819e-005  1.24049  2.16477e-022  
2.25762  0  6.17402e-019  
3.49918  0  6.83586e-020  
