5.53759  5.53759  8.90854e-009  
8.16387e-032  4.02127e-014  4.06943  
0.0235674  3.75101e-033  2.9786  
3.74988e-033  0.0306045  3.2294  
4.28039e-005  1.2178  2.44925  
1.20366  0.47028  0.802785  
0.15074  0.369079  1.59198  
0.717792  1.16356  0.479484  
1.01885  0.663318  0.401045  
0.120569  0.142352  1.96679  
0.845798  0.618779  1.05956  
0.96925  0.769424  0.349262  
1.08296  0.863123  0.275344  
0.00943708  0.961101  1.52009  
0.420971  1.12768  0.708871  
0.30845  0.0157199  2.48739  
1.01216  0.251401  0.971443  
0.00170994  2.70798e-005  3.86404  
0.98124  0.999628  0.0703808  
0.191755  1.04352  0.997271  
0.130979  0.410949  1.77034  
0.00902384  1.32906e-005  3.34037  
0.6611  0.907305  0.559225  
0.505554  0.964386  0.660548  
4.12401e-005  0.699169  2.59701  
0.0239727  0.757073  1.42175  
1.12029  0.179594  1.26201  
1.03207  0.201769  0.892259  
0.386673  0.395314  1.3073  
3.75163e-033  0.121927  3.04519  
1.05372  1.03135  0.0333675  
0.0448838  0.547148  1.81163  
0.000333134  0.0100125  3.45098  
0.0342738  0.0176538  2.09709  
1.16584  1.16584  5.16861e-008  
0.873974  0.92045  0.530708  
0.994674  0.980788  0.160412  
0.763304  0.725824  0.956076  
1.16046  4.38659e-033  2.38991  
0.869816  0.800877  0.788988  
0.00384297  0.000561534  3.58962  
0.525872  0.836469  0.749842  
0.0126597  1.08677  1.34133  
0.79282  0.871317  0.596107  
0.514752  0.870399  0.813891  
0.467032  1.83305e-014  2.66314  
0.608521  0.00874776  2.2295  
0.795742  1.01363  0.229088  
0.645587  0.0275427  1.62539  
0.255173  0.00370919  2.67711  
1.03436  0.980092  0.16414  
0.928748  0.00826022  1.69891  
0.457207  0.826488  0.92263  
3.78644e-033  0.430695  2.94503  
0.860949  0.189727  1.18904  
0.00290289  1.03388e-005  3.7847  
0.000531418  1.0069  2.1867  
0.910182  0.531279  0.947359  
0.351569  2.16286e-006  2.69726  
0.0111868  0.000497992  3.19984  
0.491552  0.555433  1.15419  
0.927564  0.222214  1.13401  
0.00770569  0.508339  2.02271  
0.00035388  0.000105069  3.95762  
0.23156  0.925044  1.23928  
0.00289403  2.70732e-005  3.76019  
0.375842  1.02275  0.726891  
0.00356851  0.513307  2.31819  
0.00987397  0.00109074  3.29062  
0.558492  7.86837e-016  2.73336  
5.28799e-005  0.00423881  3.55378  
0.000304783  8.65962e-005  3.98326  
0.808559  0.0275711  1.35998  
0.00520554  4.06898e-014  3.67189  
0.000766769  0.0209063  3.06396  
4.09072e-005  0.44906  2.79886  
0.0147886  6.45632e-005  3.1301  
1.53566e-005  0.00896791  3.50128  
0.00309276  0.000497945  3.69128  
0.182519  0.000396122  2.89997  
1.13788  0.0186775  1.22337  
0.629215  0.00543392  1.89795  
0.534379  1.66056e-014  2.54735  
0.022872  0.577407  1.66533  
0.210934  0.939011  1.28514  
0.00914257  0.731302  2.00877  
0.0202857  0.879303  1.39822  
0.214233  0.0189995  1.85455  
0.00685714  0.52011  2.06837  
0.0257886  1.1083  1.09548  
0.00462488  0.186482  2.52804  
0.0157353  0.000630809  3.0346  
0.0126469  0.00103704  3.12031  
9.35575e-008  0.456832  2.8515  
0.0112918  0.558868  1.86349  
0.019833  0.208641  1.81321  
0.000506257  1.10609  2.19079  
0.937669  6.41769e-006  2.28029  
3.19758e-006  0.0115318  3.24991  
0.789919  1.0022  0.267264  
