3.77258e+023  1.2369e-022  
1.#INF  0  
1.12377  0.928727  
3.03883e+023  1.70572e-022  
5.3187e+022  5.94851e-022  
1.43285e+022  1.71229e-021  
8.45488e+021  2.78352e-021  
5.39042e+021  1.19106e-020  
5.52223e+020  3.42484e-020  
5.78017e+021  1.08825e-020  
2.44106e+020  6.05243e-020  
1.28321e+020  6.07654e-020  
2.20102e+019  2.19701e-019  
9.73295e+018  1.39114e-018  
1.72916e+019  2.26057e-019  
4.27093e+018  1.65259e-018  
1.39536e+019  1.23274e-018  
1.1348e+018  3.48654e-018  
4.03852e+018  2.32962e-018  
1.61176e+019  3.28462e-019  
1.45049e+019  3.5767e-019  
4.75787e+017  1.03543e-017  
8.6344e+017  6.07145e-018  
1.98372e+017  1.68685e-017  
6.96518e+017  6.75726e-018  
4.87135e+016  2.60399e-017  
2.3244e+016  1.21426e-016  
1.74004e+016  2.11017e-016  
7.42718e+015  3.53385e-016  
2.02364e+015  9.81799e-016  
4.56405e+015  5.84324e-016  
3.92393e+015  7.66849e-016  
6.72572e+015  4.11663e-016  
8.70245e+014  1.24378e-015  
6.91825e+015  3.57955e-016  
5.60037e+014  5.73736e-015  
1.8231e+014  8.63104e-015  
1.64357e+014  3.10411e-014  
9.15634e+013  4.09059e-014  
4.32439e+013  1.23535e-013  
5.78289e+013  8.89942e-014  
9.01716e+013  4.51968e-014  
1.82115e+013  1.50376e-013  
5.42734e+013  1.06157e-013  
1.25654e+013  2.68193e-013  
6.08325e+012  3.09407e-013  
1.60689e+013  2.52415e-013  
4.06417e+012  3.21549e-013  
1.83505e+012  6.70329e-013  
9.22509e+011  2.16863e-012  
4.4259e+011  4.14342e-012  
3.67876e+011  9.03639e-012  
1.97152e+011  1.46644e-011  
1.24811e+011  3.71284e-011  
3.00958e+010  6.02444e-011  
1.61652e+011  1.9373e-011  
2.47976e+010  9.56772e-011  
8.01574e+009  2.00811e-010  
3.99354e+009  2.83323e-010  
2.23163e+009  1.10728e-009  
1.06918e+009  1.57162e-009  
3.48914e+009  6.20766e-010  
2.6452e+009  6.81082e-010  
8.83275e+008  1.86928e-009  
5.912e+008  2.26604e-009  
3.69423e+008  3.29895e-009  
4.90261e+008  2.61606e-009  
2.40035e+008  4.2334e-009  
5.36054e+008  2.32425e-009  
1.39887e+008  9.92931e-009  
1.96603e+008  6.78412e-009  
1.17544e+008  1.21516e-008  
8.261e+007  1.3649e-008  
2.18833e+008  5.64414e-009  
3.83772e+007  3.33107e-008  
5.49822e+007  2.56684e-008  
2.23331e+008  5.62836e-009  
6.18516e+007  2.55767e-008  
7.54987e+007  2.13922e-008  
1.54551e+007  6.958e-008  
2.47002e+007  4.54838e-008  
2.99445e+007  3.98607e-008  
7.98757e+007  1.74791e-008  
2.82592e+007  4.20563e-008  
1.10838e+007  1.04594e-007  
8.49579e+006  1.30877e-007  
1.07703e+007  1.20619e-007  
6.87105e+006  1.76005e-007  
5.02637e+006  2.12846e-007  
3.49649e+006  3.16196e-007  
4.84321e+006  2.56308e-007  
7.57221e+006  1.49984e-007  
2.34695e+006  4.9754e-007  
3.2923e+006  3.25906e-007  
7.25122e+006  1.55438e-007  
1.84724e+006  6.23297e-007  
2.15018e+006  5.65688e-007  
1.3015e+006  9.50506e-007  
1.13748e+006  1.07477e-006  
559600  1.97566e-006  
