2.03765e-025  1.32466  
4.42956  7.82686e-009  
3.08002  1.60859e-008  
4.39306  1.36418e-008  
0.87239  0.835832  
3.05592e-011  1.01115  
2.81019  0.00194431  
2.21032  0.00359269  
1.43121  0.0127096  
1.91801  0.01216  
7.87354e-020  1.08987  
7.48988e-021  1.3047  
1.22426  0.0243997  
2.0341  0.00775425  
0.961252  0.670214  
1.95277  0.0118231  
0.972962  0.568921  
0.92643  0.776437  
0.932384  0.704773  
2.03235  0.00929234  
1.18426  0.0377363  
0.889296  0.825509  
1.17368  0.105795  
1.16479  0.145528  
0.906168  0.798405  
1.18105  0.0716259  
1.22139  0.0329665  
0.942246  0.693713  
2.57344e-019  1.04663  
0.955168  0.677432  
0.913488  0.792273  
6.15427e-017  1.0221  
1.17874  0.0873973  
1.09073  0.350072  
1.14551  0.214262  
1.1504  0.203401  
1.09448  0.339714  
5.96012e-018  1.0421  
1.15571  0.179057  
1.01306  0.503363  
1.17611  0.0957983  
0.984438  0.552197  
1.12435  0.267037  
1.04002  0.453387  
1.00859  0.51098  
1.10879  0.305619  
1.08575  0.359049  
1.15309  0.192613  
1.01689  0.495554  
1.11814  0.28326  
1.09824  0.331608  
1.15946  0.164343  
1.15889  0.174284  
0.989966  0.542283  
1.03654  0.459309  
1.12737  0.259089  
1.142  0.221596  
1.10033  0.326829  
1.04386  0.445701  
1.00612  0.516937  
1.03518  0.466212  
1.11497  0.292709  
1.16396  0.153829  
1.11145  0.300123  
1.02025  0.491193  
1.16312  0.159799  
1.02316  0.486357  
1.13528  0.239882  
1.13787  0.231015  
1.03221  0.470931  
1.10285  0.319842  
1.07642  0.382123  
1.12182  0.275081  
1.14058  0.226614  
1.10497  0.313643  
1.15222  0.19494  
1.06859  0.395553  
1.06045  0.414845  
1.05602  0.420719  
1.04523  0.442259  
1.07128  0.389985  
1.00034  0.524821  
0.981525  0.555609  
1.13105  0.256169  
1.06287  0.407402  
1.13206  0.247509  
1.04861  0.437523  
1.08409  0.362831  
1.13662  0.237187  
1.07822  0.374268  
1.11448  0.295541  
1.05318  0.427417  
1.0838  0.368608  
0.979272  0.559074  
0.976018  0.565633  
0.993756  0.540503  
1.08111  0.370543  
1.02904  0.474481  
1.02827  0.476826  
1.06529  0.402629  
