5.0692  5.0692  2.15546e-034  
3.75041e-033  0.0179863  2.98467  
8.14732e-033  8.14732e-033  8.69187  
1.83164e-009  3.75015e-033  4.00081  
2.73721  2.73721  3.82448e-029  
5.96826e-033  1.3832e-029  6.36716  
1.80898  1.80898  0.00222536  
7.23921e-033  2.6496e-030  7.72306  
4.58665e-033  7.93683e-029  4.89321  
0.0281164  1.28699  1.43754  
1.4228  2.37971e-012  2.84562  
3.96419e-033  2.25804e-025  4.22914  
4.34112e-033  1.88522e-025  4.63127  
1.32774  0.0432508  1.39657  
0.317628  0.712173  1.03286  
3.8533e-033  8.10428e-025  4.11085  
0.969657  1.01661  0.120537  
1.08126  0.760252  0.376113  
0.0056063  3.75553e-033  3.5352  
0.361069  3.75178e-033  3.42037  
1.23233  0.0115778  1.84478  
4.41239e-033  9.55504e-026  4.7073  
0.278688  0.79798  1.31016  
0.234159  0.746689  1.61974  
1.13901  1.13893  0.0128692  
0.0591939  0.669896  1.65851  
1.05777  0.987247  0.316813  
1.10025  0.943587  0.202247  
4.53898e-033  5.88867e-026  4.84236  
0.0238037  0.273188  2.27215  
0.866695  0.85527  0.444186  
0.000528663  0.00252217  3.78246  
0.723497  0.39807  1.26984  
0.0637183  0.0871093  2.11181  
0.0116361  0.885072  1.98981  
0.63012  1.00041  0.763881  
0.787317  0.226755  1.44189  
0.223759  1.11528  0.971518  
0.939556  1.03004  0.258743  
1.26236  0.156749  1.15323  
0.535532  1.05719  0.525352  
0.752174  0.444983  1.19968  
0.606059  0.518963  1.33414  
3.79775e-005  0.0038682  3.86519  
0.406886  0.00111915  2.58506  
0.114026  0.180362  1.9579  
0.0222305  3.93017e-033  3.13475  
0.00836463  1.09276  1.76177  
0.365116  0.134103  1.56499  
1.71917e-005  1.2333  2.46651  
0.00416818  3.75328e-033  3.63612  
0.0162641  4.03901e-033  3.33365  
0.40017  0.422931  1.37119  
0.00619887  0.0107931  3.21175  
0.337088  1.04983  0.823498  
3.65085e-005  0.00409039  3.68684  
0.0911144  1.15223  1.08263  
0.0348484  0.304046  1.74088  
0.187771  0.00127879  2.79549  
0.923082  0.629215  0.710068  
0.456437  1.04309  0.890365  
0.585263  0.00543644  2.30915  
0.514766  0.540779  1.13795  
0.77319  0.000263329  2.87875  
1.04185  0.118478  1.24998  
0.885888  0.648658  0.577149  
0.000765811  3.76951e-033  3.94566  
0.667487  0.608556  0.921992  
0.910555  0.0417359  2.20491  
0.35284  0.000876411  3.06104  
1.01537  0.0122108  1.90667  
0.654988  0.948627  0.660926  
0.0251189  1.27223  1.47877  
0.478727  0.835472  0.863035  
0.813162  0.000280714  2.52888  
0.0085769  1.2029  1.72201  
1.05118  0.45598  0.610308  
1.18319  1.18319  0.00389944  
0.101846  0.163187  2.06338  
0.00738454  6.63234e-007  3.27923  
0.808602  1.18983  0.468135  
1.02827  0.995573  0.175644  
0.00310093  1.11022  2.16694  
0.994875  0.000374416  2.41541  
0.819478  3.42229e-005  2.95035  
0.115682  0.0760521  2.36167  
0.16244  0.0152496  2.33893  
0.131293  1.12699  1.10115  
1.00377  0.3555  0.926625  
0.956597  2.64891e-005  2.71503  
0.992319  0.0292981  1.52416  
1.25004  0.00821863  2.03217  
0.00425764  0.353966  2.63437  
1.01174  0.821947  0.522316  
0.906912  0.481105  1.09646  
0.736612  4.02839e-033  3.02555  
0.684074  1.03772  0.583869  
0.485881  1.00295  0.689184  
0.992882  0.558322  0.661301  
1.099  8.26608e-005  2.64109  
