7.17518e-017  0  1.1718  
1.03055  1.51339e-011  1.03035e-008  
2.41362e-023  6.13052e-017  1.00119  
0.0857244  2.57778  3.36075e-120  
0.806303  1.53646  4.58199e-122  
0.145005  2.36276  4.56324e-120  
6.30385e-013  1.27123  1.45575e-040  
0.259574  1.08963  4.81074e-120  
5.7174e-017  2.99282e-017  1.05391  
0.091975  0.335741  0.970608  
2.82595e-007  1.00822  0.00139812  
0.896846  0.478166  0.12902  
0.480767  0.894545  0.102974  
0.214681  0.667987  0.834996  
0.837878  0.238425  0.513569  
0.379631  0.390982  0.883011  
0.863451  0.205144  0.477726  
0.579065  0.395481  0.731931  
0.662245  0.122827  0.784466  
0.324921  0.945311  0.28251  
0.160822  0  1.01978  
0.877088  0.539341  0.228585  
0.396335  0.29526  0.998005  
0.607267  0.278  0.748371  
0.820569  0.503717  0.379985  
0.623507  0.52165  0.626945  
0.98947  0.0908888  0.183726  
0.237021  0.744682  0.756709  
0.457275  0.374338  0.863734  
0.501192  0.859264  0.244967  
0.69254  0.411272  0.613368  
0.348944  0.350011  0.895275  
0.292966  0.921132  0.3307  
0.715368  0.822002  0.0551974  
0.313541  0.713625  0.684985  
0.265298  0.655272  0.787787  
0.196556  0.798568  0.663136  
0.595182  0.585116  0.574392  
0.0457113  0.960251  0.391374  
0.0291909  0.985018  0.365683  
0.635917  0.836416  0.146167  
0.962583  0.318312  0.151185  
0.360644  0.95263  0.27133  
0.740387  0.68709  0.172929  
0.448401  0.888534  0.33652  
0.515697  0.0118672  0.937602  
0.176173  0.802766  0.581172  
0.279901  0.869304  0.415501  
0.245935  0.971131  0.342739  
0.925642  0.436107  0.202009  
0.796858  0.144808  0.605164  
0.338223  0.514136  0.809813  
0.127487  0.629158  0.847182  
0.0625993  0.644464  0.862831  
0.342938  0.448655  0.915005  
0.973455  0.261434  0.215113  
0.558273  0.647219  0.638911  
0.939897  0.221105  0.303434  
0.393221  0.593481  0.774686  
0.766066  0.182822  0.694846  
0.42629  0.74606  0.548089  
0.828682  0.165012  0.544756  
0.715284  0.758177  0.211338  
0.544869  0.0496659  0.842473  
0.602183  0.565265  0.641748  
0.121373  0.772729  0.722643  
0.769526  0.612956  0.308949  
0.749211  0.425092  0.525419  
0.905368  0.0315601  0.440819  
0.99172  0.0288708  0.262371  
0.808446  0.681029  0.116008  
0.875811  0.558627  0.029648  
1.01292  0.0273145  0.202961  
0.0113733  0.855397  0.557951  
0.871135  0.0675088  0.532946  
0.527807  0.0963176  0.927871  
0.973221  0.201233  0.298681  
0.946569  0.176863  0.368537  
0.468942  0.701489  0.659084  
0.790287  0.458637  0.416189  
0.471667  0.441661  0.82149  
0.417723  0.0641556  0.937245  
0.489179  0.767611  0.425994  
0.719664  0.627292  0.459272  
0.401953  0.729274  0.60093  
0.392978  0.906147  0.402103  
0.64848  0.68159  0.409106  
0.866665  0.101635  0.504604  
0.315342  0.845588  0.433952  
0.184918  0.987063  0.00139259  
0.673996  0.551187  0.49924  
0.534783  0.856614  0.352888  
0.976251  0.0158025  0.315532  
0.292915  0.768653  0.700248  
0.743271  0.464811  0.495188  
0.911703  0.357894  0.328657  
0.825389  0.615594  0.0388581  
0.0722034  0.826876  0.721902  
0.603592  0.890946  0.0055755  
0.338392  0.778815  0.566478  
