0.366564  0.766485  
4.0444e-014  1.16482  
0.00133195  1.08444  
0.936526  0.151798  
4.16999e-014  1.15237  
0.51095  0.65345  
0.99966  0.0327839  
0.643256  0.503584  
0.99999  0.0213396  
7.88371e-016  1.24442  
0.281457  0.875225  
0.167408  0.954632  
0.892744  0.167603  
0.903072  0.164896  
0.410599  0.732514  
0.0247417  1.0678  
1.98502e-014  1.2239  
0.998516  0.0617144  
0.996551  0.0630974  
0.0104778  1.06931  
0.941628  0.123173  
0.352303  0.821132  
0.999354  0.033922  
0.712074  0.418288  
0.852132  0.202357  
0.0374272  1.02394  
0.977219  0.0634325  
0.790912  0.312726  
0.106511  0.990494  
0.835056  0.297745  
0.599624  0.557459  
0.999301  0.0545307  
0.803549  0.303142  
0.199137  0.941407  
0.765476  0.361152  
0.691342  0.431734  
0.847251  0.258287  
0.521437  0.651366  
0.542504  0.639797  
0.229109  0.920916  
0.135582  0.980766  
2.0988e-025  1.46298  
0.00763453  1.08016  
0.686928  0.47654  
0.229326  0.902733  
0.4423  0.721553  
0.340347  0.833497  
0.542601  0.636592  
0.199163  0.924805  
0.165798  0.958361  
0.60064  0.529798  
0.500944  0.657148  
0.460982  0.692915  
0.731784  0.397327  
0.96122  0.100743  
0.664959  0.477374  
2.68293e-006  1.09114  
0.688547  0.454437  
0.333123  0.835034  
0.180653  0.952295  
0.287401  0.838561  
2.99802e-024  1.28037  
0.580475  0.571681  
1.17789e-027  1.55575  
0.647387  0.484977  
0.953072  0.113454  
0.484703  0.690876  
0.557688  0.585717  
0.0593949  1.00404  
0.746885  0.381804  
5.5519e-014  1.13221  
0.347431  0.827769  
0.0583814  1.00716  
0.0310641  1.03084  
1.8734e-016  1.26029  
2.27361e-024  1.3454  
9.04757e-027  1.58483  
0.999757  0.0386562  
0.384368  0.807339  
0.699692  0.46554  
0.599624  0.563802  
0.467743  0.718576  
0.549351  0.684864  
0.272528  0.905927  
0.893645  0.211579  
0.947943  0.156077  
0.790382  0.376318  
0.821835  0.313935  
0.0701038  1.02564  
0.18872  1.01762  
0.0107187  1.09169  
0.253565  0.962808  
2.99802e-024  1.42352  
4.16999e-014  1.15535  
2.54224e-025  1.52894  
1.70897e-014  1.25289  
6.62534e-024  1.34041  
4.56214e-017  1.3186  
6.42725e-015  1.2779  
9.72501e-017  1.29423  
