32.8952  -7.25131e-016  
7.17719e-048  17.7888  
1.11353e-047  15.2767  
1.0087e-046  10.097  
9.35014e-044  7.44422  
4.65563e-039  4.63203  
1.07168e-044  8.74738  
30.1402  -6.64399e-016  
23.8855  -5.26523e-016  
31.5169  -6.94747e-016  
1.12496e-040  5.8092  
5.91546e-038  3.20032  
22.8196  -5.03027e-016  
9.84579  -2.41152e-016  
1.42704e-037  1.88956  
1.75405e-046  9.40448  
8.6785e-038  2.97247  
27.531  -6.06883e-016  
24.6168  -5.42644e-016  
17.2717  -3.80732e-016  
12.1416  -2.67645e-016  
4.62778e-039  5.76769  
10.9406  -2.41171e-016  
28.3378  -6.24668e-016  
26.5301  -5.84819e-016  
11.4605  -2.52631e-016  
21.5307  -4.74616e-016  
17.7766  -3.91862e-016  
3.55037  -8.6959e-017  
29.2862  -6.45575e-016  
16.5968  -3.65854e-016  
2.75027  -6.73622e-017  
27.1347  -5.98148e-016  
15.6797  -3.45637e-016  
28.6659  -6.319e-016  
18.3107  -4.03635e-016  
20.628  -4.54715e-016  
16.2402  -3.57993e-016  
21.0767  -4.64607e-016  
22.1356  -4.8795e-016  
8.07425  -1.97762e-016  
7.34001  -1.79778e-016  
13.8608  -3.05544e-016  
29.7034  -6.54771e-016  
25.0701  -5.52637e-016  
32.422  -7.14698e-016  
0.167744  0.804568  
18.7126  -4.12495e-016  
25.4414  -5.6082e-016  
19.1036  -4.21112e-016  
13.3729  -2.94788e-016  
15.2816  -3.36862e-016  
8.60971  -2.10877e-016  
0.708026  0.326829  
9.48304  -2.32267e-016  
4.47966  -1.0972e-016  
1.54998e-046  10.0693  
4.1101  -1.00668e-016  
0.832804  0.133591  
22.4273  -4.9438e-016  
12.6391  -2.78611e-016  
26.0131  -5.73423e-016  
20.1469  -4.44111e-016  
1.88513  -4.61722e-017  
2.29115  -5.6117e-017  
2.55812e-037  1.53231  
0.36524  0.595898  
2.76595e-028  1.04969  
6.37244  -1.5608e-016  
1.64797  -4.03637e-017  
0.499183  0.508312  
14.741  -3.24945e-016  
1.27192  -3.11531e-017  
1.06869  -2.61754e-017  
25.8609  -5.70067e-016  
5.329  -1.30523e-016  
3.78899  -9.28036e-017  
19.4933  -4.29703e-016  
31.896  -7.03104e-016  
13.0989  -2.88748e-016  
14.9258  -3.29019e-016  
8.2332  -2.01655e-016  
4.80613  -1.17716e-016  
6.05382  -1.48276e-016  
8.97379  -2.19794e-016  
32.0728  -7.07001e-016  
5.01095  -1.22733e-016  
6.84771  -1.67721e-016  
11.0225  -2.42977e-016  
5.57444  -1.36534e-016  
9.1397  -2.23858e-016  
14.3415  -3.16139e-016  
7.18853  -1.76068e-016  
19.9594  -4.39978e-016  
5.49353e-036  1.25774  
14.2381  -3.1386e-016  
5.84171  -1.43081e-016  
6.66754  -1.63308e-016  
19.6628  -4.33439e-016  
12.8175  -2.82544e-016  
