7.46955  -1.46361e-016  
7.66354e-024  1.00108  
4.69431  -9.1982e-017  
6.58453  -1.29019e-016  
3.71232  -7.27405e-017  
5.47534  -1.07286e-016  
4.44137  -8.70258e-017  
3.96223  -7.76373e-017  
6.37497  -1.24913e-016  
5.73346  -1.12343e-016  
2.18278  -4.27701e-017  
2.67081  -5.23327e-017  
2.52855  -4.95454e-017  
1.82536  -3.57667e-017  
1.97311  -3.86619e-017  
1.43942  -2.82045e-017  
3.05714  -5.99026e-017  
2.34855  -4.60184e-017  
1.29985  -2.54698e-017  
4.87822  -9.55856e-017  
6.12466  -1.20009e-016  
3.51603  -6.88943e-017  
5.26564  -1.03177e-016  
5.39546  -1.05721e-016  
2.06653  -4.04923e-017  
2.79924  -5.48494e-017  
3.37991  -6.62271e-017  
7.12783  -1.39665e-016  
5.02931  -9.85461e-017  
1.00679  2.21933e-017  
3.20448  -6.27898e-017  
1.12164  -2.19778e-017  
4.04191  -7.91986e-017  
7.3324  -1.43674e-016  
2.40904  -4.72036e-017  
5.85169  -1.1466e-016  
6.71866  -1.31648e-016  
0.223852  0.778098  
6.00106  -1.17587e-016  
4.14718  -8.12612e-017  
0.794392  0.183045  
0.302704  0.737472  
0.775128  0.234786  
4.21047  -8.25014e-017  
6.26807  -1.22819e-016  
1.53373  -3.00524e-017  
5.18496  -1.01596e-016  
5.1077  -1.00082e-016  
6.83754  -1.33977e-016  
0.155976  0.817697  
0.844099  0.135403  
4.30836  -8.44195e-017  
0.11848  0.882892  
4.90846  -9.6178e-017  
1.59809  -3.13135e-017  
5.95504  -1.16685e-016  
0.556449  0.442724  
2.87667  -5.63665e-017  
6.91775  -1.35549e-016  
0.745434  0.30171  
7.02052  -1.37563e-016  
6.21477  -1.21774e-016  
1.73087  -3.39152e-017  
7.42931  -1.45573e-016  
4.36337  -8.54974e-017  
1.68403  -3.29974e-017  
3.31605  -6.49759e-017  
0.0827589  0.961241  
0.601386  0.376202  
3.61937  -7.09193e-017  
7.22024  -1.41476e-016  
6.76219  -1.32501e-016  
5.7758  -1.13173e-016  
0.519881  0.519881  
0.103185  0.916417  
0.553837  0.476369  
0.98142  0.0566205  
7.24705  -1.42001e-016  
3.24924  -6.36668e-017  
2.97787  -5.83495e-017  
0.186022  0.797276  
1.22139  -2.39324e-017  
0.650885  0.338551  
3.59081  -7.03596e-017  
6.9843  -1.36853e-016  
2.94616  -5.7728e-017  
1.19259  -2.3368e-017  
0.713294  0.318338  
0.34564  0.653192  
0.878736  0.114325  
0.0468309  0.986512  
0.452318  0.559699  
0.609858  0.370619  
0.97095  0.0778706  
0.937483  0.0996755  
0.40012  0.570989  
0.320899  0.707265  
0.36524  0.595898  
0.677325  0.332313  
0.510037  0.547342  
