3.03468e+060  3.73894e-061  
1.97607e+060  6.06058e-061  
2.55196e+060  4.41782e-061  
1.33096e+060  8.6473e-061  
1.10535e+060  9.96497e-061  
9.0757e+059  1.28848e-060  
7.10495e+059  1.69224e-060  
5.17743e+059  2.15379e-060  
6.64138e+059  1.74245e-060  
4.62009e+059  2.46178e-060  
3.72722e+059  3.25625e-060  
4.09938e+059  2.75771e-060  
3.03063e+059  3.8395e-060  
3.14836e+059  3.64976e-060  
2.42663e+059  4.89626e-060  
2.05252e+059  5.63296e-060  
2.34793e+059  5.41017e-060  
1.56786e+059  7.8475e-060  
1.84279e+059  6.19293e-060  
1.74366e+059  6.30715e-060  
1.21992e+059  8.84532e-060  
1.08679e+059  1.15506e-059  
8.74341e+058  1.26635e-059  
1.40162e+059  8.30183e-060  
1.36506e+059  8.68971e-060  
4.52621e+058  2.40859e-059  
1.11855e+059  1.0182e-059  
3.5642e+058  2.97486e-059  
8.32911e+058  1.30719e-059  
7.69379e+058  1.36901e-059  
6.92485e+058  1.61783e-059  
4.97832e+058  2.36034e-059  
6.59409e+058  1.69899e-059  
7.45627e+058  1.47028e-059  
5.90397e+058  1.79433e-059  
5.46098e+058  1.98586e-059  
6.13902e+058  1.7162e-059  
5.37174e+058  2.03255e-059  
3.2638e+058  3.24998e-059  
8.627e+058  1.2872e-059  
2.67327e+058  4.04912e-059  
2.18731e+058  4.93948e-059  
2.96795e+058  3.90296e-059  
3.48122e+058  2.99915e-059  
3.01717e+058  3.46488e-059  
1.25978e+058  8.49997e-059  
1.74021e+058  6.11164e-059  
2.44799e+058  4.83008e-059  
6.07355e+058  1.79304e-059  
2.10478e+058  5.28959e-059  
1.84961e+058  5.76567e-059  
1.58329e+058  6.76803e-059  
1.08609e+058  9.50177e-059  
1.47057e+058  7.81299e-059  
2.52868e+058  4.2092e-059  
1.97683e+058  5.48724e-059  
2.62277e+058  4.19906e-059  
9.18658e+057  1.30412e-058  
1.94906e+058  5.53936e-059  
1.3647e+058  8.44362e-059  
1.55148e+058  7.58373e-059  
8.1494e+057  1.32358e-058  
1.37903e+058  7.91021e-059  
7.49981e+057  1.40976e-058  
2.45113e+058  4.62106e-059  
1.09233e+057  9.64703e-058  
7.16099e+057  1.55775e-058  
8.06867e+057  1.40137e-058  
4.25282e+057  2.59398e-058  
4.83455e+056  2.25016e-057  
9.74922e+057  1.17273e-058  
1.02348e+058  1.12319e-058  
6.84387e+057  1.57062e-058  
3.17577e+057  3.28316e-058  
4.78435e+057  2.27399e-058  
1.03414e+058  1.10688e-058  
1.07761e+058  1.07336e-058  
6.57501e+057  1.6037e-058  
2.97564e+058  3.86325e-059  
5.60262e+057  1.91639e-058  
3.44561e+057  3.2228e-058  
4.8894e+057  2.17157e-058  
5.88897e+057  1.85521e-058  
4.13538e+057  2.7155e-058  
5.27002e+057  2.09566e-058  
6.34489e+057  1.69484e-058  
2.28341e+057  4.49922e-058  
2.86942e+057  3.76435e-058  
2.04462e+057  5.04929e-058  
5.39721e+057  1.97365e-058  
6.03727e+057  1.82639e-058  
3.82509e+057  2.72576e-058  
6.21109e+057  1.82075e-058  
3.66463e+056  2.90347e-057  
9.62585e+057  1.18103e-058  
9.44013e+057  1.25227e-058  
1.99405e+056  5.72492e-057  
1.8297e+057  5.71734e-058  
2.51615e+057  4.34174e-058  
2.15977e+057  4.85441e-058  
