1.00362  0  
4.09709e-141  3.10157  
3.25765e-127  2.10043  
6.18442e-127  1.01957  
4.20325e-128  2.14767  
3.4998e-139  2.92168  
9.75832e-141  2.94825  
0.407293  0.610544  
0.255909  0.765372  
0.200251  0.809858  
0.455112  0.547899  
0.140984  0.882215  
0.0521482  0.983235  
0.324033  0.693231  
2.04217e-066  1.00914  
0.360745  0.664529  
0.100454  0.904441  
0.806493  0.203158  
0.163497  0.854007  
0.837594  0.170384  
0.518718  0.500166  
0.654772  0.351281  
0.63138  0.373535  
0.541433  0.476962  
0.473513  0.528632  
0.498036  0.505807  
0.308444  0.706906  
0.260036  0.743372  
0.720738  0.303337  
0.489802  0.522274  
0.0565722  0.958392  
0.197797  0.830421  
0.901525  0.10177  
0.394849  0.620347  
0.361444  0.642781  
0.869927  0.134638  
0.915633  0.0847254  
0.802534  0.218381  
0.747843  0.254189  
0.606353  0.404242  
0.788126  0.225673  
0.738631  0.267052  
0.77696  0.232305  
0.462693  0.546903  
0.881884  0.120768  
0.0887463  0.917507  
0.27323  0.733179  
0.728535  0.281028  
0.623724  0.393727  
0.565185  0.43743  
0.068591  0.953494  
0.549926  0.473024  
0.173264  0.833323  
0.58092  0.432493  
0.70452  0.304627  
0.693582  0.311526  
0.552836  0.452873  
0.383899  0.630979  
0.298511  0.717858  
0.376127  0.636838  
0.668398  0.340529  
0.768493  0.244015  
0.0773342  0.943462  
0.759233  0.247225  
0.582823  0.419723  
0.687383  0.322822  
0.624192  0.385406  
0.558599  0.44644  
0.843781  0.159475  
0.67936  0.326078  
0.177118  0.832141  
0.591878  0.413884  
0.279822  0.726236  
0.286399  0.719165  
0.92209  0.0805466  
0.863345  0.14431  
0.672331  0.335319  
0.0846847  0.926095  
0.944735  0.0571087  
0.848101  0.153118  
0.0804619  0.934488  
0.969066  0.0346054  
0.597498  0.407075  
0.734922  0.280697  
0.854818  0.145675  
0.99012  0.0116726  
0.963287  0.0389185  
0.930761  0.07302  
0.888161  0.115277  
0.975237  0.0263645  
0.99604  0.00648602  
0.935806  0.0659285  
0.956045  0.0446633  
0.895229  0.108564  
0.979945  0.024267  
1.00094  0.00145772  
0.893196  0.10993  
0.985144  0.0189166  
0.954669  0.0481645  
0.949042  0.0512644  
