1.00026  0  
3.51219e-063  9.84156  
1.81241e-058  6.12185  
5.18691e-058  2.87998  
1.14632e-060  8.44602  
8.32878e-056  2.86802  
4.72398e-055  1.06732  
2.25061e-061  9.23167  
6.39602e-062  9.37754  
0.200391  0.811472  
0.292584  0.759568  
0.169376  0.845249  
0.760277  0.245376  
0.108761  0.910979  
0.698109  0.307581  
4.64477e-011  1.04237  
0.392807  0.63625  
0.0648016  1.0031  
0.953979  0.0494371  
0.333142  0.673623  
0.807971  0.20237  
0.647374  0.398444  
0.856141  0.147942  
0.904149  0.100508  
0.65543  0.345736  
0.485622  0.542521  
0.0696948  0.955  
0.47687  0.561415  
0.491497  0.517077  
0.58603  0.415904  
0.579936  0.442027  
0.606763  0.405916  
0.0648037  0.985206  
0.538223  0.47963  
0.522384  0.493925  
0.872072  0.129202  
0.88501  0.116884  
0.320262  0.696267  
0.39621  0.613024  
0.293437  0.741077  
0.451827  0.566023  
0.510768  0.510453  
7.3835e-061  8.63134  
0.3176  0.715933  
0.330049  0.684695  
0.4251  0.58184  
0.299215  0.724271  
0.0814322  0.944382  
0.899742  0.112375  
0.40777  0.607948  
0.549405  0.468378  
0.685197  0.323188  
0.867641  0.144531  
0.440756  0.574051  
0.604921  0.409845  
0.186818  0.838292  
0.692577  0.30995  
0.513509  0.501802  
0.0937447  0.931715  
0.100189  0.923293  
0.564842  0.448899  
0.307376  0.72008  
0.192392  0.823268  
0.963697  0.0364038  
0.0915254  0.942619  
6.05528e-054  1.0654  
0.959999  0.0427313  
0.971395  0.0286798  
0.420114  0.588778  
0.776207  0.227052  
0.557521  0.466033  
0.412012  0.595744  
0.103884  0.914709  
0.66589  0.341354  
0.783416  0.221042  
0.802516  0.205302  
0.562126  0.459836  
0.67574  0.325741  
0.983817  0.0179398  
0.442086  0.567856  
0.987617  0.0127043  
1.00501e-062  9.48463  
0.788355  0.219058  
0.671602  0.334546  
0.765503  0.239543  
0.992562  0.00762931  
0.772458  0.231999  
0.792333  0.211185  
0.903677  0.101614  
0.794482  0.208519  
0.978773  0.0229697  
0.192072  0.829872  
0.996116  0.00415165  
0.414515  0.593603  
0.859313  0.147563  
0.659693  0.343019  
0.769341  0.236924  
0.187176  0.833535  
0.562461  0.451348  
0.975078  0.0250949  
