1.82836e-017  9.50191  
0.259236  1.28243  
3.11531  7.60118e-010  
0.985464  0.268616  
9.42701e-009  1.63959  
1.32337  0.00169106  
1.49533e-010  3.15091  
0.715794  0.562959  
0.751014  0.380552  
3.40616  6.34476e-012  
1.35456  0.000726176  
1.87803  3.34711e-007  
3.41513  1.95834e-012  
0.828603  0.30379  
5.46899e-019  13.7337  
1.05779  0.133228  
1.38554  0.000594875  
1.28412  0.0130987  
0.729232  0.510734  
2.63492e-017  5.59196  
1.35931  0.000596964  
1.23694  0.107213  
0.322328  0.92828  
3.63444e-006  1.52648  
1.57621  1.28415e-005  
0.000133496  1.35116  
0.422603  0.716084  
0.563424  0.563423  
2.4271  2.68045e-008  
8.41003e-011  4.41212  
3.66008e-010  2.06439  
0.343214  0.910852  
1.70326  4.52692e-006  
7.3381e-010  1.90037  
1.80395  4.86114e-007  
4.2591e-006  1.46676  
0.27705  1.21595  
3.99486  1.55231e-014  
2.47588  8.59952e-009  
3.498  1.56119e-013  
2.68394  7.94392e-009  
4.03089e-014  4.4475  
5.25348  5.83253e-016  
6.49743  0  
5.00525e-017  5.44456  
1.59774e-018  10.2326  
1.59382e-019  19.8331  
6.83638e-017  6.50374  
4.65786e-017  7.68751  
1.29058e-016  5.53065  
6.7233  0  
4.23404e-017  10.4503  
5.68417  5.67962e-015  
3.67359  3.91537e-013  
4.94157e-010  2.54926  
4.14677e-010  3.83804  
5.80425  6.44401e-016  
1.16487e-017  11.0472  
2.14956e-010  4.73636  
2.16877e-010  3.93245  
3.21773  1.22162e-009  
1.16326e-011  5.16807  
0.284588  1.24903  
2.67992  9.38484e-009  
0.000462271  1.36654  
0.429384  0.727574  
1.99703  5.36616e-007  
0.606469  0.600987  
2.45905  1.43682e-007  
8.34332e-010  2.123  
0.739764  0.520236  
9.87374e-009  1.71729  
3.98511e-006  1.56499  
0.341095  1.03287  
0.821072  0.420087  
1.8357  1.49555e-005  
1.9764e-011  4.87375  
9.01768e-009  1.92499  
0.380417  0.919872  
1.25679  0.107668  
1.1294  0.172805  
3.40757  1.56592e-010  
1.61857  1.76106e-005  
0.904556  0.349004  
3.49798  3.83966e-012  
1.47045  0.001879  
1.091  0.242517  
1.3059  0.0383921  
1.37108  0.0207126  
1.12189e-009  2.03428  
0.977886  0.313761  
1.03026  0.277375  
3.65159  4.17976e-013  
2.58551  1.66398e-008  
1.94084  9.39546e-007  
1.68424e-018  11.1772  
0.352259  0.966282  
1.53312e-018  14.0892  
1.57263  0.000661487  
4.69759e-011  4.84612  
