0.987487  0.0186809  
0.966835  0.0595826  
0.418645  0.558584  
0.986372  0.0226869  
0.45386  0.519256  
0.991424  0.0157207  
3.48242e-073  1.02197  
0.799972  0.184471  
0.508632  0.4676  
0.424551  0.542912  
0.134631  0.825262  
0.910768  0.121752  
0.587939  0.415351  
0.756534  0.217203  
0.913144  0.112516  
0.736299  0.235471  
0.144582  0.805104  
0.887438  0.130043  
0.833264  0.174741  
0.980596  0.0341739  
0.485107  0.51752  
0.728517  0.238045  
1.2197e-047  1.01763  
0.993744  0.0123117  
0.0232866  0.999671  
0.00658722  0.999974  
0.49778  0.482278  
0.444281  0.535012  
0.940343  0.0759048  
0.99983  0.00383597  
0.97235  0.0406979  
1.82345e-045  1.00082  
0.11505  0.839013  
5.67427e-074  1.0239  
0.533364  0.416682  
0.0522911  0.942874  
0.967782  0.0427797  
7.38447e-047  1.01248  
0.293699  0.694362  
0.927894  0.0899629  
0.909294  0.124449  
0.493126  0.492652  
0.142909  0.824243  
0.990843  0.0158734  
0.669681  0.344463  
0.299853  0.682477  
0.437136  0.537733  
0.62072  0.350663  
0.317493  0.63938  
0.221903  0.754634  
0.981156  0.0251978  
2.32729e-074  1.03894  
0.0265495  0.974065  
0.899936  0.127829  
0.919818  0.111597  
0.60719  0.394332  
0.947437  0.0659391  
0.947168  0.0704235  
0.295824  0.688918  
0.0881836  0.882254  
0.995439  0.00824808  
0.99888  0.00542232  
0.114576  0.842019  
0.875197  0.15565  
0.517705  0.462352  
0.208171  0.793828  
0.702514  0.307755  
0.280073  0.716854  
0.376549  0.565845  
2.77162e-075  1.12153  
0.234105  0.730748  
0.322587  0.627637  
0.285627  0.714236  
1.13892e-075  1.19998  
0.712602  0.285083  
0.309098  0.652522  
0.209769  0.756564  
2.92504e-075  1.98713  
0.999027  0.0101771  
4.09335e-075  1.21368  
0.88963  0.1372  
0.728517  0.24013  
0.7044  0.33289  
0.974403  0.0882317  
4.97548e-074  1.04549  
0.0738194  0.949782  
0.631522  0.397166  
0.141871  0.833172  
0.496466  0.512854  
0.535275  0.449072  
0.0143574  1.0143  
0.82303  0.197193  
0.426928  0.552895  
0.177782  0.805333  
0.824135  0.192651  
0.399351  0.598898  
0.10707  0.891949  
0.268582  0.739645  
0.46402  0.530332  
0.385016  0.635198  
