1.00001  0  7.1704e-009  
0.685854  0.728435  0  
4.41748e-033  7.21429e-017  1.17818  
6.12343e-017  1.00003  3.54674e-009  
1.00099  0.00400925  4.47817e-014  
2.46277e-016  7.52999e-026  4.02201  
2.14639e-016  1.41062e-025  3.50531  
1.3782e-016  4.6759e-025  2.25078  
1.29607e-016  8.41661e-025  2.11664  
8.53775e-017  2.47514e-019  1.39433  
0.434933  0.922848  0.0677637  
6.66247e-017  3.82831e-017  1.2549  
0.178444  0.953665  0.344675  
6.5169e-017  4.96106e-017  1.33759  
0.655014  0.275189  0.734178  
0.234505  0.971246  0.219216  
0.708212  0.710268  0.0269188  
0.935879  0.0273985  0.459314  
0.909315  0.404479  0.1558  
0.889278  0.468561  0.238478  
0.856367  0.257919  0.476849  
0.722435  0.34497  0.625394  
0.57007  0.75519  0.39784  
0.799462  0.603066  0.128998  
0.481935  0.0989692  0.928412  
0.423031  0.442863  0.794263  
0.33028  0.419924  0.88343  
6.09286e-017  5.04444e-017  1.29181  
0.289494  0.983765  0.0910213  
0.95351  0.208106  0.354491  
0.53269  0.765144  0.585471  
0.509589  0.0453015  0.969006  
0.462668  0.18302  0.910287  
0.918598  0.397628  0.262564  
0.585163  0.677105  0.52247  
4.95198e-017  5.29301e-017  1.18374  
0.526772  0.82272  0.387548  
9.31193e-018  0.152075  1.15378  
0.134671  0.567983  0.814694  
1.30192e-017  0.21262  1.08168  
0.0834541  0.65912  0.769832  
3.77953e-017  5.72941e-017  1.12094  
0.0770555  0.109958  1.05711  
0.971941  0.392629  0.196751  
0.0675782  0.629738  0.77524  
0.40929  0.378357  0.851305  
0.639926  0.554942  0.573627  
0.681574  0.740679  0.27817  
0.442897  0.867908  0.413489  
0.139785  0.527617  0.886037  
0.319472  0.939508  0.339789  
0.74391  0.0927213  0.685917  
0.938087  0.066923  0.430776  
0.0436487  0.439213  0.999504  
0.754893  0.491918  0.53676  
0.0334897  0.126669  1.03154  
0.396094  0.16809  0.969784  
0.391082  0.625085  0.691485  
0.19791  0.803423  0.577889  
0.359266  0.244676  0.990194  
0.258888  0.292202  0.96277  
0.801907  0.600829  0.177743  
0.818891  0.114827  0.66255  
0.37535  0.599941  0.715008  
0.284966  0.78375  0.599743  
0.00769449  0.769709  0.646421  
0.814039  0.542313  0.481866  
0.299321  0.478419  0.837769  
0.613424  0.310992  0.727419  
0.107076  0.701107  0.718158  
0.597517  0.748125  0.417728  
0.981821  0.211454  0.319238  
0.892045  0.156715  0.52025  
0.622868  0.754339  0.294089  
0.36726  0.358796  0.90113  
0.665591  0.223586  0.772119  
0.695995  0.204759  0.830979  
0.774553  0.653659  0.0104531  
0.25296  0.199996  1.00064  
0.477289  0.0980151  0.962343  
0.618736  0.812018  0.0830578  
0.783276  0.476993  0.489327  
0.836045  0.0818198  0.56489  
0.21302  0.582587  0.804469  
0.96979  0.222183  0.326295  
0.210975  0.380892  0.986012  
0.279818  0.882986  0.503402  
0.796673  0.618531  0.0011407  
0.437502  0.832267  0.438474  
0.347606  0.315351  0.920729  
0.31088  0.641866  0.72216  
0.0882262  0.0700263  1.04246  
0.520007  0.586922  0.667205  
0.270663  0.744411  0.63005  
0.0129875  0.504855  0.968706  
0.625248  0.835055  0.0208836  
0.99053  0.0893143  0.235958  
0.409702  0.331031  0.896912  
0.469994  0.894976  2.5636e-009  
0.0947461  0.370588  1.00635  
