2.11769e+023  1.18581e-022  
1.#INF  0  
1.1255  0.9056  
2.13766e+022  3.15222e-022  
1.12132e+022  2.21682e-021  
1.92739e+022  2.1487e-021  
7.99846e+021  2.26066e-021  
5.50421e+021  4.13465e-021  
3.64303e+021  5.82835e-021  
4.33869e+021  4.63143e-021  
2.15419e+021  1.00747e-020  
1.75807e+021  1.71627e-020  
8.92784e+020  1.92727e-020  
7.96869e+020  2.12762e-020  
3.09891e+020  3.93145e-020  
1.92438e+021  1.20545e-020  
4.53767e+019  1.21093e-019  
2.84024e+020  6.71096e-020  
1.12685e+019  3.69341e-019  
3.0845e+020  4.54736e-020  
5.36734e+018  4.05723e-019  
4.02006e+018  1.41597e-018  
2.04883e+018  1.71022e-018  
1.11447e+018  3.68775e-018  
2.03494e+018  1.89801e-018  
6.82989e+017  5.38366e-018  
5.02643e+017  8.67377e-018  
1.02743e+018  3.87729e-018  
1.81458e+017  9.34384e-018  
7.15691e+016  4.32036e-017  
9.5131e+016  3.35398e-017  
2.41185e+016  4.88019e-017  
1.35652e+017  2.34131e-017  
1.71863e+017  1.82585e-017  
1.48292e+017  1.92522e-017  
1.46364e+017  2.12823e-017  
1.98543e+016  1.0916e-016  
1.76309e+017  1.0752e-017  
1.36846e+016  1.43915e-016  
1.11331e+016  1.93813e-016  
6.1619e+015  2.59639e-016  
1.26983e+016  1.49704e-016  
5.11661e+015  2.62766e-016  
3.37109e+015  4.25705e-016  
3.8983e+015  3.27528e-016  
2.49535e+015  4.49413e-016  
4.71145e+015  2.77423e-016  
4.29598e+015  3.16061e-016  
1.00301e+015  1.15584e-015  
1.55575e+015  8.74426e-016  
2.37076e+014  6.58142e-015  
2.25441e+015  5.28291e-016  
6.70496e+014  2.20488e-015  
1.95441e+015  5.92303e-016  
1.85824e+015  7.21015e-016  
1.56455e+015  7.66033e-016  
8.02241e+014  1.36518e-015  
2.45306e+015  4.82267e-016  
1.25942e+014  1.01669e-014  
7.3523e+014  1.51363e-015  
7.29293e+014  1.63567e-015  
6.97354e+013  2.16715e-014  
4.85396e+013  2.41403e-014  
1.21348e+014  1.1299e-014  
9.04605e+013  1.58628e-014  
3.39792e+013  3.34651e-014  
8.95726e+013  1.75947e-014  
2.74914e+013  4.27707e-014  
2.26912e+013  5.96756e-014  
1.86633e+013  7.31024e-014  
1.66317e+013  7.46361e-014  
2.54479e+013  4.46983e-014  
1.29707e+013  8.88805e-014  
8.14299e+012  1.72883e-013  
6.22099e+012  1.74997e-013  
1.08452e+013  1.13139e-013  
9.34631e+012  1.24123e-013  
5.35869e+012  2.13731e-013  
2.61481e+012  4.60827e-013  
1.17465e+013  9.73308e-014  
3.7656e+012  3.65487e-013  
1.27892e+013  9.09098e-014  
9.32097e+012  1.66656e-013  
4.8396e+012  2.57804e-013  
1.46445e+012  8.84508e-013  
4.43153e+012  2.9248e-013  
1.11548e+013  1.11073e-013  
2.41864e+012  5.32738e-013  
1.14782e+013  1.03453e-013  
1.9728e+012  6.464e-013  
4.08548e+012  3.44598e-013  
3.61836e+011  3.56389e-012  
2.0224e+012  5.54842e-013  
7.97992e+011  2.4052e-012  
1.1273e+012  9.98997e-013  
3.89144e+012  3.531e-013  
9.22296e+011  1.26784e-012  
8.06941e+011  1.64086e-012  
1.06983e+012  1.07899e-012  
1.92758e+011  5.6453e-012  
