1.2137  0  6.06472e-013  
3.75098e-033  6.12581e-017  1.00042  
2.31697  2.36452e-008  6.13404e-026  
0.996755  0.0841217  1.70814e-071  
1.4327e-014  3.18228  0.965629  
1.4313e-016  1.18906e-023  2.33749  
0.0134311  1.1793  5.62086e-008  
1.29192  5.14128e-006  2.82289e-030  
1.34086e-016  2.62421e-023  2.18979  
7.91129e-017  5.26848e-023  1.29201  
1.03379  0.0550944  0.00231848  
1.56806e-013  1.01424  1.44686e-007  
0.322712  0.976564  0.118222  
0.163391  0.988131  0.170338  
0.0623665  0.734164  0.771897  
0.812108  0.643741  0.235955  
0.718255  0.681334  0.265818  
7.36819e-017  5.49063e-023  1.20332  
0.883  0.479436  0.304225  
0.969943  0.271545  0.195657  
0.838208  0.608386  0.0654272  
0.926919  0.0741877  0.442037  
5.0737e-017  3.94583e-017  1.04968  
0.343105  0.930151  0.255577  
0.540986  0.834766  0.33889  
0.882632  0.301995  0.529633  
0.123318  0.501195  0.874043  
0.271394  0.902973  0.422753  
0.908305  0.526281  0.0430258  
0.0807003  0.886202  0.568551  
0.553171  0.792549  0.493755  
0.146336  0.747001  0.6857  
0.206299  0.316739  0.937624  
0.022321  0.893614  0.523489  
0.730078  0.708349  0.0262401  
0.831973  0.40664  0.458101  
3.97489e-017  5.78158e-017  1.14583  
0.844798  0.545639  0.00111829  
0.231668  0.225255  0.965191  
0.747142  0.598125  0.501783  
0.913484  0.422668  0.314851  
0.286389  0.85979  0.540709  
0.585515  0.471466  0.676922  
0.0116711  0.806946  0.613032  
6.3596e-017  2.09921e-017  1.09372  
0.0909693  0.99897  0.346271  
0.136746  0.365049  0.923775  
0.514902  0.108391  0.862649  
0.378566  0.32556  0.885826  
0.268147  0.434005  0.884346  
0.901771  0.139282  0.620902  
0.473471  0.00656985  0.895472  
0.396111  0.446301  0.842414  
0.121267  0.956784  0.474775  
0.948728  0.133045  0.392912  
0.967719  0.0546301  0.587613  
0.181395  0.183776  0.976669  
0.660655  0.570262  0.547544  
0.735615  0.200816  0.702885  
0.652218  0.768443  0.238182  
0.452394  0.382177  0.836039  
0.800248  0.00318585  0.659927  
0.606677  0.815174  0.0401223  
0.781437  0.550621  0.365046  
6.24619e-017  3.7544e-017  1.19017  
0.607976  0.657987  0.563609  
0.675556  0.233925  0.723049  
0.984795  0.039474  0.368299  
0.189364  0.966781  0.328479  
0.634357  0.264848  0.754056  
0.0954314  0.162232  0.991408  
0.699392  0.164507  0.710228  
0.683651  0.049545  0.735359  
0.487027  0.854906  0.384856  
0.647926  0.12291  0.761122  
0.397638  0.151927  0.912276  
0.620114  0.246289  0.787486  
6.83914e-017  1.89617e-018  1.11734  
0.292139  0.279848  0.947905  
0.784111  0.342004  0.642506  
0.417161  0.909042  0.00208554  
0.486421  0.0304748  0.88419  
0.771173  0.460968  0.551403  
0.490083  0.8886  0.0150879  
0.748389  0.168316  0.705249  
0.300569  0.113629  0.972669  
0.770078  0.192609  0.645686  
0.562529  0.256959  0.813691  
0.359989  0.681197  0.66982  
1.00549  3.16348e-010  0.00824404  
0.315888  0.0941622  0.961031  
0.826092  0.614048  0.23755  
0.355398  0.952542  0.0226453  
0.401724  0.776038  0.513462  
0.822207  0.568172  0.331612  
0.628799  0.130522  0.808977  
0.446584  0.225092  0.896671  
0.687804  0.0354203  0.789515  
0.52154  0.320939  0.830335  
0.725706  0.385418  0.63283  
