2.18373e-008  1.15457  0  
5.80432  -1.76091e-015  17.0379  
15.2591  -3.68101e-016  3.5616  
8.09265e-011  0.86392  0.185107  
1.3701  -1.90583e-016  1.84401  
1.87517  0.394107  0.332096  
14.6989  -4.13238e-016  3.99832  
11.6221  -4.20757e-016  4.07108  
11.0863  -5.31074e-016  5.13846  
0.848092  0.020429  0.836612  
8.09174  -9.26924e-016  8.96855  
15.0497  -3.56003e-016  3.44454  
7.67021  -2.64933e-016  2.56338  
8.36781  -9.94418e-016  9.62159  
0.398324  0.220691  0.398753  
11.0364  -9.63778e-016  9.32513  
11.7777  -6.98264e-016  6.75612  
8.65324  -7.61285e-016  7.36589  
1.49831  -2.39871e-016  2.32089  
5.33118  -1.71779e-015  16.6207  
0.485786  0.557023  0.0787249  
2.3071  -4.47603e-016  4.33083  
7.21649  -1.4884e-016  1.44011  
4.70176  -1.42565e-015  13.794  
4.33834  -1.21977e-015  11.802  
14.1496  -4.81279e-016  4.65666  
13.6385  -5.07658e-016  4.9119  
0.207812  0.645111  0.645111  
8.85895  -7.22373e-016  6.98939  
2.5925  0.000450126  0.851665  
3.57727  -7.98241e-016  7.72346  
6.51656  -1.64815e-015  15.9469  
10.6569  -7.53217e-016  7.28783  
12.0931  -5.5271e-016  5.3478  
0.701101  -1.38948e-016  1.34441  
14.3885  -4.64992e-016  4.49907  
2.21725  -6.63292e-016  6.41774  
8.96468  -8.20886e-016  7.94257  
2.0708  0.132146  0.575757  
5.55546  -1.67112e-015  16.1691  
0.136532  0.911779  0  
0.629809  -1.13995e-016  1.10297  
9.61247  -8.77963e-016  8.49482  
6.61384  -1.19091e-015  11.5228  
2.87077  -3.86078e-016  3.73554  
13.8653  -5.42685e-016  5.2508  
3.39606  -1.11563e-015  10.7944  
6.0274  -1.62693e-015  15.7415  
13.1324  -9.28419e-016  8.983  
10.1443  -1.06134e-015  10.2691  
13.0439  -9.05102e-016  8.75741  
6.38416  -1.2376e-015  11.9745  
10.4355  -8.81336e-016  8.52745  
4.18829  -1.40252e-015  13.5702  
5.61942  -1.36587e-015  13.2156  
6.11277  -1.66185e-016  1.60794  
5.16525  -1.14736e-015  11.1014  
5.8308  -6.3485e-016  6.14255  
10.0538  -3.12724e-016  3.02579  
0.161249  0.738841  0.208989  
2.67113  -7.10242e-016  6.87202  
4.93812  -5.63768e-016  5.45479  
3.62797  -1.16131e-015  11.2364  
9.33743  -1.01641e-015  9.8344  
4.21986  -1.25918e-015  12.1833  
10.2558  -6.15328e-016  5.95367  
3.74692  -8.31884e-016  8.04897  
6.85175  -1.44754e-015  14.0058  
9.25382  -8.51297e-016  8.23681  
1.91613  -5.97298e-016  5.77922  
4.97785  -1.18215e-015  11.438  
12.3933  -7.8413e-016  7.58692  
4.82932  -1.57887e-015  15.2765  
9.06987  -1.05364e-015  10.1946  
12.8781  -3.38877e-016  3.27883  
6.88655  -1.51431e-015  14.6518  
5.87437  -1.48954e-015  14.4122  
6.88576  -1.45473e-015  14.0754  
6.23653  -1.38425e-015  13.3934  
5.33545  -1.68437e-015  16.2973  
12.3175  -7.79337e-016  7.54055  
5.12964  -1.48358e-015  14.3546  
10.8698  -8.85825e-016  8.57089  
6.25646  -1.59532e-015  15.4357  
3.41095  0.000365726  0.761488  
2.82529  -8.47596e-016  8.201  
13.3559  -3.22862e-016  3.12388  
8.28393  -2.68197e-016  2.59497  
4.11103  -7.47277e-016  7.23035  
12.2052  -5.82024e-016  5.63143  
13.2444  -5.10572e-016  4.94009  
12.5292  -4.68939e-016  4.53726  
12.1408  -4.36294e-016  4.22141  
1.98747  -6.81069e-016  6.58975  
7.0243  -1.24317e-015  12.0284  
4.07875  -1.09646e-015  10.6089  
5.69868  -1.53566e-015  14.8584  
3.12728  0.000443579  1.03224  
7.4693  -2.39062e-016  2.31307  
3.20664  -1.04495e-015  10.1105  
