3.29004e-022  3.00061e-014  2.4898  
7.81438  2.27279  1.04607e-018  
3.91077  6.8282  1.25798e-019  
0.0357473  8.54483  7.69258e-019  
1.00787e-016  1.1165e-018  1.64608  
4.63459  5.87405  7.68209e-019  
3.26622  6.209  4.40547e-019  
0.827966  4.62133  3.60096e-017  
2.47479e-005  5.29415  5.16963e-013  
1.91846  1.08368e-006  6.02324e-011  
3.0293e-010  4.07168  4.29412e-005  
2.71135  4.94066e-007  0.0674756  
2.33908  0.65361  1.16551e-017  
1.96945e-018  1.19382e-016  1.94993  
4.2042e-007  3.91325  1.5311e-012  
2.86857e-007  7.62736  1.64992e-012  
0.227225  2.9676  6.52618e-017  
1.32508e-018  1.12725e-012  2.2671  
0.00729862  8.00054  6.62604e-018  
6.41721e-009  3.48257  2.5503e-011  
6.88197e-009  3.22041  1.69817e-005  
0.00302868  6.41429  2.09175e-015  
0.00167865  7.21433  2.84308e-014  
0.054951  2.68575  3.1852e-015  
1.13267  5.52628  2.06356e-017  
5.34912e-005  7.44489  4.20799e-017  
2.40018e-008  1.54822  0.529082  
0.0107334  6.67678  1.36937e-016  
1.60692  0.0140877  2.4865e-017  
0.915148  2.11355  6.58327e-015  
0.00127458  6.13789  3.11546e-014  
2.53017  4.24442e-005  2.65584e-015  
0.00441804  1.3454  0.171691  
0.0369767  1.9835  1.38736e-006  
0.581244  8.22625  2.56891e-019  
6.32542e-008  3.44001  2.96137e-011  
2.64583  0.524  1.37866e-017  
1.49188  1.25086  1.45362e-018  
0.609171  0.226554  1.00045  
0.00532065  5.51068  9.16632e-014  
0.000777286  7.25765  8.24684e-016  
0.074653  8.15351  3.57487e-018  
6.23096e-009  1.63999  0.00767239  
8.73047e-018  8.11783e-017  1.33339  
0.135019  0.880486  0.916686  
0.00613914  8.38922  4.18635e-018  
1.39482  0.0199314  2.03001e-015  
1.60082e-007  2.60043  9.08499e-007  
0.71976  0.0574539  1.07578  
0.271047  0.822256  0.714563  
6.98527e-010  1.82586  0.000434298  
0.534911  0.94209  0.24655  
0.5678  0.411609  0.855741  
0.000545846  1.24695  0.290634  
0.764883  0.147176  0.840495  
0.751709  0.601908  0.352584  
1.03006  0.0517081  0.194346  
7.56252e-017  5.52633e-017  1.52967  
0.726848  1.71997  1.30581e-006  
0.489476  0.439413  1.04925  
0.0407251  0.990482  0.669751  
1.01508  6.76094  8.95391e-019  
1.09224  1.31068e-007  0.476933  
0.95524  0.0809085  0.403705  
0.946447  0.17358  0.449927  
6.04388e-010  2.26353  2.38719e-005  
0.361582  1.03522  0.141305  
0.231565  0.275002  1.1164  
0.0769153  1.78955  4.73608e-009  
0.600859  0.251519  0.957821  
1.94569e-007  2.48528  3.50876e-012  
0.000460467  8.44137  5.72316e-018  
1.26679  0.000186793  5.1912e-015  
0.12234  0.797804  1.02268  
1.31442  1.30354  1.62496e-017  
0.252393  0.694954  0.728837  
0.0316116  1.12703  0.240721  
0.0209591  1.13965  2.58845e-005  
0.240203  0.738821  0.739842  
4.42713e-017  5.92179e-017  1.20749  
0.888104  0.557543  0.0522245  
0.457897  0.579285  0.796783  
0.368489  0.767296  0.644951  
2.73444e-007  2.44755  5.17892e-012  
0.471732  0.197588  1.19511  
1.58128  0.0153597  2.30126e-015  
0.423918  0.624638  0.814586  
0.00103361  2.36122  1.18787e-006  
0.884689  0.0923619  0.547712  
3.95854e-017  7.79293e-017  1.42746  
0.817773  0.37132  0.581642  
0.197399  1.04084  9.3912e-006  
0.988403  0.00491198  0.27634  
1.17138  7.57892e-010  0.116968  
0.0725217  0.471149  1.15376  
0.00542631  8.53953  3.23376e-018  
0.882847  1.06532  4.39299e-007  
1.11757  0.320146  3.87347e-015  
0.217474  0.910149  0.57953  
0.821921  0.471971  0.571086  
