3.01423               1.15014               0.0962806               0.492183               4.28514
1.97326               1.16529               0.0938851               0.311913               1.70689
0.894099               1.25916               0.483924               0.280301               1.3205
0.793993               1.33899               0.481761               0.264338               1.40419
0.946392               1.36924               0.481813               0.248227               1.51486
0.938679               1.4258               0.0190466               0.1982               1.71605
0.914993               1.36599               0.0525374               0.207039               1.79291
0.882276               1.29399               0.0633149               0.243764               1.83256
0.669212               1.33961               0.0238092               0.190228               1.29424
0.375349               1.32332               0.0532311               8.99935e-006               0.306754
0.081026               0.903521               0.0313062               1.22221e-005               0.112868
0.0894114               1.00799               0.0511521               0.0799381               0.110265
0.297606               1.16977               0.0396876               0.153043               0.0983838
0.535729               1.36737               0.395062               0.208292               0.0710727
0.671644               1.56185               0.393095               0.249796               0.0288743
1.12797               1.71302               0.21513               0.282132               0.0153533
1.32116               1.79615               0.17352               0.306151               0.0281187
1.55015               1.80059               0.166813               0.329487               0.00672783
1.53743               1.54317               0.27819               0.356872               0.106085
1.39986               1.11791               0.268728               0.387172               0.169154
1.01031               0.733175               0.289943               0.437624               0.249547
0.714016               0.43369               0.325787               0.555065               0.251004
0.186682               0.254621               0.0509853               0.684991               0.273885
0.297542               0.278775               0.20787               0.865723               0.308029
0.437294               0.379206               0.273523               0.899249               0.237175
0.633468               0.356609               0.464965               0.830431               0.223687
0.304994               0.306879               0.468787               0.848048               0.682749
0.187924               0.270073               0.478952               0.87257               0.900214
0.111179               0.238221               0.0898698               0.897537               1.01441
0.108692               0.22115               0.0900588               0.948884               1.02987
0.056228               0.252305               0.0903783               0.99989               0.989181
0.117809               0.23074               0.0902667               0.918812               1.05883
0.0861307               0.43603               0.0401895               0.441908               0.870347
0.0609228               0.446912               0.0401177               0.398046               0.856558
0.0393862               0.439009               0.0386619               0.381063               0.780615
0.0522503               0.374026               0.0385688               0.428788               0.602485
0.0689154               0.329063               0.0384462               0.494926               0.419707
0.0950336               0.324477               0.0383427               0.583203               0.24667
0.109045               0.392966               0.00440678               0.566405               0.10168
0.136227               0.516582               0.0151314               0.619603               0.235732
0.259604               0.649927               0.0157126               0.617339               0.360712
0.415024               0.778252               0.0188874               0.607541               0.515105
0.9143               0.881978               0.531153               0.599464               0.683176
1.19496               0.942092               0.474144               0.592577               0.845415
1.79237               0.943442               0.113691               0.586699               1.00274
1.46746               0.885546               0.224253               0.582266               1.14976
1.42173               0.958996               0.503618               0.366119               1.38902
1.24358               0.913799               0.0322866               0.324053               1.39603
1.10458               0.967863               0.0280576               0.260797               1.31207
0.560969               0.934933               0.0538872               0.321208               1.13295
