1.42467               0.483099               0.0879731               0.999752               1.23899
0.405862               0.132207               0.108631               1               0.252137
0.271744               0.115946               0.0532083               1               0.206838
0.294325               0.111308               0.0225506               1               0.198342
0.399855               0.111689               0.0274395               1               0.198498
0.557777               0.120578               0.0792531               1               0.213299
0.701971               0.108245               0.0754125               1               0.195961
0.578735               0.0488965               0.0963107               1               0.0885847
0.326211               0.0149438               0.075327               1               0.0225826
0.101999               0.00985336               0.216064               1               0.0147509
0.0446242               0.0125175               0.104368               1               0.000256045
0.0190796               0.01324               0.0162518               1               0.00481627
0.0138896               0.0135763               0.00887933               1               0.00328883
0.0253638               0.0216745               0.0086489               1               0.000835983
0.0498888               0.02268               0.0219537               1               0.00334952
0.0956303               0.0229145               0.0243197               1               0.00246256
0.187755               0.0249674               0.0320918               1               0.00361569
0.647404               0.0275294               0.085701               1               0.017817
0.741249               0.0320216               0.0904477               1               0.0164326
0.72357               0.0352818               0.0546645               1               0.00984384
0.72675               0.034052               0.111997               1               0.0385422
0.825229               0.0434252               0.139902               1               0.0403635
0.882042               0.0408305               0.159394               1               0.0428994
8.02822               0.0474529               0.222332               1               0.0560979
6.68279               0.0510132               0.185018               1               0.0601907
6.94163               0.0717055               0.587455               1               0.296231
13.9118               0.0946476               0.233651               1               0.342997
16.6535               0.0946476               0.250478               1               0.342997
14.8237               0.0950587               0.348759               1               0.340168
13.9488               0.119355               0.842827               1               0.615236
12.5731               0.147535               0.425759               1               0.769353
11.0583               0.296247               0.753528               1               1.74406
9.88416               2.0541               0.480717               1               7.28103
19.2363               2.05552               0.4424               1               7.28386
18.1377               2.05552               0.489309               1               7.28386
15.9514               2.05418               0.363911               1               7.28103
13.0766               2.32781               0.171427               1               9.19471
11.4026               1.51466               0.209961               1               5.35897
9.611               0.682251               0.194852               1               1.92119
7.57448               0.203434               0.265281               1               0.422786
6.11136               0.0309578               0.287422               1               0.0532688
4.776               0.0441012               0.389144               1               0.0145755
3.22433               0.0410181               0.7758               1               0.0361015
3.04149               0.0508042               0.772783               1               0.0540526
2.28898               0.0506883               0.31676               1               0.0538514
2.0467               0.0571443               0.235282               1               0.06124
3.53327               0.0720237               0.157236               1               0.091373
3.95482               0.0821522               0.266222               1               0.109728
3.13509               0.0565697               0.260255               1               0.0782569
2.67683               0.045611               0.261179               1               0.0625185
