2.81216e-001	6.62694e-001	
2.53243e-002	1.00425e+000	
7.13325e-001	3.91482e-001	
2.45739e-001	8.07800e-001	
2.72874e-002	1.00319e+000	
2.67213e-001	7.01856e-001	
3.63999e-001	5.53521e-001	
4.51214e-003	1.01139e+000	
7.84604e-001	1.61207e-001	
7.89152e-001	1.46177e-001	
7.79544e-001	1.73079e-001	
7.87905e-001	1.59249e-001	
9.13858e-001	2.63696e-002	
8.30871e-001	8.20911e-002	
3.89702e-001	5.47417e-001	
4.48795e-001	5.22514e-001	
5.24195e-001	4.99321e-001	
3.20529e-001	6.16869e-001	
2.65426e-001	7.05820e-001	
1.00181e+000	2.74954e-003	
7.19782e-001	3.72165e-001	
9.88931e-001	7.31281e-003	
6.21246e-001	4.74868e-001	
8.93537e-001	3.65196e-002	
9.23198e-001	2.38938e-002	
2.54111e-001	7.68042e-001	
8.78156e-001	4.29955e-002	
4.68065e-001	5.13952e-001	
1.25206e-001	9.70131e-001	
9.54226e-001	1.50743e-002	
4.39323e-001	5.24646e-001	
9.69605e-001	9.35052e-003	
8.48477e-001	6.09737e-002	
1.92721e-002	1.00709e+000	
6.59000e-002	9.95591e-001	
4.54521e-001	5.18124e-001	
1.20637e-001	9.74996e-001	
7.26249e-001	3.60641e-001	
2.36809e-001	8.19223e-001	
8.35789e-001	7.99290e-002	
3.31273e-001	5.81672e-001	
4.62328e-001	5.15373e-001	
8.36967e-001	7.37101e-002	
8.21917e-001	8.97038e-002	
6.45382e-001	4.59345e-001	
2.96255e-001	6.38797e-001	
3.99689e-001	5.37106e-001	
6.77459e-001	4.44608e-001	
6.50717e-001	4.56257e-001	
6.35954e-001	4.61654e-001	
6.91953e-002	9.93079e-001	
6.63264e-001	4.53369e-001	
6.46517e-001	4.57969e-001	
9.33309e-001	1.94435e-002	
7.45900e-001	3.12392e-001	
7.02574e-001	4.01260e-001	
8.39451e-001	7.22109e-002	
3.32433e-001	5.79163e-001	
9.31819e-001	2.06132e-002	
9.43471e-001	1.63298e-002	
1.00817e+000	9.59779e-004	
5.20303e-004	1.01411e+000	
8.07109e-001	1.10079e-001	
1.01965e-001	9.81930e-001	
7.95207e-001	1.32480e-001	
3.29463e-002	1.00114e+000	
5.67971e-001	4.88563e-001	
6.64886e-001	4.45978e-001	
2.38617e-001	8.14134e-001	
2.35144e-001	8.29228e-001	
3.40088e-001	5.70114e-001	
7.37045e-002	9.89783e-001	
3.36554e-001	5.72586e-001	
7.93323e-001	1.37411e-001	
7.30069e-001	3.53841e-001	
2.47247e-001	7.83403e-001	
8.29730e-002	9.84979e-001	
6.89711e-001	4.28807e-001	
7.53129e-001	2.87009e-001	
3.51428e-001	5.60133e-001	
8.03865e-001	1.23023e-001	
7.18141e-001	3.77158e-001	
8.46931e-001	6.54714e-002	
3.53804e-001	5.57276e-001	
5.08783e-001	5.03198e-001	
6.82172e-001	4.42805e-001	
8.43365e-001	7.16314e-002	
1.37472e-002	1.01166e+000	
7.23599e-001	3.74139e-001	
5.66982e-001	4.93698e-001	
7.18556e-001	3.82115e-001	
3.52484e-001	5.61817e-001	
7.97399e-001	1.32825e-001	
2.38313e-001	8.18107e-001	
9.48650e-002	9.86217e-001	
3.56485e-001	5.58612e-001	
2.34839e-001	8.30747e-001	
1.11182e-001	9.83170e-001	
7.92374e-001	1.39432e-001	
3.73043e-002	1.00169e+000	
