6.96551e-004	9.99916e-001	
4.51546e-001	4.55706e-001	
2.16818e-001	7.17821e-001	
8.60314e-001	1.05913e-001	
3.35930e-001	5.77762e-001	
2.73155e-001	6.49636e-001	
1.64841e-001	7.82964e-001	
8.96959e-001	7.83220e-002	
4.20460e-001	4.88472e-001	
1.32332e-001	8.25198e-001	
2.49433e-001	6.78037e-001	
6.91376e-001	2.39279e-001	
1.87254e-001	7.54941e-001	
9.15342e-001	6.40989e-002	
3.89303e-002	9.49370e-001	
1.35804e-002	9.82785e-001	
6.76013e-001	2.52156e-001	
2.05674e-001	7.31510e-001	
7.40647e-001	1.99555e-001	
9.45574e-002	8.74779e-001	
2.63047e-001	6.62746e-001	
1.50830e-001	8.02000e-001	
5.55985e-001	3.55492e-001	
6.10181e-001	3.07751e-001	
9.04761e-001	7.38753e-002	
8.72726e-001	9.60074e-002	
5.12091e-001	3.97063e-001	
8.84040e-002	8.82725e-001	
5.69248e-001	3.44199e-001	
3.78576e-001	5.32492e-001	
8.50037e-001	1.12752e-001	
1.95450e-001	7.44222e-001	
2.18918e-002	9.71715e-001	
4.30019e-001	4.77127e-001	
3.59300e-001	5.54467e-001	
8.22743e-001	1.34083e-001	
9.52549e-001	3.69317e-002	
9.44472e-001	4.28517e-002	
8.83034e-001	8.86683e-002	
8.00999e-001	1.50456e-001	
7.33851e-001	2.04591e-001	
2.80392e-001	6.41489e-001	
6.43578e-001	2.78853e-001	
4.60749e-001	4.47921e-001	
9.95051e-001	4.52231e-003	
7.21344e-001	2.14548e-001	
1.77840e-001	7.67230e-001	
2.94968e-001	6.25852e-001	
4.62363e-002	9.39887e-001	
9.83599e-001	1.36945e-002	
7.12600e-001	2.22255e-001	
1.08042e-001	8.56658e-001	
5.35980e-001	3.74738e-001	
3.09291e-001	6.08471e-001	
5.00261e-001	4.08544e-001	
4.89656e-001	4.18319e-001	
5.89689e-001	3.25240e-001	
3.15973e-001	6.01070e-001	
5.27852e-001	3.81449e-001	
6.53054e-001	2.70283e-001	
4.41226e-001	4.66361e-001	
9.67860e-001	2.58521e-002	
3.47327e-001	5.65667e-001	
6.81648e-002	9.10270e-001	
1.56116e-001	7.95115e-001	
1.00303e+000	6.42741e-004	
6.66854e-001	2.61529e-001	
4.07084e-001	5.01277e-001	
5.98963e-001	3.17019e-001	
3.98042e-001	5.10765e-001	
5.82886e-001	3.31312e-001	
3.69486e-001	5.41430e-001	
6.99724e-001	2.32799e-001	
1.16540e-001	8.45195e-001	
5.47174e-001	3.63593e-001	
3.85648e-001	5.26662e-001	
4.75853e-001	4.31336e-001	
7.52962e-001	1.89484e-001	
3.24965e-001	5.91582e-001	
6.35979e-001	2.85720e-001	
6.26313e-001	2.93832e-001	
5.46576e-002	9.27661e-001	
7.77171e-001	1.69617e-001	
7.86600e-001	1.61591e-001	
2.34293e-001	6.95651e-001	
2.94344e-002	9.62393e-001	
7.95197e-002	8.94393e-001	
7.66708e-001	1.78550e-001	
1.41535e-001	8.13291e-001	
9.32438e-001	5.18004e-002	
8.42351e-001	1.18772e-001	
2.41192e-001	6.88381e-001	
3.02139e-001	6.17521e-001	
4.69754e-001	4.37360e-001	
1.00698e-001	8.67203e-001	
2.25973e-001	7.06942e-001	
2.85623e-001	6.34729e-001	
1.26471e-001	8.32628e-001	
5.18892e-001	3.89939e-001	
4.13664e-001	4.95960e-001	
