7.13587e-001	3.35873e-001	
9.39386e-001	9.56668e-003	
2.99205e-004	1.04529e+000	
5.34631e-001	3.90656e-001	
9.41738e-001	7.66054e-003	
7.82795e-001	3.20600e-001	
6.35491e-002	1.00762e+000	
9.50184e-001	6.41788e-003	
9.57639e-001	3.05363e-003	
9.18247e-001	1.83438e-002	
1.24487e-001	9.96100e-001	
5.43886e-001	3.75645e-001	
1.73110e-001	7.98231e-001	
5.61223e-001	3.56920e-001	
8.05546e-001	3.03800e-001	
2.40163e-001	6.90596e-001	
5.36029e-001	3.84426e-001	
5.09372e-001	4.66924e-001	
1.67969e-001	8.79887e-001	
8.32109e-001	2.44323e-001	
1.94948e-001	7.11068e-001	
5.67080e-001	3.53524e-001	
5.45732e-001	3.61665e-001	
8.08775e-001	2.99929e-001	
8.27659e-001	2.74071e-001	
8.26276e-001	2.78346e-001	
8.47273e-001	2.20362e-001	
1.81537e-001	7.36946e-001	
1.69613e-001	8.18857e-001	
2.16273e-001	6.93201e-001	
7.61873e-003	1.02336e+000	
7.78524e-001	3.25183e-001	
5.73861e-001	3.51798e-001	
9.92414e-001	3.64059e-004	
7.95265e-001	3.09583e-001	
5.18368e-001	3.95846e-001	
8.12592e-001	3.01344e-001	
1.66862e-001	9.12587e-001	
2.06685e-001	7.10099e-001	
8.53359e-001	2.21945e-001	
9.20932e-001	1.81079e-002	
5.16672e-001	4.66438e-001	
1.81000e-001	7.44082e-001	
5.19833e-001	3.98066e-001	
7.51176e-003	1.02614e+000	
1.69486e-001	8.63665e-001	
5.10838e-001	4.68973e-001	
2.27540e-001	6.92648e-001	
9.52256e-001	6.43187e-003	
1.32665e-001	9.95515e-001	
1.80454e-001	7.45514e-001	
5.39276e-001	3.86541e-001	
7.15834e-001	3.36930e-001	
9.61520e-001	3.88585e-003	
6.36162e-002	1.00868e+000	
1.75584e-001	8.01144e-001	
1.18568e-001	1.00725e+000	
3.00476e-004	1.04973e+000	
1.67400e-001	8.83749e-001	
7.96650e-001	3.10122e-001	
5.47782e-001	3.63024e-001	
8.35110e-001	2.61414e-001	
1.82076e-001	7.41108e-001	
1.01649e+000	1.97168e-004	
5.75703e-001	3.52927e-001	
2.08668e-001	7.16914e-001	
1.68023e-001	8.87041e-001	
5.66487e-001	3.60268e-001	
1.02465e+000	2.06643e-005	
7.67484e-003	1.03089e+000	
5.19415e-001	4.35618e-001	
5.18713e-001	4.40334e-001	
5.11987e-001	4.69164e-001	
8.46965e-001	2.56011e-001	
9.22497e-001	1.83236e-002	
6.36981e-002	1.00998e+000	
7.18564e-001	3.38216e-001	
7.92534e-001	3.24589e-001	
5.57224e-001	3.64034e-001	
8.55038e-001	2.22381e-001	
8.09842e-001	3.06400e-001	
2.33179e-001	6.99704e-001	
1.80362e-001	7.48150e-001	
1.70839e-001	8.70560e-001	
9.62772e-001	3.07000e-003	
9.42169e-001	9.59503e-003	
5.40579e-001	3.87689e-001	
5.20048e-004	1.05427e+000	
2.59814e-001	6.92133e-001	
8.39915e-001	2.60963e-001	
5.35654e-001	3.91573e-001	
1.75807e-001	8.02161e-001	
9.61099e-001	4.95964e-003	
2.21525e-001	7.10036e-001	
5.36866e-001	3.90074e-001	
9.89249e-001	2.59554e-003	
5.22879e-001	4.01983e-001	
5.44981e-001	3.76401e-001	
8.06766e-001	3.14060e-001	
2.32378e-001	7.07374e-001	
