8.36887e-001	9.06282e-002	
7.26277e-001	2.07932e-001	
8.25138e-001	9.30012e-002	
6.23269e-001	2.91084e-001	
9.23479e-001	0.00000e+000	
1.22290e-001	8.00878e-001	
2.86058e-002	8.91159e-001	
4.22698e-001	5.15050e-001	
2.18352e-002	9.11447e-001	
1.24884e-001	7.93458e-001	
4.07347e-002	8.88661e-001	
3.24865e-001	5.91452e-001	
3.33550e-001	5.88052e-001	
2.31050e-002	9.08400e-001	
5.33409e-001	3.87230e-001	
7.29998e-001	2.05332e-001	
8.18843e-001	1.11416e-001	
6.34489e-001	2.89344e-001	
3.27537e-001	5.89586e-001	
5.26359e-001	3.90166e-001	
2.21873e-001	6.97064e-001	
4.28117e-001	5.15003e-001	
8.29434e-001	9.34855e-002	
6.25483e-001	2.92119e-001	
7.28757e-001	2.21874e-001	
3.06977e-002	8.96903e-001	
8.27746e-001	1.07342e-001	
2.90739e-002	9.05745e-001	
9.32793e-001	0.00000e+000	
7.32359e-001	2.05995e-001	
1.22753e-001	8.03906e-001	
3.25701e-001	5.92975e-001	
5.35609e-001	3.87863e-001	
5.26130e-001	3.93012e-001	
2.22333e-001	6.98461e-001	
1.27850e-001	7.94597e-001	
8.31301e-001	9.36959e-002	
9.46706e-001	0.00000e+000	
3.04703e-002	9.00566e-001	
3.29197e-001	5.90913e-001	
3.87920e-002	8.96055e-001	
5.27073e-001	4.08588e-001	
3.30456e-001	5.90389e-001	
2.24129e-001	7.04103e-001	
3.34145e-001	5.89102e-001	
1.32717e-001	7.93991e-001	
4.29358e-001	5.23165e-001	
6.29171e-001	2.92052e-001	
1.23772e-001	8.10583e-001	
2.31679e-002	9.10871e-001	
5.37804e-001	3.88498e-001	
7.35657e-001	2.06923e-001	
9.51434e-001	0.00000e+000	
2.91540e-002	9.08240e-001	
3.26796e-001	6.00037e-001	
2.24734e-002	9.38203e-001	
2.24934e-001	7.06632e-001	
5.27958e-001	4.11571e-001	
4.30826e-001	5.24954e-001	
2.41776e-002	9.27021e-001	
6.29791e-001	2.94130e-001	
1.26306e-001	8.07756e-001	
1.23843e-001	8.11870e-001	
8.32161e-001	9.61345e-002	
5.36662e-001	3.89592e-001	
8.33361e-001	9.39281e-002	
8.51995e-001	9.26619e-002	
1.28344e-001	8.03378e-001	
7.35933e-001	2.08832e-001	
2.25742e-001	7.09217e-001	
4.37473e-001	5.33052e-001	
9.53994e-001	2.16190e-003	
9.56239e-001	0.00000e+000	
3.27922e-001	6.02104e-001	
6.32603e-001	2.95443e-001	
2.55026e-002	9.28994e-001	
2.36985e-002	9.31732e-001	
5.36832e-001	3.91073e-001	
7.50308e-001	2.08344e-001	
4.41355e-001	5.49969e-001	
5.31493e-001	4.28847e-001	
4.13912e-002	9.02983e-001	
1.24312e-001	8.14950e-001	
2.66982e-002	9.29102e-001	
6.31867e-001	3.30113e-001	
2.26709e-001	7.12256e-001	
6.48418e-001	2.94085e-001	
5.32272e-001	4.19993e-001	
9.61547e-001	0.00000e+000	
8.34891e-001	9.64499e-002	
4.43372e-001	5.41785e-001	
8.36701e-001	9.43045e-002	
9.54174e-001	1.59740e-002	
5.32730e-001	4.15291e-001	
7.77658e-001	2.07584e-001	
7.38809e-001	2.09648e-001	
9.58352e-001	2.17178e-003	
1.25137e-001	8.20106e-001	
3.29254e-001	6.04550e-001	
3.35560e-001	5.91596e-001	
