8.00234e-001	6.08444e-001	
1.74118e+000	5.87492e-003	
5.41853e-003	1.73467e+000	
1.56882e+000	4.69260e-002	
6.07289e-001	7.48803e-001	
1.78558e+000	6.83999e-004	
1.12484e-003	1.96371e+000	
7.32010e-002	1.85516e+000	
6.12960e-001	9.79991e-001	
1.16241e-003	2.02929e+000	
1.62507e+000	4.86084e-002	
1.75928e+000	6.13403e-003	
1.85157e+000	1.35717e-003	
6.65032e-001	8.20002e-001	
8.26387e-001	6.28329e-001	
6.33108e-001	9.39431e-001	
8.35058e-001	6.80629e-001	
1.66017e+000	5.07298e-002	
1.86375e+000	7.13943e-004	
7.61028e-002	1.92871e+000	
6.75976e-001	8.26144e-001	
6.42029e-001	9.52668e-001	
8.59103e-001	6.63402e-001	
1.25210e+000	6.62263e-001	
1.19844e-003	2.09220e+000	
1.82053e+000	5.81349e-003	
1.90136e+000	1.39367e-003	
6.38970e-001	1.02158e+000	
6.79365e-001	8.30285e-001	
1.20871e-003	2.11012e+000	
2.03970e-002	2.07691e+000	
9.50277e-001	6.68498e-001	
1.25002e+000	6.67963e-001	
1.82514e+000	6.15819e-003	
1.21562e-003	2.12218e+000	
8.98366e-001	6.83057e-001	
6.80335e-001	8.31472e-001	
1.44464e-001	2.02261e+000	
1.90450e+000	7.29553e-004	
6.54630e-001	1.01150e+000	
9.31241e-001	7.27099e-001	
1.98022e+000	7.58558e-004	
9.45695e-001	7.19043e-001	
8.01669e-002	2.03170e+000	
1.21726e-003	2.12504e+000	
7.35657e-001	9.07085e-001	
9.80286e-001	6.92096e-001	
1.98670e+000	7.61042e-004	
1.24330e-003	2.17052e+000	
8.49472e-002	2.08022e+000	
7.70020e-001	9.41080e-001	
1.81969e+000	1.07233e-001	
1.13986e-003	2.27071e+000	
9.99719e-001	7.05816e-001	
2.04314e+000	1.49759e-003	
2.15305e+000	8.24765e-004	
1.27704e+000	6.82401e-001	
1.85044e+000	5.53497e-002	
1.08725e+000	7.12654e-001	
1.30142e-003	2.27196e+000	
1.28788e+000	6.88192e-001	
2.17405e+000	2.90850e-003	
1.90446e+000	3.14508e-002	
2.19146e+000	8.39479e-004	
7.88464e-001	9.63621e-001	
1.16905e-003	2.32886e+000	
1.95136e+000	6.80374e-003	
6.79937e-001	1.22222e+000	
1.15543e-001	2.11808e+000	
1.92327e+000	3.41392e-002	
2.22324e+000	8.51653e-004	
1.39720e-003	2.43918e+000	
2.99209e-004	2.66773e+000	
8.34375e-001	9.39793e-001	
6.80738e-001	1.24148e+000	
1.14065e+000	7.47194e-001	
8.98810e-001	9.07497e-001	
2.24009e+000	8.13120e-004	
6.86572e-001	1.23415e+000	
1.03067e+000	7.83652e-001	
1.34224e-002	2.41722e+000	
1.08380e+000	7.53903e-001	
2.19928e+000	4.10352e-003	
1.42096e-003	2.48066e+000	
1.38646e-001	2.12204e+000	
1.05952e+000	8.05461e-001	
1.48192e-002	2.43373e+000	
1.28539e+000	7.15666e-001	
2.18794e-002	2.34271e+000	
2.27619e+000	8.89703e-004	
1.32817e+000	7.09723e-001	
1.24812e-003	2.48636e+000	
8.11832e-001	9.80484e-001	
2.01182e+000	2.80211e-002	
1.42506e-003	2.48781e+000	
6.90634e-001	1.24145e+000	
8.85903e-002	2.24518e+000	
8.16860e-001	9.98326e-001	
1.71702e-002	2.43728e+000	
2.11062e+000	2.43713e-002	
