1.08560e-001	9.87794e-001	
9.96525e-001	1.51924e-003	
9.70131e-001	7.03789e-003	
6.70571e-001	3.37802e-001	
1.64228e-001	9.18977e-001	
6.50110e-001	3.39554e-001	
1.20696e-001	9.82326e-001	
1.03374e+000	9.76535e-005	
1.51400e-001	9.53832e-001	
1.14285e-001	9.85866e-001	
9.68285e-002	9.93077e-001	
1.62031e-001	9.28207e-001	
1.53642e-001	9.48793e-001	
7.18236e-002	9.96491e-001	
1.55741e-001	9.44353e-001	
9.80518e-001	5.21829e-003	
1.77621e-001	8.27840e-001	
1.49550e-001	9.56630e-001	
5.13095e-001	4.36357e-001	
4.95932e-001	6.05948e-001	
9.51905e-001	9.87384e-003	
5.71646e-001	3.60584e-001	
3.17604e-001	6.86166e-001	
9.03470e-001	3.50138e-002	
1.89569e-001	7.65659e-001	
4.90460e-001	6.16350e-001	
5.57242e-001	3.78575e-001	
5.61963e-001	3.76553e-001	
4.98436e-001	6.00935e-001	
4.15884e-004	1.00045e+000	
8.57261e-001	8.56977e-002	
1.32909e-001	9.74246e-001	
1.69599e-001	8.79255e-001	
1.80417e-001	7.90702e-001	
1.95701e-001	7.58777e-001	
1.66152e-001	9.08247e-001	
1.81620e-001	7.85671e-001	
1.05278e-001	9.91621e-001	
1.92812e-001	7.63076e-001	
4.91717e-001	6.07591e-001	
4.81335e-001	6.25045e-001	
4.74527e-001	6.33645e-001	
6.42224e-001	3.45913e-001	
6.10032e-001	3.51224e-001	
4.25819e-001	6.65277e-001	
4.02636e-001	6.72731e-001	
5.15400e-001	4.21929e-001	
1.58974e-001	9.36333e-001	
1.55180e-001	9.45988e-001	
6.52166e-001	3.40627e-001	
1.57983e-001	9.39317e-001	
4.97150e-001	6.05296e-001	
3.18136e-001	6.87314e-001	
6.76257e-001	3.37438e-001	
9.12444e-001	4.65851e-002	
1.22314e-001	9.81499e-001	
2.47130e-003	1.00056e+000	
9.62084e-007	1.00312e+000	
7.69265e-002	9.95750e-001	
3.13417e-004	1.00388e+000	
4.99857e-001	6.02648e-001	
9.82493e-001	5.22880e-003	
1.11486e-001	9.88309e-001	
6.63695e-001	3.39424e-001	
9.14408e-001	3.54377e-002	
8.59179e-001	9.06384e-002	
8.56750e-001	9.66032e-002	
1.34066e-001	9.73464e-001	
1.04785e+000	1.61248e-004	
1.57774e-001	9.40346e-001	
9.72124e-001	7.05235e-003	
1.66952e-001	9.09639e-001	
1.69224e-001	8.85230e-001	
1.53817e-001	9.49869e-001	
1.56823e-001	9.42554e-001	
1.61531e-001	9.29421e-001	
1.61028e-001	9.30703e-001	
1.63372e-001	9.22046e-001	
9.57115e-001	9.92788e-003	
1.52689e-001	9.51352e-001	
1.59733e-001	9.34080e-001	
4.83527e-001	6.27891e-001	
6.29343e-001	3.55542e-001	
5.16476e-001	4.22810e-001	
4.78437e-001	6.38865e-001	
6.01277e-001	3.59147e-001	
7.21412e-002	9.97778e-001	
4.92795e-001	6.11629e-001	
1.49752e-001	9.58044e-001	
6.44298e-001	3.47031e-001	
1.60505e-001	9.32031e-001	
8.63816e-001	8.63530e-002	
5.73079e-001	3.60136e-001	
9.97536e-001	1.52078e-003	
1.78016e-001	8.29683e-001	
1.00177e+000	1.52724e-003	
5.14981e-001	4.37961e-001	
5.72947e-001	3.61812e-001	
5.17576e-001	4.23710e-001	
6.30615e-001	3.56261e-001	
