1.49101e+000	2.71119e-001	
6.46662e-001	5.91563e-001	
8.19795e-001	4.44061e-001	
1.64731e+000	7.47232e-002	
1.58234e+000	1.84930e-001	
1.54642e+000	2.24258e-001	
7.33236e-002	8.41287e-001	
4.82150e-001	7.71409e-001	
1.67683e+000	1.97277e-002	
5.66706e-001	7.09445e-001	
2.01742e-002	9.25718e-001	
4.66551e-001	7.79117e-001	
3.14924e-002	8.98896e-001	
1.84463e-001	8.02983e-001	
1.13600e-001	8.17634e-001	
5.82482e-001	6.90181e-001	
1.22121e+000	3.64101e-001	
5.23994e-002	8.63486e-001	
1.39282e+000	3.23702e-001	
4.74141e-002	8.71274e-001	
3.64185e-002	8.91694e-001	
1.41396e-001	8.09378e-001	
9.62922e-002	8.26583e-001	
5.13539e-001	7.56862e-001	
6.64357e-001	5.69725e-001	
6.22414e-001	6.31718e-001	
6.84170e-001	5.40730e-001	
1.07688e+000	3.96351e-001	
6.76489e-002	8.47662e-001	
6.18539e-001	6.37524e-001	
8.07888e-001	4.49489e-001	
9.04210e-001	4.18417e-001	
6.06530e-001	6.54931e-001	
6.27030e-001	6.24414e-001	
3.79405e-001	7.94447e-001	
4.94083e-001	7.67932e-001	
5.96389e-001	6.73650e-001	
7.10698e-001	5.13323e-001	
6.58172e-001	5.74786e-001	
7.93071e-002	8.36497e-001	
4.75011e-001	7.74584e-001	
9.77619e-001	4.05496e-001	
6.71371e-001	5.58156e-001	
2.57925e-001	7.98535e-001	
6.51829e-001	5.85670e-001	
5.89889e-001	6.79552e-001	
4.28664e-002	8.77794e-001	
3.12573e-001	7.97383e-001	
8.96774e-001	4.20444e-001	
6.42437e-001	5.98078e-001	
3.93163e-001	7.93139e-001	
4.35475e-001	7.86914e-001	
5.37924e-001	7.37570e-001	
7.02742e-001	5.20088e-001	
6.75378e-001	5.51808e-001	
7.28867e-001	4.97521e-001	
7.94017e-001	4.54856e-001	
5.48688e-001	7.29186e-001	
6.91201e-001	5.32430e-001	
1.95160e-001	8.00127e-001	
2.65405e-002	9.08659e-001	
1.30963e+000	3.48871e-001	
1.05917e-002	9.56899e-001	
5.84532e-002	8.56463e-001	
4.55256e-001	7.81780e-001	
1.46715e-002	9.43226e-001	
1.38761e-003	9.97870e-001	
1.57461e+000	1.98992e-001	
1.68423e+000	5.69179e-005	
5.28606e-001	7.46000e-001	
6.37916e-001	6.05464e-001	
5.74866e-001	7.00415e-001	
1.30210e-001	8.14694e-001	
1.10406e+000	3.94951e-001	
8.81560e-001	4.23546e-001	
1.12328e+000	3.87687e-001	
1.01521e+000	4.01022e-001	
8.49434e-001	4.33684e-001	
9.26560e-001	4.13801e-001	
9.66709e-001	4.08076e-001	
4.80769e-003	9.84460e-001	
8.34374e-003	9.65607e-001	
1.34598e+000	3.40026e-001	
7.81441e-001	4.61546e-001	
8.88337e-002	8.30127e-001	
3.50437e-001	7.95758e-001	
1.06346e-001	8.20321e-001	
7.17163e-001	5.08508e-001	
6.04867e-001	6.64105e-001	
5.06395e-001	7.62240e-001	
1.05512e+000	3.98197e-001	
6.14806e-001	6.42062e-001	
5.59503e-001	7.17526e-001	
5.22125e-001	7.50257e-001	
1.51330e-001	8.06559e-001	
6.10654e-001	6.49260e-001	
4.12489e-001	7.90190e-001	
7.44175e-001	4.85821e-001	
6.32409e-001	6.14056e-001	
5.98740e-001	6.67460e-001	
