3.26398e-001	3.21475e-001	
1.20478e-001	6.37017e-001	
6.34354e-001	1.21736e-001	
2.08723e-001	4.67836e-001	
8.15724e-001	5.49529e-002	
2.63009e-001	3.91713e-001	
8.65375e-002	7.24398e-001	
3.90574e-001	2.64035e-001	
9.01790e-001	2.86606e-002	
3.98093e-002	8.64817e-001	
7.69626e-001	7.02825e-002	
9.46511e-001	1.55526e-002	
6.74630e-001	1.05112e-001	
5.94041e-001	1.39653e-001	
1.37244e-001	5.99379e-001	
6.92742e-002	7.77697e-001	
1.13040e-002	9.61722e-001	
3.52982e-001	2.96305e-001	
1.70978e-001	5.32373e-001	
9.71477e-001	8.35822e-003	
6.97736e-001	9.60021e-002	
2.77639e-001	3.73903e-001	
1.96733e-001	4.87049e-001	
4.91076e-001	1.94251e-001	
4.57030e-001	2.16327e-001	
1.29048e-001	6.17369e-001	
3.05646e-001	3.42936e-001	
3.76150e-001	2.75777e-001	
3.06392e-002	8.95289e-001	
4.64553e-001	2.10798e-001	
9.56699e-001	1.27313e-002	
8.03993e-002	7.40078e-001	
2.48727e-001	4.10763e-001	
4.45350e-001	2.23432e-001	
6.23779e-001	1.26082e-001	
4.39986e-002	8.51338e-001	
3.64605e-001	2.85549e-001	
2.55443e-001	4.01313e-001	
3.15861e-001	3.31740e-001	
7.34366e-001	8.24414e-002	
5.80950e-001	1.46015e-001	
4.86257e-002	8.36150e-001	
6.09766e-001	1.32620e-001	
2.04122e-002	9.29519e-001	
7.08388e-001	9.18426e-002	
9.36258e-001	1.86986e-002	
2.17029e-001	4.55271e-001	
1.45294e-001	5.82975e-001	
1.49345e-002	9.48675e-001	
2.70382e-001	3.82728e-001	
5.22503e-001	1.76059e-001	
9.20799e-002	7.08212e-001	
8.29710e-001	5.05247e-002	
9.85340e-001	4.29964e-003	
5.44547e-001	1.64321e-001	
2.86100e-001	3.64498e-001	
2.28068e-001	4.38624e-001	
1.89241e-001	4.99570e-001	
1.82239e-001	5.11647e-001	
8.78200e-001	3.57905e-002	
5.55454e-001	1.58516e-001	
8.04641e-003	9.72874e-001	
1.02885e-001	6.80036e-001	
5.52794e-002	8.15104e-001	
3.57771e-002	8.78232e-001	
6.47855e-002	7.85842e-001	
9.19970e-001	2.34558e-002	
1.08500e-001	6.66384e-001	
5.21374e-002	8.27093e-001	
5.06860e-001	1.85774e-001	
9.93781e-002	6.89319e-001	
1.64882e-001	5.42802e-001	
6.65561e-004	9.98619e-001	
8.54455e-001	4.28967e-002	
7.43470e-002	7.57511e-001	
1.77290e-001	5.20111e-001	
4.32625e-001	2.32513e-001	
1.52075e-001	5.67972e-001	
6.84699e-001	1.01154e-001	
4.19378e-001	2.41864e-001	
4.03867e-001	2.53698e-001	
2.38201e-001	4.24317e-001	
3.80892e-003	9.87182e-001	
2.94702e-001	3.55021e-001	
7.57928e-001	7.41964e-002	
5.92088e-002	8.02712e-001	
4.78401e-001	2.01839e-001	
7.44012e-001	7.89595e-002	
1.59682e-001	5.53000e-001	
7.19947e-001	8.79634e-002	
2.57666e-002	9.12113e-001	
7.99312e-001	6.04807e-002	
3.36307e-001	3.11647e-001	
3.43011e-001	3.05385e-001	
9.96367e-001	1.16695e-003	
1.14566e-001	6.51517e-001	
6.53839e-001	1.13522e-001	
5.33707e-001	1.70168e-001	
7.81077e-001	6.65106e-002	
5.64681e-001	1.53908e-001	
