9.04743e+000	4.23181e-005	
2.09245e+000	1.14448e+000	
2.86301e-001	5.47845e+000	
7.18052e+000	1.04296e-003	
1.13583e+000	1.68800e+000	
1.27261e-002	5.49384e+000	
5.95141e+000	3.80795e-003	
8.28935e-005	5.53564e+000	
5.02197e+000	9.73422e-001	
5.64822e+000	3.94798e-001	
5.34902e+000	9.32268e-001	
2.68829e+000	1.15908e+000	
9.17056e+000	3.94415e-005	
1.38500e+000	1.79882e+000	
8.29094e-005	5.53670e+000	
5.96215e+000	3.81482e-003	
8.01568e+000	1.16427e-003	
1.29250e+000	1.92085e+000	
7.74027e+000	2.59114e-003	
5.65925e+000	3.95569e-001	
1.35108e+000	1.81245e+000	
1.20230e+000	1.94834e+000	
5.02372e+000	9.73762e-001	
2.11172e+000	1.33153e+000	
2.17233e+000	1.38260e+000	
2.88093e-001	5.51274e+000	
1.20350e+000	1.95028e+000	
5.67053e+000	3.96357e-001	
8.89804e-005	5.94212e+000	
6.04662e+000	3.76866e-002	
8.22664e+000	1.19491e-003	
6.14737e+000	6.52405e-003	
2.69025e+000	1.15993e+000	
2.09191e+000	1.78757e+000	
1.30277e+000	1.93610e+000	
1.36477e+000	1.83082e+000	
6.30227e+000	5.14140e-003	
2.28177e+000	1.33151e+000	
5.32892e+000	1.03292e+000	
7.81163e+000	2.61503e-003	
1.95357e-003	5.97573e+000	
8.70684e+000	1.26466e-003	
6.61718e+000	5.19537e-003	
6.92849e-002	5.86243e+000	
2.09609e+000	1.79115e+000	
1.25909e+000	2.08252e+000	
1.23909e+000	2.18983e+000	
5.68085e+000	3.97079e-001	
9.67223e+000	4.52405e-005	
8.95513e-005	5.98025e+000	
2.69399e+000	1.16154e+000	
1.27337e+000	2.01764e+000	
6.22107e+000	6.26857e-003	
5.68162e+000	4.00996e-001	
4.44377e-004	6.14602e+000	
9.67379e+000	4.52478e-005	
8.74321e+000	1.26994e-003	
2.72999e+000	1.16962e+000	
7.66290e+000	4.16592e-003	
2.54839e+000	1.41045e+000	
5.55851e+000	1.07742e+000	
2.28778e+000	1.44177e+000	
1.31084e+000	1.94810e+000	
2.84553e-001	5.86768e+000	
1.07231e-001	5.88557e+000	
6.22535e+000	6.84604e-003	
6.19480e+000	7.18322e-002	
5.79746e+000	7.19103e-001	
2.28920e+000	1.44266e+000	
7.23522e-002	5.94821e+000	
2.55784e+000	1.41568e+000	
2.73299e+000	1.17947e+000	
2.74748e+000	1.17712e+000	
2.86948e+000	1.17516e+000	
1.03184e+001	4.82631e-005	
9.56314e-002	5.94298e+000	
4.47468e-004	6.15721e+000	
2.75347e-001	5.90387e+000	
6.22037e+000	3.87696e-002	
6.20701e+000	1.15559e-001	
7.66615e+000	4.16769e-003	
1.95696e-003	5.98609e+000	
6.22546e+000	1.47597e-002	
9.56909e-002	5.94667e+000	
1.28413e+000	2.35133e+000	
6.22157e+000	4.71784e-002	
4.77353e-004	6.22932e+000	
1.03996e+001	4.86425e-005	
5.00999e-003	6.00106e+000	
6.96210e+000	1.06744e-002	
2.76018e+000	1.18256e+000	
1.04277e+001	1.30616e-004	
6.87708e+000	1.36152e-002	
1.29739e+000	2.29031e+000	
4.85965e-004	6.23465e+000	
6.22437e+000	3.87945e-002	
1.01814e-004	6.24113e+000	
6.08598e+000	4.25396e-001	
1.08168e+001	5.05943e-005	
6.12574e+000	4.21218e-001	
