2.61472e-001	9.21052e-001	
3.01158e-001	7.77178e-001	
2.31665e-001	9.56150e-001	
2.95246e-001	8.15626e-001	
6.76907e-001	4.16550e-002	
1.39191e-001	9.94397e-001	
2.76509e-001	8.84973e-001	
3.32116e-001	3.69959e-001	
6.13761e-001	2.40191e-001	
2.12206e-001	9.71122e-001	
5.59861e-001	2.80674e-001	
2.69310e-001	9.03535e-001	
3.41591e-001	3.50676e-001	
3.06696e-001	7.17525e-001	
2.82946e-001	8.67444e-001	
3.21499e-001	4.12017e-001	
2.23485e-001	9.64539e-001	
6.96575e-001	3.78431e-002	
5.08769e-001	2.87809e-001	
6.26001e-001	2.14684e-001	
4.27580e-001	2.93843e-001	
5.49817e-001	2.82749e-001	
7.15239e-001	3.60161e-002	
3.36276e-001	3.59621e-001	
5.96854e-001	2.61990e-001	
8.90939e-001	2.43390e-003	
3.89782e-001	3.05370e-001	
8.87376e-001	1.04097e-002	
4.90308e-001	2.88968e-001	
6.00210e-001	2.57089e-001	
6.37932e-001	1.09640e-001	
6.90120e-001	3.88525e-002	
6.09606e-001	2.45525e-001	
3.48197e-001	3.38504e-001	
6.06713e-001	2.50781e-001	
7.45560e-001	3.47605e-002	
3.15191e-001	4.68911e-001	
3.18091e-001	4.39335e-001	
3.03614e-001	7.56878e-001	
2.38392e-001	9.49197e-001	
1.88497e-001	9.82693e-001	
2.87171e-001	8.50880e-001	
1.58453e-001	9.91414e-001	
6.21398e-002	1.00001e+000	
1.49071e-001	9.93316e-001	
8.45618e-001	3.05085e-002	
6.18103e-001	2.32070e-001	
8.24621e-001	3.25415e-002	
6.57621e-001	5.27867e-002	
2.58896e-001	9.26368e-001	
8.65547e-001	2.60634e-002	
2.85875e-001	8.58653e-001	
4.55612e-001	2.90136e-001	
8.86305e-002	9.98792e-001	
2.93519e-001	8.22771e-001	
3.44845e-001	3.44457e-001	
3.97536e-001	3.01720e-001	
2.91927e-001	8.31515e-001	
9.02279e-001	6.61693e-004	
5.33853e-001	2.85273e-001	
4.09238e-001	2.98498e-001	
2.98311e-001	7.94574e-001	
6.36164e-001	1.48860e-001	
3.13973e-001	4.85046e-001	
3.11254e-001	6.01016e-001	
3.05668e-001	7.30546e-001	
3.75416e-001	3.12934e-001	
2.75183e-001	8.95990e-001	
2.51651e-001	9.33323e-001	
5.72521e-001	2.76175e-001	
6.22668e-001	2.21382e-001	
5.86847e-001	2.69961e-001	
3.12330e-001	5.37845e-001	
3.22855e-001	4.04446e-001	
8.77544e-001	1.89356e-002	
2.90432e-001	8.39426e-001	
3.16665e-001	4.53907e-001	
2.96316e-001	8.06995e-001	
3.07903e-001	6.96064e-001	
5.78071e-001	2.74011e-001	
1.72361e-001	9.88472e-001	
2.99919e-001	7.87911e-001	
9.44164e-004	1.00247e+000	
6.84453e-001	4.03572e-002	
3.56408e-001	3.29027e-001	
3.25798e-001	3.92483e-001	
2.80862e-001	8.73314e-001	
4.36682e-001	2.92290e-001	
6.30580e-001	1.94260e-001	
3.67072e-001	3.18310e-001	
6.34783e-001	1.69840e-001	
8.59951e-001	2.86975e-002	
4.14989e-001	2.95993e-001	
6.27922e-001	2.06327e-001	
2.03672e-001	9.75679e-001	
8.71336e-001	2.29620e-002	
3.10166e-001	6.58009e-001	
2.45592e-001	9.41321e-001	
3.28152e-001	3.82134e-001	
6.44856e-001	6.57158e-002	
