6.89125       -1.51908e-016
6.67518       0.066205
6.52682       0.133356
6.42544       0.196963
6.35781       0.261995
6.30965       0.320653
6.25944       0.400794
6.23856       0.470533
6.1987       0.537309
6.17351       0.607071
6.14938       0.689753
6.13736       0.733638
6.10981       0.829742
6.08586       0.918106
6.06644       0.978464
6.03375       1.06183
5.99221       1.14511
5.93572       1.23039
5.87499       1.29724
5.78224       1.36961
5.66112       1.43494
5.53631       1.48096
5.36703       1.53066
5.20577       1.57749
5.07677       1.6242
4.96875       1.67862
4.8845       1.73773
4.81991       1.79973
4.76086       1.87582
4.71601       1.95538
4.67884       2.03571
4.64773       2.1267
4.6317       2.18991
4.59693       2.29527
4.57189       2.39016
4.54839       2.46287
4.50726       2.57513
4.46827       2.66134
4.42227       2.73628
4.35232       2.8216
4.26632       2.89146
4.16822       2.94884
4.05883       2.99495
3.94675       3.03365
3.82896       3.06485
3.71649       3.09668
3.60399       3.13412
3.51429       3.17697
3.42893       3.21762
3.34288       3.27997
3.27965       3.34486
3.22388       3.41702
3.18067       3.50344
3.13142       3.61251
3.09702       3.71739
3.07182       3.82576
3.03062       3.94477
2.99186       4.06244
2.94196       4.17867
2.88963       4.26666
2.82441       4.34657
2.74367       4.41387
2.66655       4.46416
2.55698       4.51308
2.48978       4.5418
2.38931       4.57034
2.29094       4.59757
2.20712       4.62078
2.11866       4.64756
2.03359       4.68038
1.9568       4.71514
1.87424       4.76183
1.80555       4.81348
1.7395       4.88386
1.68188       4.96877
1.62507       5.07588
1.57688       5.20984
1.52802       5.38197
1.48708       5.5253
1.42258       5.68567
1.36982       5.78288
1.30154       5.87109
1.22821       5.93658
1.15066       5.98682
1.07082       6.02659
0.987363       6.0623
0.918111       6.08335
0.831263       6.10965
0.753568       6.13111
0.690249       6.1486
0.616738       6.17176
0.541406       6.19603
0.450565       6.23332
0.393683       6.26101
0.333886       6.29881
0.266466       6.35115
0.199821       6.42518
0.132845       6.52272
0.0660974       6.68175
0.000338787       6.89491
