0.493034       0.604565       3.15146e-013
0.920581       0.208073       0.0141681
0.870454       0.177041       0.0320692
0.829156       0.131419       0.0377206
0.80818       0.123055       0.0481839
0.769928       0.118228       0.0745311
0.788123       0.102602       0.0885394
0.78064       0.077571       0.0893628
0.793325       0.0625622       0.108578
0.799182       0.0598123       0.133586
0.804962       0.0413814       0.151412
0.765055       0.0265844       0.151975
0.812098       0.0123559       0.155729
0.384121       2.70328e-005       0.554091
0.243051       0.838235       0.00672589
0.431127       0.510356       0.00348604
0.686676       0.302995       0.0613961
0.698682       0.22575       0.0482852
0.707661       0.151593       0.0819124
0.724281       0.13062       0.104118
0.729764       0.10852       0.108314
0.711798       0.0946954       0.13759
0.711837       0.0779366       0.116405
0.692784       0.0689169       0.200121
0.684427       0.0518711       0.331522
0.408981       0.0351752       0.439238
0.242139       0.0110017       0.750646
0.24221       0.835194       0.0109873
0.336       0.659878       0.0539905
0.388564       0.432018       0.100172
0.497475       0.360584       0.117906
0.617408       0.323744       0.152821
0.681999       0.186534       0.116359
0.577722       0.206784       0.257095
0.540086       0.176986       0.292169
0.562177       0.120443       0.418775
0.331863       0.0187523       0.659866
0.240327       0.0160451       0.733973
0.242626       0.83588       0.028196
0.241468       0.82411       0.078362
0.354643       0.505361       0.10073
0.36825       0.388784       0.157662
0.453076       0.348359       0.148138
0.418527       0.227588       0.265724
0.396659       0.207441       0.302347
0.40663       0.176276       0.368107
0.343326       0.0403974       0.504449
0.241174       0.0563757       0.70349
0.241173       0.828214       0.0554316
0.240609       0.828462       0.0351231
0.241575       0.586568       0.163642
0.349912       0.407294       0.173199
0.362783       0.361397       0.247549
0.349443       0.252275       0.335858
0.344518       0.220286       0.34962
0.326504       0.117271       0.630271
0.240519       0.00701921       0.757973
0.241033       0.730312       0.136854
0.240725       0.72938       0.136679
0.258036       0.550805       0.31391
0.29497       0.373616       0.406615
0.295662       0.287364       0.447066
0.240468       0.20996       0.684249
0.24038       0.00842263       0.752504
0.241508       0.557987       0.231211
0.242556       0.528698       0.391659
0.240587       0.296585       0.451889
0.240292       0.278606       0.508843
0.24038       0.0195347       0.728474
0.241022       0.829885       0.0351834
0.240366       0.406886       0.414816
0.240274       0.452597       0.412632
0.240118       0.270566       0.617517
0.240356       0.2774       0.525881
0.240534       0.553042       0.28083
0.240321       0.49135       0.406034
0.240266       0.274938       0.584631
0.240323       0.275001       0.584766
0.240139       0.270589       0.61757
0.240123       0.296631       0.450139
0.240211       0.278057       0.513579
0.240126       0.270575       0.617536
0.24025       0.275089       0.581932
0.240349       0.345049       0.421022
0.240149       0.274802       0.584341
0.240166       0.272791       0.605011
