0.999986       0.0083025
0.998346       0.00841885
0.980314       0.0191993
0.969408       0.0258412
0.953721       0.0391395
0.933625       0.0495512
0.928099       0.0594186
0.909889       0.0605832
0.88745       0.0761629
0.86915       0.0869184
0.855213       0.0959347
0.840185       0.105998
0.837948       0.113425
0.816511       0.11834
0.801084       0.130981
0.787036       0.140802
0.773728       0.150379
0.768219       0.156133
0.753243       0.162023
0.739565       0.174825
0.726474       0.180146
0.710585       0.192145
0.707199       0.195429
0.695365       0.203984
0.67666       0.214294
0.666633       0.223758
0.649899       0.232724
0.639485       0.240593
0.633166       0.24698
0.617083       0.257201
0.609564       0.264108
0.598102       0.2746
0.587439       0.282191
0.581849       0.290469
0.56834       0.295984
0.557592       0.303978
0.5504       0.311047
0.540465       0.316873
0.530917       0.324613
0.51807       0.335631
0.507334       0.345824
0.499261       0.353949
0.485711       0.359646
0.480462       0.36669
0.46562       0.376176
0.457592       0.383101
0.452302       0.389025
0.436119       0.398764
0.428022       0.40875
0.421984       0.413184
0.410013       0.421478
0.405851       0.428209
0.393834       0.438088
0.387592       0.442866
0.377117       0.452506
0.366436       0.463562
0.361288       0.471038
0.353701       0.475284
0.342384       0.485205
0.330513       0.49615
0.32547       0.500966
0.317135       0.508101
0.30788       0.515254
0.299362       0.523759
0.293671       0.53737
0.284189       0.544241
0.276223       0.5527
0.269103       0.561483
0.257998       0.56588
0.249037       0.575103
0.242621       0.581735
0.232862       0.590432
0.226062       0.59814
0.217406       0.612999
0.206841       0.618924
0.200662       0.628906
0.190595       0.637663
0.183126       0.648314
0.173698       0.657657
0.167544       0.6672
0.159707       0.678546
0.151618       0.689176
0.144394       0.697709
0.136497       0.708107
0.125564       0.722042
0.118229       0.733512
0.112237       0.7402
0.102847       0.755346
0.0965408       0.76959
0.084616       0.790645
0.0770448       0.794068
0.0709003       0.813336
0.0614567       0.830468
0.053766       0.853739
0.0411804       0.866897
0.0361282       0.875882
0.027065       0.893547
0.0184903       0.914751
0.00980301       0.956434
6.9786e-022       1.07325
