0.503686       0.503686       4.53458e-011
1.00348       0.0469331       0.00159764
1.00567       0.0421444       0.00767099
1.0057       0.0326687       0.00975729
1.00882       0.0315645       0.0140337
1.00987       0.0314032       0.0181973
1.00847       0.0263001       0.0234614
1.00821       0.0203011       0.0238453
1.00926       0.016497       0.0264338
1.00675       0.0154141       0.0350983
1.00312       0.0116283       0.0388228
1.00596       0.00593379       0.039345
1.03268       0.00304472       0.0409924
0.424624       1.76859e-006       0.513196
0.00222706       0.957554       9.89168e-012
0.493669       0.499705       0.042276
0.670157       0.26657       0.0667966
0.670767       0.222982       0.0594539
0.678646       0.168499       0.0658825
0.695266       0.135847       0.0973789
0.691662       0.0997165       0.112769
0.687752       0.0867564       0.131783
0.691287       0.0824444       0.145321
0.675248       0.0662075       0.223197
0.669214       0.0307992       0.279602
0.418027       0.0243537       0.435806
0.00222225       9.55918e-012       0.955554
0.336593       0.646982       5.14203e-012
0.400897       0.401268       0.0875575
0.427847       0.344824       0.119457
0.635735       0.311615       0.167462
0.657433       0.212904       0.218784
0.625946       0.189604       0.245094
0.580251       0.170374       0.288798
0.595503       0.144242       0.399331
0.424394       0.0795818       0.424255
0.325269       0.0642234       0.640737
0.00222021       2.28045e-010       0.954678
0.00222483       0.956646       1.69493e-012
0.271584       0.823323       0.045274
0.336187       0.474438       0.121897
0.363464       0.365609       0.135322
0.416747       0.335728       0.217618
0.422162       0.247254       0.254083
0.382952       0.193079       0.282675
0.392616       0.169093       0.384815
0.341197       0.0316646       0.512902
0.228717       0.0718349       0.702033
0.00222772       0.957825       2.35808e-012
0.161086       0.824266       0.095198
0.245839       0.58683       0.163032
0.33608       0.443205       0.164042
0.350018       0.341072       0.277001
0.336156       0.260058       0.321995
0.335804       0.218806       0.424659
0.319224       0.107952       0.646795
0.137758       0.08705       0.703915
0.00222878       0.95828       2.47715e-012
0.133333       0.808596       0.115225
0.232035       0.571066       0.193185
0.314179       0.521853       0.293712
0.319576       0.383483       0.39324
0.278448       0.280335       0.470964
0.220985       0.217895       0.686644
0.00222134       2.46468e-009       0.955166
0.00222532       0.956808       5.11911e-005
0.120861       0.792398       0.126422
0.0863139       0.568596       0.225539
0.22444       0.525762       0.392642
0.142073       0.324399       0.435224
0.159591       0.265132       0.649908
0.097303       0.117045       0.701275
0.00222111       9.55428e-012       0.955065
0.100574       0.693179       0.141748
0.153443       0.559774       0.258814
0.16291       0.410038       0.419948
0.1357       0.282056       0.520487
0.00222952       0.958573       2.48386e-011
0.0641237       0.620515       0.156775
0.137138       0.549787       0.363751
0.107321       0.305844       0.452349
0.0763583       0.163048       0.704029
0.00222641       1.81229e-009       0.957344
0.00222781       0.957875       5.12482e-005
0.0582652       0.592507       0.185428
0.0933486       0.348842       0.429555
0.0592257       0.232187       0.696749
0.00221964       0.00284403       0.902209
0.00222903       0.958393       5.21436e-012
0.0578582       0.575406       0.219828
0.0546659       0.288138       0.561944
0.0163452       0.440917       0.454981
0.00222283       0.0128295       0.85834
