8.51671       0.000342964
2.04797       0.00860662
4.50186       0.0865797
1.79104       0.00652446
3.82199       0.157047
3.92521       0.00890156
2.93979       0.117491
1.98463       0.179992
1.47943       0.213021
1.83568       0.278223
1.75407       0.262055
1.54391       0.363678
1.56591       0.349068
1.51712       0.357367
1.28826       0.321429
1.34429       0.389034
1.75332       0.461361
1.36295       0.358602
1.0683       0.417292
1.05882       0.443152
0.821919       0.391702
1.09299       0.485742
0.820651       0.399828
0.754945       0.595954
0.930398       0.538887
0.694627       0.6089
0.917402       0.411289
0.662509       0.553412
0.618621       0.544642
0.835645       0.606726
0.896893       0.529276
0.647903       0.648208
0.576823       0.507152
0.547265       0.661355
0.82902       0.663575
0.812289       0.675042
0.701542       0.663118
0.649363       0.947859
0.711687       0.936207
0.818083       1.07617
0.579199       1.064
0.713756       1.22192
0.412933       0.96138
0.521676       1.03411
0.680426       1.15217
0.633115       1.24478
0.545736       1.0399
0.450505       1.26591
0.511932       1.23942
0.534783       1.28855
0.455994       1.45279
0.402366       1.62556
0.418375       1.56473
0.47307       1.25897
0.226508       1.38265
0.371035       1.72329
0.221442       1.84717
0.254732       2.2685
0.208322       2.06978
0.295299       2.46324
0.204424       1.67233
0.183605       2.23659
0.156916       2.57028
0.104083       2.88173
0.0824768       3.21148
0.027221       3.57684
0.000169201       3.9959
