0.700362       0.743306       9.70641e-007
2       1.95992e-010       1.5465e-006
2.19297e-017       5.77937e-017       1.00951
3.90482e-008       1       1.12759e-006
0.695836       0.716085       0.0811576
1.91101       0.572304       0.203403
1.94844       0.451617       2.28865e-006
1.96256       0.390375       1.46203e-007
1.95166       0.327335       0.323835
1.96739       0.214459       0.323855
1.96457       0.125128       0.405656
1.93009       0.127666       0.556727
0.681656       0.141183       0.736082
0.693149       0.0026156       0.798919
1.61935e-017       5.99626e-017       1.01434
0.440046       0.898259       1.53424e-007
0.687342       0.691155       0.244044
0.68155       0.685331       0.284088
0.613967       0.669008       0.468522
0.525398       0.547298       0.659559
0.705295       0.125366       0.719466
0.687546       0.156334       0.732878
0.705459       0.121779       0.719006
0.388439       0.0344425       0.931655
0.304955       0.955997       0.0191959
0.555691       0.83165       2.62211e-007
0.535773       0.609515       0.597334
0.516612       0.134775       0.858928
0.000889151       0.00339515       1.00566
2.19988e-017       5.79757e-017       1.01269
0.225811       0.974231       6.40523e-007
0.44009       0.89835       6.26811e-007
0.567009       0.765923       0.364102
0.600496       0.185928       0.800058
0.421152       0.201632       0.923159
1.50937e-017       5.96776e-017       1.0053
1.46261e-017       5.99449e-017       1.00769
0.187834       0.984764       6.40399e-007
0.35667       0.906925       0.286737
0.461902       0.786178       0.470479
0.481688       0.620707       0.620883
0.472113       0.346836       0.841246
0.36677       0.291327       0.910174
0.000922732       0.00338559       1.0055
2.06469e-017       5.83491e-017       1.01081
0.120621       0.992845       0.15539
0.30282       0.911366       0.322957
0.368463       0.759809       0.554453
0.267708       0.588747       0.819949
0.163549       0.352333       0.938216
0.175132       0.902929       0.445693
0.280469       0.67842       0.699521
0.00675459       0.44413       0.906311
0.0612046       0.191902       1.00026
0.0571729       0.983386       0.231891
0.0899559       0.826687       0.556065
0.00860095       0.565532       0.838633
0.0368628       0.24472       0.990113
1.19027e-017       6.08628e-017       1.01279
0.0462279       0.96465       0.309636
0.1218       0.714385       0.696301
0.0430506       0.294543       0.967698
1.47046e-017       6.02667e-017       1.0131
0.0736929       0.894408       0.449299
1.14389e-017       6.13504e-017       1.0192
0.0550319       0.727697       0.725567
1.57515e-007       9.05285e-008       1.02544
4.27666e-006       0.746815       0.742509
