1.52708       0.462594       0.147042
1.52188       0.461116       0.146572
1.52369       0.46157       0.146716
1.52039       0.446578       0.190728
1.53437       0.426784       0.236065
1.5248       0.369736       0.313381
1.52299       0.311426       0.370633
1.52226       0.251694       0.413258
1.52948       0.187209       0.448677
1.52619       0.147133       0.462271
1.53203       0.147696       0.464039
1.53369       0.147701       0.464592
1.52267       0.464412       0.14762
1.51012       0.489956       0.155739
1.51856       0.440172       0.213677
1.53627       0.402651       0.276286
1.52264       0.34176       0.342706
1.54154       0.286394       0.397589
1.52958       0.213052       0.437034
1.51843       0.166235       0.453124
1.52169       0.151191       0.459455
1.52914       0.147417       0.463163
1.36561       0.781364       0.248367
1.33723       0.826535       0.262725
1.28595       0.899508       0.286053
1.31743       0.873742       0.277731
1.41317       0.686133       0.362382
1.44175       0.541383       0.454127
1.43722       0.480716       0.514887
1.41494       0.286047       0.698093
1.30557       0.331292       0.872233
1.28079       0.285918       0.899487
1.34109       0.26522       0.834383
1.37037       0.251123       0.790025
1.144       1.07211       0.340862
1.07438       1.12617       0.35797
1.00073       1.1826       0.376602
1.09786       1.09146       0.43873
1.24595       0.933383       0.338121
1.25326       0.74022       0.741089
1.21516       0.573876       0.90991
1.1026       0.348775       1.09724
1.00237       0.374853       1.17892
1.07128       0.358472       1.12775
1.1379       0.342165       1.07644
0.885703       1.26273       0.401746
0.802787       1.31013       0.417213
0.738028       1.34339       0.427017
0.89717       1.18127       0.595182
1.0123       0.917878       0.819274
0.994256       0.759376       0.99967
0.911474       0.552475       1.18795
0.748253       0.426515       1.3411
0.818561       0.413005       1.29931
0.885808       0.399692       1.25742
0.689793       1.36794       0.434817
0.610692       1.40103       0.445336
0.55759       1.41667       0.455078
0.751546       1.21716       0.739678
0.80853       0.976294       0.975103
0.722703       0.678574       1.24992
0.557233       0.451092       1.41763
0.616373       0.444783       1.39597
0.689907       0.434045       1.36507
0.519666       1.4335       0.455658
0.480985       1.43904       0.467833
0.480985       1.42806       0.500372
0.58183       1.20562       0.858618
0.519198       0.90124       1.19996
0.480985       0.460145       1.44152
0.528751       0.453697       1.42733
0.480985       1.38056       0.619481
0.480985       1.07164       1.06832
0.480985       0.530733       1.41705
