0.725144       0.725505       8.16393e-012
1.0063       0.00050063       1.22759e-011
1.0091       0.000116089       2.19102e-011
1.00559       0.000115686       2.18341e-011
1.03032       2.06554e-005       1.42899e-011
0.719756       3.41865e-005       0.735085
1.26794e-015       1.08236       5.95925e-012
0.708158       0.715854       0.056403
0.907364       0.438699       0.0213854
0.953468       0.318648       0.0261551
0.980399       0.220015       0.0898715
0.984035       0.162861       0.120763
0.981459       0.133165       0.180389
0.974523       0.0988001       0.221671
0.958666       0.0260846       0.304777
0.90923       0.054345       0.431603
0.710966       0.0466958       0.732932
4.68663e-017       4.0731e-017       1.01405
0.42797       0.912053       0.0621292
0.839482       0.561406       0.00436791
0.897045       0.43001       0.228239
0.899858       0.364648       0.289689
0.898796       0.297911       0.356741
0.908993       0.172475       0.444606
0.850398       0.0362882       0.562889
0.462331       0.0176661       0.922934
4.35551e-017       4.44144e-017       1.01591
1.27061e-015       1.08464       4.03355e-012
0.306291       0.963592       0.0362022
0.543946       0.835775       0.204916
0.69435       0.701896       0.297346
0.774221       0.576833       0.315479
0.78428       0.475444       0.465998
0.797555       0.325732       0.54991
0.720329       0.294192       0.66394
0.53076       0.148955       0.868818
0.242779       0.0767503       0.984681
4.32297e-017       4.40826e-017       1.00832
0.241558       0.979137       0.0702815
0.443763       0.889046       0.220516
0.590269       0.768664       0.334
0.678961       0.622482       0.497886
0.633797       0.439944       0.658337
0.557139       0.386733       0.787239
0.457122       0.184241       0.910245
1.76294e-015       1.09124       6.00812e-012
0.143401       0.993378       0.0823019
0.280266       0.932784       0.287968
0.492035       0.835814       0.380209
0.492063       0.640777       0.620668
0.426463       0.465114       0.826555
0.306326       0.307825       0.926802
0.15004       0.116983       0.990654
3.94695e-017       4.82912e-017       1.01856
3.16088e-015       1.07228       5.65047e-013
0.145389       0.989196       0.145229
0.293787       0.914655       0.328171
0.372761       0.780432       0.581666
0.253827       0.595052       0.809981
0.131801       0.103856       0.990759
4.83927e-017       3.94884e-017       1.02004
1.25478e-015       1.07113       3.16814e-012
0.142582       0.987703       0.192715
0.252449       0.894921       0.448889
0.229403       0.721703       0.714199
0.215679       0.439411       0.908541
0.107097       0.987893       0.205845
0.220984       0.851191       0.591434
0.184712       0.569716       0.86757
0.0335626       0.214032       0.986898
2.68935e-015       1.07414       3.96622e-012
0.10441       0.979988       0.257812
0.106175       0.724978       0.732712
0.104379       0.285824       0.983734
3.6392e-015       1.07291       5.65378e-013
0.0701698       0.963372       0.400099
0.0494714       0.443537       0.964899
3.0922e-017       5.47349e-017       1.02667
3.0488e-016       1.07626       5.92567e-012
0.0329518       0.791626       0.798181
2.48564e-017       5.80332e-017       1.03103
5.46737e-017       3.12434e-017       1.0284
5.13301e-017       0.838285       0.854254
