0.999989       0.00191652
0.984356       0.00932182
0.965052       0.0203261
0.947007       0.0295706
0.930554       0.0386963
0.911399       0.0480525
0.893366       0.056898
0.876487       0.0663455
0.858289       0.0759801
0.842376       0.0852316
0.827554       0.0938099
0.810053       0.101972
0.796366       0.110892
0.779621       0.119076
0.769881       0.127686
0.753967       0.134237
0.738615       0.143086
0.726667       0.151648
0.714286       0.157654
0.699221       0.166221
0.687474       0.17507
0.675731       0.182911
0.659175       0.190741
0.648195       0.198222
0.635498       0.205171
0.628668       0.21006
0.617306       0.215518
0.603583       0.224228
0.596496       0.23257
0.58277       0.242297
0.570003       0.249409
0.559642       0.255332
0.550909       0.263297
0.538766       0.26989
0.527122       0.275101
0.519107       0.282047
0.507895       0.290266
0.498242       0.297848
0.488241       0.304089
0.48058       0.31288
0.468487       0.318628
0.456699       0.326537
0.446869       0.333961
0.440577       0.339423
0.431215       0.346293
0.42378       0.35161
0.412674       0.359102
0.40562       0.365111
0.395693       0.373939
0.386602       0.380891
0.37826       0.388543
0.369542       0.395257
0.3631       0.400666
0.352934       0.406815
0.345738       0.41449
0.336875       0.422541
0.325433       0.432546
0.319064       0.438897
0.313459       0.444124
0.305669       0.450298
0.296833       0.458122
0.2893       0.465968
0.281924       0.47284
0.271742       0.479356
0.265388       0.487441
0.257957       0.495319
0.249641       0.501299
0.242749       0.509833
0.235916       0.51688
0.228015       0.527312
0.220303       0.534571
0.211667       0.542607
0.204631       0.551035
0.197613       0.557949
0.191387       0.565445
0.183737       0.572008
0.175855       0.581229
0.169063       0.592087
0.16167       0.599906
0.153443       0.608601
0.146365       0.618325
0.139783       0.627801
0.129669       0.641661
0.123659       0.649169
0.116284       0.659743
0.108473       0.671979
0.103253       0.682558
0.094308       0.693357
0.0869959       0.706895
0.0810804       0.716977
0.073445       0.737032
0.064818       0.749275
0.0563988       0.76443
0.0503464       0.780142
0.0422779       0.796313
0.0343482       0.823284
0.0227989       0.852357
0.0180343       0.871012
0.00921347       0.917458
3.18108e-005       1.03016
