4.19174       1.74546e-005
3.78432       0.0379303
3.60482       0.0681434
3.08611       0.0947744
2.7379       0.118759
2.48301       0.133185
1.90381       0.139502
1.778       0.142958
1.46817       0.146656
1.31946       0.148102
1.13209       0.149068
1.04996       0.15029
0.900925       0.151601
0.818986       0.152609
0.788892       0.154149
0.752791       0.154537
0.693012       0.156888
0.636247       0.158944
0.600803       0.162603
0.547156       0.166894
0.525209       0.167704
0.507201       0.169025
0.461579       0.174697
0.448609       0.176947
0.427961       0.180347
0.414219       0.184295
0.403095       0.185459
0.393964       0.187169
0.37826       0.191824
0.37163       0.193149
0.362773       0.197813
0.350525       0.199945
0.343609       0.20492
0.332187       0.207402
0.318418       0.212936
0.311752       0.21592
0.30196       0.225391
0.296456       0.227965
0.288745       0.23199
0.284733       0.236546
0.277441       0.239778
0.274147       0.247477
0.265482       0.249823
0.261477       0.255408
0.254615       0.260327
0.248357       0.266071
0.245535       0.270041
0.241239       0.275098
0.237032       0.284831
0.232248       0.289086
0.226995       0.297667
0.221263       0.305248
0.217625       0.310177
0.215409       0.317622
0.21255       0.325276
0.209438       0.329893
0.204392       0.33991
0.200931       0.34933
0.198001       0.357518
0.195995       0.365267
0.192348       0.381915
0.189122       0.391676
0.184714       0.407679
0.182567       0.420793
0.180582       0.428189
0.177859       0.444462
0.17469       0.461485
0.17252       0.487225
0.170438       0.498603
0.168252       0.524707
0.165711       0.545715
0.164053       0.573993
0.16379       0.608189
0.161605       0.637441
0.157476       0.661509
0.156519       0.684112
0.155018       0.741137
0.153989       0.791716
0.152574       0.853064
0.152148       0.902823
0.150374       0.989847
0.148568       1.15844
0.148257       1.28493
0.145526       1.59644
0.139708       2.1476
0.132069       2.31795
0.120264       2.6437
0.100844       3.10218
0.0685965       3.53187
0.039103       3.79259
0.000278295       4.54506
