0.999999       0.0406988
0.999999       0.0332108
0.999998       0.0439102
0.997082       0.029612
0.99311       0.0506029
0.979004       0.0638327
0.977546       0.0628478
0.968189       0.0857487
0.9604       0.0958157
0.958009       0.101008
0.936901       0.113764
0.933228       0.125027
0.928328       0.138388
0.922017       0.138676
0.90842       0.1576
0.898306       0.169279
0.895799       0.181594
0.884572       0.193618
0.872467       0.206052
0.862275       0.217287
0.849166       0.241463
0.841323       0.252517
0.82712       0.263715
0.817085       0.269441
0.813229       0.287571
0.803037       0.2855
0.79479       0.314746
0.788106       0.315524
0.77964       0.338099
0.769768       0.350571
0.760057       0.35321
0.740116       0.37419
0.729756       0.394554
0.717634       0.407336
0.709383       0.416133
0.693205       0.431553
0.685739       0.441399
0.675944       0.460884
0.662094       0.472126
0.660271       0.484642
0.644892       0.491247
0.634095       0.500454
0.618484       0.520222
0.599588       0.544113
0.592573       0.549259
0.582273       0.56817
0.569798       0.577739
0.558982       0.595937
0.546673       0.599663
0.536176       0.614785
0.52808       0.631982
0.512653       0.637947
0.498894       0.65423
0.493277       0.669981
0.47856       0.674087
0.466323       0.686569
0.450452       0.704009
0.445929       0.71839
0.432484       0.725096
0.420519       0.742578
0.404522       0.75097
0.399888       0.757777
0.379109       0.771218
0.376027       0.785799
0.359042       0.79303
0.345166       0.803431
0.334696       0.815352
0.326017       0.821739
0.311835       0.833159
0.29434       0.850058
0.286926       0.855642
0.276801       0.869908
0.262943       0.874082
0.253102       0.878074
0.231505       0.895317
0.218203       0.911445
0.204728       0.913867
0.185406       0.936374
0.163009       0.942871
0.151368       0.953059
0.140613       0.954388
0.130732       0.965378
0.119534       0.969525
0.10962       0.977529
0.0870588       0.983352
0.0669061       0.991056
0.0463898       1.00208
0.0335049       1.0071
0.0233909       1.01122
0.0144511       1.02297
2.8476e-005       1.03295
