0.509401       0.509401       1.43749e-008
1.02214       0.0119669       0.00141826
1.02366       0.0106723       0.00201849
1.02849       0.00857579       0.00248571
1.02323       0.00829154       0.00289356
1.00544       0.00801327       0.00387456
1.01674       0.00651187       0.00605838
1.0422       0.00505475       0.00635921
1.04739       0.0044721       0.00684189
1.03814       0.00408893       0.00916973
1.04151       0.00290453       0.0103345
1.03591       0.00145649       0.0103966
1.02094       0.000677493       0.0103997
0.504919       2.60524e-009       0.504923
0.00100102       0.972538       3.79998e-005
0.508699       0.508492       0.00670585
0.665643       0.327991       0.0607488
0.671479       0.195403       0.0517704
0.680352       0.157744       0.053275
0.699812       0.136088       0.0982064
0.698779       0.0887201       0.103593
0.690581       0.0805807       0.120009
0.686758       0.083627       0.140813
0.683546       0.0448232       0.206379
0.669765       0.0635318       0.273246
0.425819       0.0392756       0.42705
0.000367317       7.83007e-009       0.988619
0.000598498       0.98253       1.73105e-005
0.33543       0.662753       0.0159691
0.38924       0.400889       0.0883662
0.484652       0.340872       0.122133
0.633712       0.315499       0.164924
0.654555       0.256975       0.221069
0.609761       0.203112       0.253546
0.597309       0.174129       0.296937
0.609668       0.145542       0.396244
0.3238       0.0654175       0.639346
0.000367268       1.80259e-008       0.988487
0.000402595       0.987669       2.68029e-005
0.261725       0.82316       0.0343103
0.336473       0.478669       0.110977
0.366369       0.361205       0.159532
0.446805       0.339326       0.141482
0.439376       0.252266       0.255833
0.39091       0.189065       0.287557
0.398825       0.171097       0.386244
0.341473       0.0450426       0.506445
0.219234       0.0744553       0.699124
0.000367258       1.11146e-008       0.98846
0.000367273       0.988499       6.76683e-011
0.157953       0.817744       0.102762
0.285324       0.568994       0.166302
0.335756       0.440331       0.165382
0.348015       0.347748       0.279612
0.336497       0.246021       0.320721
0.334753       0.212926       0.410657
0.322457       0.159401       0.644848
0.140818       0.0823127       0.699667
0.000367272       1.192e-008       0.9885
0.000367264       0.988455       6.42397e-012
0.158247       0.804353       0.113183
0.226637       0.573894       0.190952
0.319835       0.521495       0.303796
0.311838       0.335264       0.400336
0.244897       0.286029       0.47071
0.261164       0.212906       0.680064
0.132373       0.0815693       0.701117
0.000367212       7.89803e-009       0.988338
0.000367274       0.988498       9.11584e-011
0.0820522       0.790381       0.130661
0.10482       0.56474       0.224806
0.195523       0.528478       0.391084
0.189751       0.321356       0.433774
0.214171       0.261827       0.6509
0.101018       0.112893       0.700058
0.0738288       0.699692       0.141232
0.121801       0.558627       0.263428
0.144671       0.413143       0.418013
0.127472       0.279661       0.550681
0.0899417       0.129189       0.701595
0.000367252       7.89888e-009       0.988445
0.0680681       0.622933       0.155427
0.100492       0.54944       0.364366
0.0966642       0.30417       0.451648
0.0703657       0.114188       0.708088
0.000367404       0.988799       1.40266e-010
0.0385737       0.597455       0.18478
0.0813901       0.421016       0.421016
0.0590285       0.233235       0.695134
0.000367216       0.000637205       0.968853
0.000367311       0.988596       2.55657e-011
0.0377793       0.582542       0.216319
0.0530191       0.287853       0.533735
0.000367536       0.989199       4.86945e-011
0.0382521       0.356047       0.440014
0.000367273       0.00177846       0.947594
0.000367467       0.988728       1.15754e-010
0.000367338       6.13064e-009       0.988676
0.000367263       0.168926       0.823604
