2.07077       4.00117e-005
1.78751       0.0129673
1.52172       0.0216087
1.49004       0.0249028
1.4161       0.0566556
1.57891       0.0864862
1.31054       0.114249
1.20673       0.116009
1.23995       0.137275
1.24772       0.151485
1.06928       0.210687
1.13678       0.200015
1.04083       0.176762
1.10168       0.215955
1.14649       0.278829
1.08012       0.298605
1.06684       0.291459
1.06056       0.233627
1.01108       0.24254
1.00311       0.372497
0.870295       0.378908
0.784236       0.317862
0.963981       0.27842
0.945346       0.456855
0.908044       0.405266
0.664257       0.28258
0.756396       0.439948
0.976936       0.386569
0.883768       0.427096
0.902771       0.533578
0.436712       0.494368
0.688634       0.684958
0.92868       0.918195
0.338493       0.617491
0.804129       0.879122
0.927865       0.461629
0.603498       0.847995
0.665583       0.993275
0.374722       0.495263
0.597609       1.06126
0.401806       0.797181
0.474368       0.771444
0.434334       0.453883
0.592748       0.692831
0.424293       0.841796
0.541092       1.28004
0.49888       0.654791
0.490758       1.02991
0.466061       0.542679
0.371106       0.736273
0.384248       1.08686
0.367949       1.42041
0.389487       0.77274
0.455279       1.44568
0.338899       1.29763
0.375528       1.56356
0.322804       2.39933
0.432916       2.82258
0.310782       0.936145
0.262873       2.69799
0.201506       2.97973
0.0154967       2.87841
0.00916766       3.67779
0.0165149       3.06752
0.0160195       5.38744
0.000316543       5.88328
