1.61643       0.584889       0.22702
1.61991       0.586144       0.227519
1.62437       0.587758       0.228139
1.61473       0.573866       0.251959
1.62285       0.538932       0.326063
1.62983       0.482743       0.40883
1.60759       0.403579       0.475879
1.61228       0.333163       0.529729
1.60421       0.252876       0.568994
1.60437       0.225898       0.5803
1.60642       0.225949       0.581135
1.60765       0.225914       0.581662
1.61053       0.226336       0.582698
1.6237       0.587515       0.228046
1.6188       0.563795       0.277351
1.61397       0.509998       0.363783
1.62762       0.446785       0.446634
1.60067       0.361245       0.505465
1.60025       0.279773       0.554543
1.60469       0.225848       0.580455
1.54839       0.718168       0.278756
1.52505       0.763407       0.29631
1.47076       0.846479       0.328558
1.42162       0.911302       0.353747
1.51379       0.727987       0.412016
1.53321       0.588677       0.516627
1.52436       0.48927       0.62002
1.50014       0.354574       0.749868
1.41179       0.351873       0.903945
1.46108       0.325872       0.838865
1.50498       0.302871       0.775781
1.55251       0.279874       0.670735
1.35395       1.03255       0.400802
1.28272       1.08324       0.420483
1.20223       1.16368       0.451714
1.18064       1.14852       0.499711
1.28934       0.993357       0.639034
1.33068       0.756191       0.78703
1.29116       0.579952       0.974527
1.16318       0.495766       1.15601
1.19106       0.446455       1.14607
1.2702       0.425222       1.09552
1.33651       0.392607       1.01066
1.07255       1.2487       0.484712
1.0301       1.31261       0.509534
0.90969       1.36099       0.528327
0.957412       1.31061       0.621219
1.09013       1.04263       0.841344
1.07387       0.85615       1.03786
0.9794       0.560285       1.30705
0.9214       0.52595       1.35411
1.0107       0.504819       1.30029
1.06795       0.487341       1.25202
0.856074       1.38532       0.537698
0.77424       1.42333       0.552513
0.675337       1.46375       0.568167
0.774055       1.32116       0.764572
0.824361       1.06926       1.06838
0.773512       0.773677       1.32149
0.676722       0.567851       1.46125
0.771207       0.552471       1.42328
0.854106       0.539239       1.38781
0.658211       1.46882       0.570228
0.617699       1.48246       0.578781
0.617699       1.48008       0.584822
0.617739       1.27779       0.948815
0.617707       0.93971       1.2844
0.617699       0.576938       1.48317
0.660771       0.569993       1.46744
0.617699       1.47656       0.593665
0.617699       1.36885       0.811741
0.617699       1.11212       1.13835
0.617699       0.575969       1.48355
0.617699       1.44881       0.658502
0.617699       1.43203       0.694233
0.617699       1.40717       0.743318
0.617699       0.726606       1.41588
0.617699       0.576537       1.48333
0.617699       1.15695       1.09276
0.617699       0.576287       1.48343
