0.707107       0.707107       1.02187e-014
1       0       1.31619e-014
1       0       1.16903e-014
0.931096       0       0.3731
1.17146e-015       1       7.2756e-015
0.895828       0.444733       3.08852e-018
0.949625       0.313485       3.02744e-018
0.97056       0.241024       4.38208e-018
0.980645       0.195874       1.27891e-017
0.987164       0.161226       6.58642e-015
0.990608       0.138599       1.00601e-014
0.967138       0.101873       0.236381
1.61045e-019       3.07027e-015       1.04154
0.444304       0.897681       2.08001e-018
0.707242       0.707242       1.02207e-014
0.835289       0.550254       3.08881e-018
0.873385       0.423978       0.242553
0.902193       0.363457       0.233067
0.930997       0       0.37306
0.898454       0.242402       0.422723
0.839468       0.148927       0.552302
0.702227       0.122645       0.702232
0.327698       0.0871881       0.94204
4.50117e-016       3.02559e-015       1.03768
0.289926       0.957128       3.63845e-015
0.555074       0.832159       7.4172e-019
0.681376       0.680443       0.283502
0.775177       0.577471       0.256838
0.834255       0.475858       0.295831
0.763798       0.386474       0.554525
0.670764       0.275512       0.69242
0.498025       0.180659       0.878265
0.259557       0.0584603       0.967933
2.6632e-018       3.06514e-015       1.0398
0.223552       0.980607       3.05551e-019
0.398064       0.886953       0.234894
0.585745       0.763744       0.283368
0.669063       0.589666       0.498569
0.585793       0.505277       0.642708
0.640275       0.369465       0.72631
0.331527       0.0711584       0.941984
0.246163       0.103665       0.969246
4.7885e-018       6.33087e-017       1.03686
0.112039       0.995525       2.34133e-015
0.355032       0.896057       0.289842
0.465907       0.742186       0.484932
0.481331       0.610271       0.640058
0.51671       0.468627       0.740411
0.0275033       0.104901       1.00299
0.116568       0.993201       7.27573e-015
0.301794       0.914292       0.289537
0.278516       0.845798       0.478875
0.400136       0.579575       0.732186
0.312476       0.08887       0.952137
0.16477       0.143597       0.998889
4.87819e-018       6.34819e-017       1.03979
0.173171       0.903435       0.417255
0.25617       0.683179       0.684331
0.108286       0.393402       0.931478
0.0589632       0.970868       0.239439
0.0417329       0.876844       0.51495
0.13498       0.544601       0.833
1.28901e-017       0.210512       0.984779
0.0583578       0.9609       0.2976
0.126704       0.699757       0.703795
2.7025e-016       0.954012       0.386503
0.0467712       0.709633       0.703832
7.41667e-018       6.32356e-017       1.03979
2.45451e-016       0.86647       0.644236
