0.998404       0.0229873
0.965474       0.0253013
0.944874       0.0343217
0.929924       0.0442617
0.929309       0.0525907
0.90925       0.0646537
0.898242       0.0721327
0.87305       0.083131
0.848029       0.0924922
0.819381       0.106737
0.79889       0.119141
0.773922       0.128921
0.757735       0.142526
0.733847       0.150936
0.722844       0.158655
0.722547       0.159002
0.698274       0.174967
0.693773       0.17847
0.660996       0.197283
0.651836       0.199219
0.630678       0.214718
0.628218       0.216935
0.60936       0.229118
0.599758       0.244498
0.577121       0.248106
0.567591       0.255852
0.56698       0.262075
0.546323       0.270244
0.538521       0.275446
0.511715       0.291782
0.505969       0.308884
0.49785       0.309478
0.486585       0.324671
0.479533       0.328503
0.460025       0.337471
0.451647       0.349904
0.438411       0.352997
0.435575       0.367395
0.4112       0.370154
0.404263       0.371301
0.403884       0.383562
0.387988       0.389139
0.387029       0.391115
0.378057       0.404578
0.363202       0.411341
0.35918       0.416835
0.34658       0.42138
0.340159       0.427284
0.334601       0.439188
0.322484       0.439976
0.318258       0.453689
0.304093       0.457698
0.303377       0.463472
0.294097       0.469349
0.28536       0.47514
0.275464       0.484058
0.271095       0.488396
0.265578       0.499181
0.247918       0.508609
0.235576       0.524871
0.225571       0.533563
0.225163       0.536956
0.219235       0.549334
0.210049       0.553454
0.201178       0.56416
0.192747       0.572211
0.19056       0.578679
0.172737       0.591141
0.166001       0.605297
0.15395       0.618732
0.141942       0.636503
0.138149       0.641313
0.129011       0.651341
0.12189       0.658264
0.116124       0.673007
0.105297       0.688788
0.101839       0.694992
0.0947891       0.703279
0.087792       0.712959
0.0778392       0.730698
0.0708937       0.744075
0.0625961       0.766078
0.0552269       0.785376
0.050227       0.791623
0.0382363       0.823577
0.0341648       0.842222
0.0256639       0.854503
0.0176438       0.878458
0.00661063       0.929612
1.68061e-006       1.11355
