1.00353       5.74323e-007       2.98909e-006
1.0135       2.26979e-005       7.00355e-005
1.01208       2.24937e-006       5.54908e-006
1.0645       5.05696e-011       3.23781e-007
1.02364       4.43612e-007       4.44094e-006
1.04374       9.85735e-006       1.0961e-005
1.01063       5.92765e-006       3.27443e-005
1.06058       3.26697e-017       5.61259e-017
1.06058       3.99676e-017       5.11861e-017
0.864339       1.5332e-005       0.535855
0.000528657       1.71623       4.66015e-007
0.725608       0.85065       0.0397927
1.00638       0.00554291       0.015242
0.998667       0.0546101       0.102785
0.992033       0.161822       0.103859
0.982495       0.193185       0.135098
0.990748       0.151679       0.117752
0.998324       0.0261541       0.184796
0.982526       0.0954702       0.235992
0.959051       0.0366301       0.325121
0.739238       0.0494531       0.747505
1.63185e-005       0.000147878       4.95989
0.000214046       1.6502       2.77226e-007
0.31315       1.03676       0.00441711
0.790785       0.774851       0.113737
0.891444       0.448254       0.208355
0.893559       0.367557       0.284535
0.914394       0.277017       0.325932
0.942226       0.255407       0.249056
0.839571       0.132222       0.543419
0.427051       0.00367254       0.91523
1.75975e-005       0.000208517       3.84452
0.0124509       1.03186       0.10937
0.572731       0.858177       0.0680904
0.731402       0.755418       0.183658
0.779044       0.58755       0.384217
0.839303       0.266699       0.502378
0.810963       0.252377       0.606959
0.732828       0.300158       0.710692
0.541571       0.000872342       0.857481
0.311259       0.012074       0.993985
1.17151e-005       7.97009e-005       3.79225
0.000171794       1.62591       3.51031e-007
0.0845635       1.0391       0.0119954
0.474279       0.93205       0.191131
0.621334       0.856735       0.335282
0.660906       0.62008       0.478494
0.614399       0.55036       0.661647
0.593761       0.362191       0.76864
0.45204       0.185259       0.875072
0.231046       0.0207885       0.998624
1.69766e-005       0.000205489       3.78867
0.0861929       1.02492       0.108634
0.00675852       0.975955       0.282929
0.354911       0.819176       0.517888
0.573412       0.530154       0.708514
0.436879       0.437033       0.807622
0.375833       0.0154055       0.94153
0.115797       0.0143102       1.00231
1.7525e-005       9.07675e-005       3.74971
3.58622e-005       1.57031       2.91718e-007
0.0040311       0.956606       0.377911
0.214469       0.811999       0.589834
0.251122       0.578634       0.84026
0.301623       0.330708       0.899684
0.00460972       1.01141       0.192533
0.0713591       0.930477       0.397279
0.213574       0.717271       0.698939
0.0141541       0.423272       0.922246
0.117091       0.0336308       1.00124
2.93693e-006       1.7161       2.13784e-007
0.0442429       1.01515       0.186769
0.0814711       0.831331       0.557299
0.0509448       0.5623       0.851816
1.71025e-005       0.000812545       3.27493
7.92486e-006       1.81644       3.37441e-007
0.10126       0.968308       0.288541
0.0862067       0.723353       0.69986
0.0475818       0.273428       0.969799
5.96078e-005       0.000756144       3.02807
0.0558812       0.913992       0.433834
0.000143192       0.000936286       3.10975
2.22078e-005       1.91481       4.08802e-007
0.0129548       0.690472       0.776535
2.04485e-005       2.42288       1.03104e-007
0.000231645       0.000917511       3.03821
2.18754e-006       0.639469       1.59975
