0.999091       0.0269664
0.997912       0.0254419
0.997912       0.028661
0.964268       0.0383816
0.952923       0.0449065
0.93505       0.0578817
0.894891       0.0656441
0.880909       0.0759213
0.8677       0.0863049
0.845788       0.0967397
0.82046       0.100421
0.805186       0.120352
0.794416       0.128529
0.779291       0.136893
0.758226       0.147416
0.750218       0.153211
0.734164       0.15924
0.717867       0.170276
0.691843       0.176284
0.694018       0.193711
0.648722       0.199448
0.64074       0.211253
0.616617       0.222507
0.616039       0.229127
0.594943       0.240087
0.59447       0.244362
0.583496       0.248239
0.568493       0.254599
0.554936       0.26529
0.550866       0.274853
0.534093       0.279623
0.527968       0.288087
0.517005       0.296245
0.505915       0.302867
0.492938       0.305547
0.483454       0.318941
0.472029       0.320676
0.464647       0.324132
0.453621       0.333081
0.442929       0.341024
0.437361       0.349642
0.423797       0.360191
0.421318       0.362664
0.409062       0.370751
0.396818       0.377513
0.390819       0.38216
0.37941       0.391846
0.372077       0.397971
0.36128       0.404413
0.35745       0.40688
0.349206       0.423395
0.33248       0.429107
0.321447       0.439688
0.315755       0.444826
0.308794       0.452428
0.29614       0.463816
0.289222       0.473583
0.285024       0.475782
0.279395       0.487006
0.272187       0.496111
0.263943       0.506986
0.254919       0.51234
0.248466       0.516078
0.238739       0.520981
0.228644       0.533817
0.226218       0.54377
0.217371       0.551871
0.205787       0.566511
0.200308       0.571769
0.188522       0.578729
0.17397       0.592971
0.16632       0.598164
0.162692       0.609728
0.157722       0.620202
0.142561       0.626816
0.140875       0.638063
0.133766       0.646517
0.124942       0.65293
0.116117       0.670015
0.113102       0.694077
0.104628       0.694403
0.0960403       0.710151
0.0899411       0.72425
0.0816559       0.729928
0.0701366       0.751742
0.068215       0.767075
0.0581189       0.776944
0.0518136       0.790289
0.040777       0.836065
0.0343121       0.841501
0.0264908       0.857931
0.0141198       0.902398
0.00116799       0.990554
2.88484e-005       1.28648
