1.15919       1.35143       4.94357e-007
1.81908       0.607007       0.0143156
1.81381       0.54121       0.0987929
1.81762       0.422102       0.124494
1.81641       0.405787       0.173648
1.8156       0.401905       0.23958
1.82245       0.350147       0.300681
1.823       0.266827       0.306727
1.83       0.213691       0.340979
1.82118       0.199609       0.448412
1.8156       0.146776       0.501643
1.81533       0.0817342       0.505928
1.80755       0.0397519       0.510869
1.25587       1.80316e-006       1.33628
0.843336       2.04465       0.0383309
1.32748       1.31995       0.0978725
1.774       0.588445       0.13845
1.81227       0.428589       0.205431
1.82083       0.390356       0.277599
1.81616       0.291695       0.30364
1.81132       0.237038       0.312173
1.80913       0.200953       0.416001
1.79334       0.0571851       0.552617
1.77517       0.0714226       0.673222
1.15989       0.107282       1.12669
0.843336       0.000661007       2.02422
0.843336       2.0358       0.14199
0.887049       1.66464       0.0509749
1.04108       1.03565       0.237821
1.33051       0.896853       0.331098
1.65617       0.842972       0.477479
1.74877       0.590737       0.560816
1.64403       0.533632       0.660153
1.57193       0.450254       0.742996
1.58887       0.389873       1.06061
1.0883       0.225942       1.12479
0.854016       0.140682       1.70554
0.843336       0.000661007       2.02422
0.843336       2.03745       0.131064
0.843336       2.04536       0.0175204
0.883419       1.32553       0.326876
0.998308       0.968823       0.306426
1.17763       0.880851       0.559807
1.14013       0.599023       0.692003
1.04748       0.522484       0.71864
1.03323       0.446272       1.04063
0.899483       0.122962       1.33326
0.843336       0.00526041       1.94222
0.843336       0.015346       1.87704
0.843336       2.04465       0.0383309
0.843336       2.04169       0.0915262
0.843336       1.48093       0.375105
0.888503       1.12234       0.516864
0.952047       0.945641       0.728266
0.892992       0.635502       0.851215
0.890029       0.570367       1.18639
0.843337       0.467606       1.69707
0.843336       0.00904416       1.91067
0.843336       2.04557       0.0109592
0.843336       2.04418       0.0498477
0.843336       2.04539       0.0166305
0.843336       1.36504       0.647059
0.843336       0.907722       1.0294
0.843336       0.737265       1.10567
0.843336       0.00469962       1.94838
0.843336       0.00469962       1.94838
0.843336       1.00306       1.02355
0.843336       0.680438       1.40945
0.843336       0.180188       1.71848
0.843336       0.0183724       1.86501
0.843336       0.861137       1.03673
0.843336       0.00108198       2.01186
0.843336       0.0177036       1.86751
0.843336       0.680352       1.41151
0.843336       0.00927176       1.90915
0.843336       0.00927176       1.90915
0.843336       0.000584301       2.02662
0.843336       0.000372026       2.03345
0.843336       0.0187567       1.86361
0.843336       0.0395727       1.81136
0.843336       0.00813515       1.91708
0.843336       0.019768       1.86004
0.843336       0.0110803       1.89807
0.843336       0.000636391       2.02498
0.843336       0.0120473       1.89276
0.843336       0.000210858       2.03879
0.843336       0.000210858       2.03879
