1.1431       1.17103e-010
1.00211       0.00960694
0.983773       0.0177354
0.946166       0.0287608
0.932579       0.0387701
0.920777       0.0458666
0.919331       0.0554112
0.902627       0.0682467
0.898938       0.0769083
0.895684       0.0853948
0.888164       0.104161
0.883167       0.116428
0.874544       0.132771
0.876871       0.138134
0.869915       0.150704
0.863846       0.158848
0.858913       0.173926
0.845404       0.1993
0.836424       0.2109
0.826565       0.221078
0.811695       0.232352
0.790724       0.240057
0.773996       0.244427
0.747977       0.253492
0.73897       0.258732
0.721338       0.265417
0.700614       0.274438
0.68276       0.281199
0.678466       0.289057
0.665668       0.304822
0.65789       0.306203
0.649484       0.325355
0.649111       0.331614
0.644791       0.34554
0.632618       0.359925
0.631181       0.37509
0.624863       0.389372
0.620823       0.40197
0.618132       0.409995
0.604117       0.431747
0.60033       0.442184
0.594243       0.452782
0.583019       0.465361
0.568445       0.472257
0.546907       0.485244
0.529578       0.492193
0.525509       0.493752
0.502281       0.501908
0.485281       0.509637
0.471921       0.514312
0.465923       0.517842
0.452121       0.520567
0.438492       0.529271
0.432564       0.537563
0.418848       0.546192
0.411297       0.558133
0.403815       0.566023
0.396982       0.576872
0.393121       0.601065
0.383902       0.617933
0.377201       0.632318
0.37391       0.648753
0.36767       0.666092
0.362267       0.684482
0.350399       0.700641
0.341492       0.714126
0.329368       0.725216
0.312665       0.728773
0.294161       0.739111
0.273095       0.746902
0.257541       0.756202
0.252435       0.759428
0.239482       0.758407
0.226019       0.762392
0.206236       0.772576
0.197175       0.783673
0.184291       0.784501
0.177979       0.790187
0.164486       0.806727
0.151279       0.823706
0.14731       0.829025
0.137068       0.850965
0.130721       0.871235
0.121888       0.894619
0.114365       0.911854
0.104961       0.929177
0.0935665       0.954672
0.0842179       0.960283
0.0695785       0.971654
0.0536014       0.983022
0.0351073       0.99129
0.0264001       0.995438
0.0191531       1.00435
0.00318535       1.00496
1.23839e-005       1.03332
