5.22476       5.22476       5.37883e-006
1.0123       0.989489       0.0552631
1.02075       0.950062       0.156845
1.01494       0.926934       0.249346
1.02804       0.736033       0.319918
1.04495       0.685353       0.425353
1.04687       0.656102       0.570903
1.05407       0.636882       0.724082
1.06617       0.352301       0.752847
1.05778       0.327236       0.732424
1.00748       0.308114       0.771605
1.06752       0.043604       1.02818
1.09844       0.0439071       1.057
1.11694       3.21467e-005       2.2323
0.977658       1.01607       0.0494278
0.973536       0.972864       0.0742365
1.06066       0.724642       0.362812
1.02607       0.660521       0.484392
1.02499       0.640354       0.604993
1.03527       0.327517       0.722136
1.09133       0.357107       0.761553
1.14534       0.309292       0.956072
1.05805       0.043736       1.09129
0.00291775       4.20058e-033       4.30045
0.939483       0.973808       0.157327
0.944482       1.01109       0.153883
1.05542       0.706255       0.38957
1.08197       0.336009       0.760344
1.08248       0.331775       0.762812
0.765889       0.0568577       1.49231
8.06275e-007       2.73066e-006       4.41389
0.938548       1.00166       0.259786
0.751792       1.09215       0.342518
1.01332       0.76547       0.401625
1.0044       0.404343       0.988743
0.876454       0.320785       1.26957
0.366599       0.0482574       1.82209
0.0018991       4.20548e-033       4.36654
0.773132       1.11404       0.347768
0.750282       1.01832       0.360026
0.726721       1.04096       0.38394
0.757398       1.00883       0.375299
0.949663       0.748833       0.74251
0.751915       0.387262       1.17575
0.703603       0.255318       1.31931
7.88318e-007       2.9474e-007       4.31574
0.700754       1.06828       0.423841
0.706738       1.0774       0.428188
0.703006       1.11015       0.559004
0.679581       1.09377       0.623291
0.8075       0.769535       0.849126
0.350766       0.325721       1.51285
0.355911       0.0560712       1.82998
1.01207e-011       6.71684e-006       4.36105
0.371715       1.10551       0.784611
0.36       1.05588       0.805811
0.376578       0.807337       1.17559
0.325555       0.316066       1.62194
0.67197       1.08334       0.781995
0.36691       1.15716       0.795496
0.359566       1.15358       0.795716
0.367763       1.05186       0.817933
0.374249       0.670892       1.49056
0.0406704       0.374568       1.8491
0.355207       1.06994       0.809473
0.0449135       0.80634       1.45164
3.99696e-011       0.000728124       4.15233
0.3182       1.18238       1.03268
0.0429766       1.15709       1.19317
0.0385969       0.355472       1.75483
9.76251e-012       0.000290426       4.23443
0.32736       1.21642       1.06241
0.0505284       1.21835       1.18046
0.0407585       0.73524       1.51403
0.0558081       1.19619       1.24595
0.0524139       1.18471       1.22374
2.28227e-011       0.00159639       4.09563
6.13066e-012       0.00517984       3.91986
0.00019529       1.33057       2.75994
