0.231216       0.231216       7.20949e-070
0.929395       0.000447189       9.15116e-005
0.932204       0.000359844       8.03892e-005
0.937353       0.000287665       7.01133e-005
0.943722       0.000235894       6.26918e-005
0.950827       0.000198003       5.26218e-005
0.95142       0.00016615       4.81458e-005
0.955803       0.00015151       4.63267e-005
0.956999       0.000134149       4.16856e-005
0.95097       1.7051e-007       0.000410674
0.939323       3.72816e-007       0.000546588
0.915083       1.61621e-006       0.00111601
0.231216       3.80126e-046       0.231216
0.00011752       0.947289       9.07804e-005
0.321065       0.155353       6.13822e-006
0.274589       0.0919152       0.0348426
0.27305       0.0728034       0.0377422
0.291962       0.0581205       0.0402236
0.283957       0.039373       0.0481208
0.269069       0.0385936       0.054093
0.282696       0.0346244       0.0528887
0.288506       0.0325942       0.0535786
0.300427       0.0301036       0.0527948
1.03917e-051       1.12518e-074       1
0.000139423       0.942493       0.000110014
0.095283       0.25442       0.0267765
0.161702       0.155572       0.0340176
0.177263       0.113426       0.0400953
0.1769       0.0885747       0.0502687
0.193       0.0746924       0.0539563
0.203625       0.0674928       0.0549861
0.214706       0.0617385       0.05475
0.225273       0.0560111       0.0546956
0.157104       9.94493e-006       0.317161
3.4623e-055       1.91844e-069       1
0.0773714       0.261951       0.0292226
0.111384       0.166975       0.0406856
0.130636       0.130966       0.0495187
0.148425       0.111181       0.0510241
0.163205       0.0974237       0.0518801
0.176696       0.0863895       0.0540413
0.18598       0.0795608       0.0526449
0.188773       3.11909e-007       0.279869
0.123314       8.31168e-005       0.366534
5.6649e-059       1.82673e-070       1
0.000164298       0.937525       0.000132158
0.0645768       0.262197       0.0322031
0.0942279       0.186788       0.0442963
0.114902       0.15222       0.0459868
0.144717       0.115003       0.0504355
0.155466       0.104415       0.0512693
0.157206       7.22705e-006       0.316915
0.10063       0.000245703       0.405998
5.24239e-060       2.86304e-075       1
0.000200062       0.933761       0.000149096
0.0571393       0.28201       0.0332186
0.0836644       0.208813       0.0412569
0.102979       0.1715       0.0450528
0.117871       0.147764       0.0463748
0.131239       0.131183       0.050007
0.139272       2.41372e-005       0.340467
0.0827827       0.000461141       0.424984
2.14871e-065       9.7965e-076       1
0.000168731       0.933526       0.000158851
0.0507142       0.30609       0.0289986
0.0760723       0.227244       0.0377748
0.108554       0.16211       0.0459853
9.8866e-005       0.135822       0.340439
0.00109313       0.0703342       0.442161
4.01724e-065       5.37197e-073       1
0.0461284       0.326589       0.0263969
0.0697699       0.242672       0.0357539
0.086903       0.202455       0.041041
2.39133e-005       0.158532       0.311455
0.00127937       0.0812214       0.424524
3.43425e-065       7.12547e-075       1
0.000151429       0.93735       0.000136794
0.0424073       0.340623       0.0262565
0.0644971       0.258191       0.0348854
1.95731e-006       0.186303       0.279515
0.000391883       0.0998584       0.389379
1.08963e-065       1.39137e-075       1
0.000135757       0.94061       0.000137269
0.0381292       0.361467       0.0242377
5.37227e-038       0.231216       0.231216
0.000164039       0.121584       0.358585
0.000113899       0.943655       0.000114934
0.0373197       0.368871       0.0243606
2.36328e-005       0.156713       0.313672
1.74025e-067       7.23467e-081       1
0.000110618       0.944884       0.000107525
9.81654e-005       0.947241       0.000107793
5.64684e-071       1.31807e-081       1
