1.26517       8.73466e-006
1.04967       0.0014978
1.01776       0.0144125
1.01682       0.0143992
1.00114       0.0386695
0.979621       0.0499214
0.96153       0.0672394
0.946578       0.0950195
0.944548       0.0972187
0.938481       0.112769
0.908463       0.127554
0.902011       0.143739
0.883075       0.159902
0.895408       0.161342
0.864941       0.18188
0.861267       0.187426
0.84281       0.195589
0.826696       0.204406
0.822395       0.221882
0.813397       0.230083
0.808102       0.240171
0.792264       0.246517
0.786564       0.264263
0.762502       0.274699
0.758112       0.281906
0.754645       0.298
0.746219       0.305821
0.731421       0.31739
0.727371       0.318515
0.71453       0.339444
0.703066       0.348402
0.697773       0.357814
0.681693       0.368328
0.66567       0.384362
0.656186       0.393305
0.655164       0.400466
0.635262       0.419017
0.625056       0.4276
0.623974       0.434664
0.61331       0.444634
0.593396       0.46062
0.583602       0.462884
0.572168       0.481476
0.560165       0.486822
0.544307       0.514042
0.537554       0.52588
0.519057       0.52895
0.517067       0.539169
0.497823       0.553143
0.49248       0.571099
0.48313       0.582238
0.470722       0.591024
0.45981       0.597421
0.447444       0.605835
0.429912       0.618901
0.418885       0.631686
0.40545       0.641089
0.403489       0.645938
0.393914       0.660167
0.388125       0.66501
0.364386       0.68035
0.36348       0.691104
0.35121       0.689355
0.332112       0.708392
0.328319       0.723937
0.296519       0.744545
0.302269       0.739415
0.287205       0.761376
0.266918       0.768973
0.261925       0.776729
0.24957       0.798059
0.243795       0.80618
0.230108       0.809889
0.209332       0.837046
0.198973       0.838017
0.188562       0.857073
0.173696       0.86776
0.158952       0.878428
0.152257       0.886293
0.144383       0.887207
0.131226       0.903147
0.113644       0.917982
0.103084       0.934906
0.0912945       0.947778
0.0786585       0.950263
0.073498       0.966335
0.0614583       0.97249
0.0453828       0.987263
0.0326708       0.997021
0.0313423       0.999653
0.0171925       1.02489
0.00370726       1.03116
5.38898e-006       1.32546
