1.71482       0.819064       0.445333
1.71496       0.819138       0.445357
1.71473       0.819016       0.445318
1.71476       0.819026       0.445328
1.71484       0.819077       0.445326
1.71498       0.793533       0.48954
1.71726       0.711507       0.604495
1.72187       0.604366       0.714922
1.71497       0.490369       0.793019
1.7149       0.445337       0.819121
1.71475       0.44531       0.819035
1.7147       0.445282       0.819018
1.71479       0.445309       0.819063
1.71478       0.819047       0.445319
1.71574       0.765897       0.532465
1.71677       0.659985       0.659984
1.71532       0.533948       0.764584
1.71476       0.445299       0.819051
1.71482       0.445312       0.819079
1.71485       0.819076       0.445341
1.71485       0.81907       0.445347
1.70006       0.844665       0.45942
1.72153       0.720928       0.596873
1.70119       0.459662       0.843757
1.71503       0.445366       0.81918
1.65847       0.90304       0.491215
1.59856       0.985254       0.535853
1.54176       1.05378       0.573122
1.46568       1.14211       0.62127
1.46535       1.10616       0.682685
1.50817       0.898961       0.874049
1.46348       0.718527       1.1109
1.45867       0.621808       1.1437
1.53872       0.576942       1.06019
1.5966       0.536781       0.987276
1.65928       0.492143       0.905085
1.42451       1.17723       0.640363
1.34608       1.24655       0.678168
1.24989       1.32418       0.719954
1.12685       1.40482       0.763847
1.24122       1.23222       0.915123
1.23599       0.993861       1.20146
1.12742       0.76161       1.40068
1.2637       0.719546       1.32239
1.34344       0.677094       1.24538
1.43053       0.638845       1.17493
1.18412       1.36385       0.741604
1.08704       1.4293       0.777447
0.972087       1.48796       0.809162
0.931912       1.50574       0.819083
0.953552       1.20141       1.21114
0.931912       0.819169       1.5057
0.955902       0.812798       1.4949
1.08648       0.775746       1.42686
1.18361       0.743733       1.36798
0.950715       1.49723       0.814263
0.931912       1.47129       0.879471
0.931912       1.02206       1.37607
0.946142       0.815138       1.4993
0.931912       1.19779       1.22615
0.931912       0.827952       1.50089
0.931912       1.50165       0.826561
0.931912       1.4709       0.880121
0.931912       0.999329       1.39266
0.931912       0.836725       1.49601
0.931912       1.47492       0.873362
0.931912       1.36888       1.03166
0.931912       1.29188       1.1266
0.931912       1.25668       1.16573
0.931912       1.4999       0.829742
