0.435474       0.55218       4.64844e-010
0.982085       0.148272       0.00634158
0.991076       0.133657       0.0244796
1.00028       0.108301       0.0284003
0.983977       0.0999268       0.0394961
0.986893       0.0993229       0.0548395
1.00187       0.0786345       0.0756802
1.00405       0.0625177       0.0772997
1.01669       0.054571       0.084327
0.986208       0.0496816       0.100901
0.983945       0.031597       0.123713
0.977754       0.0138712       0.124066
0.995045       0.0100497       0.12733
0.528038       3.87141e-005       0.513624
0.0480146       0.878045       0.000168616
0.507801       0.507753       0.00161726
0.69076       0.314444       0.0562589
0.72174       0.198273       0.0464423
0.734378       0.169785       0.0690425
0.732455       0.138238       0.0982875
0.705644       0.0789044       0.113593
0.709999       0.069928       0.167266
0.683236       0.0482681       0.221698
0.675571       0.00622208       0.334709
0.415048       0.0375296       0.44893
0.0474563       5.81757e-005       0.865878
0.0473543       0.865768       0.00686809
0.340941       0.676236       0.0607061
0.420276       0.411333       0.0941307
0.457124       0.347003       0.12861
0.651322       0.31531       0.173575
0.676299       0.171729       0.195116
0.656372       0.183652       0.251732
0.592152       0.173512       0.296912
0.522306       0.154557       0.419835
0.429633       0.042513       0.430978
0.336049       0.0350146       0.633452
0.0470628       0.00769284       0.784682
0.0473128       0.865208       0.000228038
0.176028       0.829751       0.0777873
0.344412       0.459741       0.113647
0.373471       0.382847       0.128934
0.460261       0.344739       0.189776
0.453973       0.245552       0.270807
0.400086       0.199516       0.283776
0.411393       0.175131       0.381951
0.343292       0.102472       0.517355
0.123202       0.0656368       0.711377
0.0473193       0.86498       0.0114641
0.289786       0.598761       0.156069
0.343748       0.428391       0.137228
0.366452       0.35893       0.273386
0.351433       0.213485       0.352717
0.341311       0.220553       0.364394
0.322949       0.106774       0.662085
0.0471231       1.22633e-005       0.861332
0.0956903       0.83024       0.108978
0.0787866       0.581231       0.183305
0.322564       0.549287       0.175955
0.326458       0.348387       0.382812
0.0627686       0.296903       0.490539
0.275767       0.185436       0.69802
0.123386       0.0664717       0.712236
0.0470961       0.00675215       0.788937
0.0472332       0.863299       0.0144595
0.0476448       0.812951       0.134266
0.16349       0.566637       0.219853
0.119147       0.536108       0.39851
0.170697       0.326848       0.44422
0.103958       0.265448       0.66126
0.0863012       0.117622       0.714131
0.0470959       0.000131836       0.856827
0.0472984       0.864792       0.00535529
0.101506       0.688144       0.143586
0.108065       0.568035       0.264986
0.150486       0.366178       0.426993
0.119627       0.285326       0.558144
0.0470727       0.000131771       0.856406
0.0471867       0.862881       0.000960143
0.0767243       0.61709       0.157795
0.0836738       0.565334       0.295112
0.0551647       0.309988       0.464579
0.0789609       0.149502       0.707125
0.0472748       0.864363       0.00521903
0.055249       0.594524       0.182663
0.0470053       0.431524       0.429745
0.0758097       0.209821       0.702821
0.0471063       0.830064       0.116679
0.0470491       0.573326       0.282311
0.0472354       0.288017       0.565887
0.0470531       0.000131687       0.85586
0.0470378       0.318134       0.455586
0.0471016       0.183663       0.715617
