1.31378       0.211645       0.0345506
1.31247       0.211434       0.0345126
1.30745       0.203903       0.0629934
1.31502       0.201693       0.0734429
1.3275       0.194095       0.10302
1.32862       0.161404       0.14611
1.34342       0.136815       0.171468
1.3536       0.113356       0.18965
1.34183       0.0879973       0.200569
1.30266       0.0431252       0.208212
1.32757       0.0364509       0.213609
1.33035       0.0349827       0.214313
1.32838       0.0349303       0.213996
1.16898       0.593906       0.0969677
1.16073       0.611933       0.0998848
1.18037       0.59018       0.096338
1.25497       0.404084       0.0659746
1.2891       0.317432       0.128346
1.29311       0.212712       0.13335
1.30132       0.0677425       0.20132
1.28525       0.159282       0.30485
1.25599       0.0678083       0.415421
1.18226       0.09527       0.58355
1.15996       0.104725       0.641229
1.17467       0.097203       0.595233
0.880227       0.963172       0.157216
0.81455       1.01658       0.165936
0.90438       0.927       0.202723
1.08573       0.720672       0.171717
1.17214       0.55338       0.280852
1.19554       0.466697       0.393602
1.19681       0.352925       0.436913
1.16042       0.288665       0.574309
1.10541       0.119646       0.732618
0.916625       0.153804       0.939102
0.820548       0.166027       1.01589
0.868204       0.161267       0.986101
0.607852       1.14909       0.187564
0.574071       1.16629       0.190378
0.726154       1.0777       0.17606
0.901831       0.875117       0.372759
0.98615       0.745695       0.503579
1.03472       0.586653       0.583366
1.00054       0.442104       0.748939
0.919546       0.374821       0.885548
0.726138       0.177167       1.08502
0.567468       0.190851       1.16687
0.618456       0.187509       1.14567
0.426935       1.22179       0.199515
0.402913       1.23574       0.201711
0.533596       1.15747       0.308538
0.726205       0.991136       0.478293
0.817557       0.822121       0.656484
0.842175       0.572209       0.837544
0.731853       0.485275       0.98326
0.5662       0.313991       1.14289
0.397182       0.201346       1.23353
0.439185       0.199303       1.21872
0.325356       1.25251       0.204518
0.286985       1.26196       0.206023
0.433024       1.18473       0.373305
0.579271       1.01644       0.608581
0.618568       0.81839       0.823674
0.599143       0.609302       0.998071
0.452736       0.378319       1.17206
0.272118       0.206783       1.26533
0.319627       0.204761       1.25392
0.239078       1.27237       0.207694
0.210878       1.27442       0.211913
0.391536       1.17459       0.432623
0.427011       0.999574       0.738715
0.440523       0.749405       0.992298
0.376548       0.437711       1.18094
0.210877       0.211159       1.27455
0.225821       0.207782       1.27294
0.210877       1.27502       0.208297
0.296207       1.14961       0.553133
0.309946       0.901827       0.8978
0.311705       0.560073       1.14304
0.210877       0.217241       1.27352
0.210877       1.27174       0.227458
0.253881       1.06645       0.717645
0.232344       0.699359       1.08223
0.210877       0.916726       0.910313
