0.999704       0.00274729
0.998364       0.00659852
0.99466       0.0203012
0.992463       0.0251241
0.987757       0.0410215
0.98501       0.0418022
0.979295       0.0576377
0.972887       0.0736277
0.970554       0.0778638
0.966597       0.0927792
0.957908       0.105151
0.955136       0.117906
0.953312       0.128536
0.947883       0.136568
0.943675       0.148766
0.937212       0.156837
0.930889       0.171811
0.928911       0.184403
0.922782       0.201536
0.915961       0.214844
0.908535       0.2277
0.898089       0.239749
0.894149       0.255974
0.89309       0.2646
0.891837       0.28362
0.876432       0.295536
0.875219       0.310299
0.865955       0.318226
0.858445       0.337598
0.852147       0.353797
0.846849       0.364293
0.834229       0.376359
0.834172       0.397528
0.82212       0.409329
0.817146       0.42147
0.80018       0.437473
0.790479       0.447483
0.785683       0.458646
0.774354       0.481708
0.771099       0.50017
0.75703       0.514263
0.746729       0.53148
0.736238       0.541359
0.72731       0.556767
0.714184       0.576297
0.707907       0.590585
0.700559       0.610113
0.689018       0.620807
0.667607       0.639989
0.663249       0.64812
0.65454       0.66636
0.646239       0.689917
0.633397       0.701295
0.613896       0.717397
0.605386       0.72821
0.593997       0.742839
0.580864       0.747348
0.562565       0.763647
0.551881       0.77935
0.537378       0.791855
0.526957       0.802095
0.506984       0.825203
0.497785       0.8317
0.478597       0.850684
0.46893       0.857879
0.448918       0.869717
0.433033       0.87877
0.423046       0.888593
0.41075       0.895947
0.391666       0.9113
0.379855       0.914155
0.356578       0.925526
0.347036       0.930858
0.333541       0.939799
0.315982       0.94786
0.302856       0.951445
0.28848       0.959109
0.270936       0.963543
0.260387       0.968131
0.238342       0.973353
0.231713       0.977612
0.209464       0.982366
0.198534       0.984766
0.188736       0.986887
0.173828       0.989893
0.1546       0.992728
0.138405       0.994035
0.137315       0.99563
0.122111       0.997063
0.102131       0.999397
0.0999968       1.00028
0.086891       1.00213
0.0617036       1.00164
0.0191367       1.00343
0.0191367       1.00311
0.00337773       1.00781
1.41814e-007       1.01674
