0.996322       0.0255928
0.996322       0.0277378
0.995087       0.0298294
0.992226       0.0355038
0.991775       0.0369066
0.977497       0.0631395
0.97548       0.0703281
0.971622       0.0814618
0.962634       0.0890608
0.959907       0.107544
0.952036       0.118504
0.948392       0.130856
0.943062       0.136637
0.938051       0.152221
0.928945       0.164206
0.926764       0.173132
0.920299       0.187895
0.920299       0.199408
0.909959       0.210347
0.899396       0.22516
0.897111       0.239946
0.888833       0.246742
0.877141       0.276248
0.867706       0.291764
0.867458       0.303935
0.854886       0.320179
0.851519       0.32749
0.838493       0.339283
0.833866       0.356406
0.825467       0.371351
0.81071       0.386722
0.80152       0.40041
0.786622       0.416298
0.782423       0.427919
0.772336       0.436999
0.765601       0.458561
0.747778       0.481604
0.740878       0.497419
0.735141       0.511708
0.720963       0.526325
0.711147       0.545214
0.700783       0.554468
0.694392       0.578112
0.680112       0.588567
0.6712       0.59919
0.668915       0.619177
0.651036       0.637413
0.638774       0.655355
0.629117       0.672277
0.617133       0.682191
0.600002       0.696044
0.589245       0.706412
0.575615       0.718065
0.563728       0.724375
0.541348       0.749066
0.53592       0.762712
0.520447       0.774919
0.508241       0.783201
0.49562       0.800743
0.488121       0.806106
0.473683       0.820771
0.456712       0.83689
0.441003       0.845494
0.430499       0.864691
0.411445       0.865972
0.402132       0.876569
0.385228       0.888978
0.370338       0.898188
0.344544       0.912029
0.310178       0.933968
0.296666       0.940381
0.275973       0.947822
0.256399       0.953646
0.234166       0.96171
0.216163       0.96828
0.213003       0.972109
0.19816       0.975872
0.181877       0.978514
0.170719       0.982374
0.156633       0.987033
0.147866       0.988667
0.119418       0.993745
0.107371       0.999064
0.088075       1.00027
0.0809912       1.00124
0.0724893       1.00161
0.0639875       1.0025
0.0303664       1.00493
0.00966994       1.00506
0.0035686       1.00337
5.51373e-005       1.06838
