0.439521       0.51546       2.27133e-005
0.434835       0.509675       0.0182239
0.646143       0.392939       0.0813652
0.641444       0.350489       0.0905964
0.505234       0.337434       0.147533
0.65327       0.329695       0.159382
0.646697       0.234752       0.247658
0.668006       0.211984       0.260331
0.456923       0.176634       0.295537
0.634551       0.164114       0.362555
0.651711       0.119488       0.41372
0.650585       0.0351843       0.413236
0.645076       0.0240402       0.420656
0.431106       2.47494e-005       0.536287
0.382351       0.538902       0.00472754
0.508304       0.503202       0.0436918
0.484392       0.348975       0.113072
0.618412       0.335771       0.162319
0.654396       0.32361       0.230036
0.661216       0.192556       0.269234
0.669505       0.168262       0.334305
0.397095       0.0311392       0.440829
0.376411       0.00103503       0.511169
0.381189       0.535296       0.0464784
0.37768       0.522646       0.0645791
0.406658       0.411025       0.0918963
0.509985       0.344876       0.125057
0.653619       0.290133       0.242085
0.456599       0.212711       0.261223
0.506423       0.173038       0.297013
0.462778       0.154617       0.398245
0.394948       0.0803943       0.440816
0.375342       0.0323724       0.450197
0.374223       0.392604       0.0942646
0.374549       0.370098       0.108897
0.375833       0.358527       0.130007
0.461599       0.346902       0.206449
0.430061       0.223865       0.262336
0.378632       0.195068       0.286812
0.373421       0.171655       0.401857
0.37509       0.0511856       0.446593
0.375149       0.0187481       0.46088
0.375962       0.0303242       0.451572
0.375531       0.425092       0.0890154
0.374417       0.505556       0.0761174
0.3744       0.426527       0.0889731
0.374171       0.342187       0.240133
0.373759       0.181694       0.307067
0.372804       0.220576       0.268739
0.372504       0.178551       0.318295
0.374124       0.351953       0.212198
0.373308       0.352932       0.183895
0.372547       0.178025       0.323185
0.372922       0.172854       0.395776
0.372938       0.161253       0.421285
0.372334       0.171152       0.400679
0.373324       0.198748       0.278943
0.372826       0.186965       0.291705
0.372479       0.338194       0.242549
0.372626       0.167976       0.409436
0.372775       0.154371       0.427353
0.372749       0.15436       0.427323
0.372523       0.21115       0.27148
0.372518       0.332364       0.249169
0.37241       0.205839       0.273693
0.372397       0.182062       0.302246
0.373066       0.161308       0.42143
0.372446       0.186828       0.291491
0.372488       0.183057       0.29973
0.372613       0.295257       0.262817
0.372534       0.302788       0.261704
0.372895       0.301419       0.26193
0.372895       0.192981       0.283788
0.373123       0.349964       0.213986
0.373233       0.254574       0.265321
0.372554       0.35108       0.204656
0.373942       0.352578       0.205529
0.37266       0.17658       0.347804
