0.999381       0.0185636
0.999607       0.018264
0.985428       0.02586
0.950367       0.0359328
0.937315       0.0441149
0.929259       0.0592505
0.898006       0.0657972
0.879569       0.0742478
0.879569       0.0800404
0.82934       0.0942597
0.823934       0.103464
0.785417       0.119222
0.783812       0.123804
0.765384       0.131232
0.734102       0.153486
0.724028       0.153494
0.701157       0.166463
0.681677       0.179085
0.664302       0.189659
0.6537       0.197262
0.642264       0.205398
0.636618       0.20916
0.622677       0.221659
0.60551       0.228759
0.600493       0.236958
0.589998       0.245024
0.57685       0.249093
0.562437       0.25612
0.555834       0.264954
0.540273       0.271452
0.527133       0.280753
0.523243       0.282108
0.515462       0.290869
0.50603       0.299426
0.489263       0.310308
0.487603       0.312182
0.474819       0.328672
0.467574       0.332798
0.455283       0.341295
0.447256       0.3424
0.434626       0.347788
0.42831       0.356686
0.417981       0.363405
0.402947       0.374531
0.390478       0.387245
0.383214       0.38821
0.376413       0.393241
0.368728       0.407954
0.353972       0.418271
0.344465       0.433382
0.333952       0.437434
0.32344       0.4472
0.320598       0.455497
0.304667       0.4663
0.299391       0.48506
0.284144       0.48957
0.28384       0.497806
0.275381       0.505831
0.266843       0.51743
0.252262       0.518213
0.246757       0.529698
0.23512       0.546437
0.214441       0.551041
0.202049       0.564703
0.195376       0.59224
0.17503       0.600404
0.168977       0.611312
0.153435       0.63244
0.144193       0.646184
0.125989       0.661635
0.119409       0.686754
0.113806       0.692544
0.103852       0.708757
0.0980305       0.712486
0.0846111       0.720017
0.0682395       0.752496
0.0614376       0.761574
0.0549583       0.808225
0.0388685       0.838948
0.0306289       0.856375
0.0262932       0.891956
0.0183936       0.908174
0.00974093       0.915262
6.14158e-006       1.44626
