0.437507       0.549043       8.24212e-006
0.749331       0.250928       0.0105564
0.717444       0.22361       0.0375365
0.735186       0.173008       0.0485597
0.718467       0.160439       0.0699802
0.732064       0.136713       0.121439
0.718773       0.0999517       0.122721
0.749232       0.0885211       0.141057
0.7232       0.080413       0.166005
0.733792       0.0395041       0.204277
0.725104       0.018722       0.20429
0.77402       0.0111578       0.224585
0.401605       7.93887e-006       0.648325
0.327302       0.793183       0.0229755
0.429497       0.53236       0.0420266
0.696096       0.255886       0.0390691
0.708151       0.222412       0.0474877
0.709818       0.17917       0.0637297
0.729765       0.1617       0.0955188
0.713996       0.0832737       0.137879
0.708274       0.0697679       0.225315
0.687398       0.0608855       0.28135
0.372738       0.0386988       0.451275
0.325114       0.0125566       0.703625
0.339238       0.691503       0.0556957
0.426435       0.423598       0.0904455
0.432157       0.347918       0.114434
0.663387       0.327195       0.112266
0.686547       0.131426       0.157517
0.648826       0.206836       0.249822
0.549872       0.173363       0.303157
0.555792       0.150785       0.410021
0.407915       0.0563688       0.439733
0.323512       0.0542235       0.663267
0.321068       0.028858       0.672313
0.324767       0.786152       0.0340551
0.337042       0.461365       0.107182
0.352853       0.392547       0.133238
0.423323       0.34362       0.214776
0.409598       0.231801       0.267111
0.353464       0.204453       0.302754
0.39058       0.179221       0.392724
0.34799       0.0188726       0.524347
0.320988       0.000210018       0.771433
0.322237       0.61049       0.131649
0.321519       0.732678       0.117189
0.322264       0.571537       0.137729
0.339422       0.43872       0.176735
0.35251       0.361162       0.272811
0.339085       0.25078       0.332561
0.33844       0.214507       0.416811
0.320286       0.183429       0.643401
0.320375       0.103175       0.648542
0.320319       0.126914       0.647525
0.321624       0.582813       0.135396
0.320676       0.535912       0.16361
0.320356       0.542422       0.156108
0.320441       0.516803       0.251407
0.32002       0.395471       0.386774
0.319548       0.257713       0.528218
0.319646       0.0416193       0.660501
0.321083       0.513813       0.279575
0.319835       0.517116       0.246668
0.319781       0.35834       0.388489
0.319204       0.255163       0.560959
0.319078       0.265507       0.444772
0.320046       0.258009       0.528826
0.319586       0.257378       0.538109
0.319981       0.284159       0.413589
0.319212       0.430975       0.384094
0.319223       0.264801       0.447508
0.319496       0.234743       0.616473
0.319727       0.234987       0.617876
0.319089       0.323936       0.392632
0.319591       0.270285       0.433273
0.318907       0.323723       0.392374
0.319476       0.27408       0.425924
0.31935       0.239348       0.610502
0.319501       0.151092       0.644051
0.31939       0.258944       0.496962
0.319479       0.39266       0.387021
0.319213       0.265608       0.444941
0.319587       0.444131       0.383089
0.319196       0.265599       0.444927
0.319616       0.353186       0.388926
0.319502       0.264341       0.451918
