4.28488       0.000416516
3.59741       0.0112428
3.24613       0.0542569
3.06725       0.0892339
2.6951       0.108845
1.79475       0.146583
1.63177       0.145662
1.17863       0.156973
1.26024       0.150567
1.00277       0.163333
1.02441       0.174401
0.505786       0.177212
0.689691       0.176797
0.568982       0.177717
0.582268       0.189169
0.598312       0.185023
0.585555       0.189889
0.552312       0.197079
0.419694       0.213504
0.479031       0.185662
0.409924       0.221399
0.455137       0.237553
0.421123       0.231403
0.353668       0.240223
0.307724       0.218818
0.350528       0.239306
0.346711       0.240391
0.304345       0.233426
0.245204       0.254451
0.273382       0.22364
0.285939       0.249105
0.274663       0.224038
0.280712       0.256907
0.271597       0.269573
0.254187       0.236541
0.247929       0.309565
0.246181       0.312444
0.247146       0.284167
0.242844       0.313276
0.223369       0.373149
0.23204       0.343844
0.198333       0.402437
0.213582       0.351194
0.2014       0.410391
0.209904       0.441768
0.186768       0.433624
0.179625       0.515445
0.170031       0.500215
0.164858       0.532529
0.165472       0.596191
0.171101       0.619187
0.171183       0.624968
0.154987       0.698054
0.161392       0.807101
0.167218       0.753388
0.157309       1.04547
0.167417       1.24801
0.164833       0.726978
0.162949       1.634
0.161095       1.13617
0.137087       1.99189
0.150118       2.93408
0.133521       3.21952
0.128573       4.26353
0.0718972       4.43134
0.0428655       4.58972
5.71079e-014       7.86307
