0.999605       0.00279012
0.980316       0.0121574
0.964511       0.0198822
0.943339       0.0316734
0.934672       0.036059
0.904553       0.0505476
0.898365       0.0561557
0.870823       0.0692616
0.857213       0.0765919
0.849105       0.0863317
0.825054       0.0950718
0.812844       0.103426
0.796454       0.110403
0.780919       0.11943
0.768368       0.128417
0.75267       0.136151
0.735444       0.145008
0.721435       0.153398
0.710967       0.160506
0.701297       0.166169
0.686997       0.176354
0.674435       0.183493
0.658252       0.19104
0.649483       0.197701
0.634677       0.205429
0.623481       0.213946
0.613858       0.219453
0.600608       0.227895
0.593039       0.233859
0.580971       0.244119
0.566823       0.250002
0.556925       0.257171
0.546439       0.263589
0.535952       0.271893
0.522545       0.280057
0.517339       0.285354
0.506436       0.294195
0.496013       0.302387
0.486677       0.306536
0.481862       0.313978
0.469374       0.321685
0.458787       0.327201
0.449366       0.335738
0.442059       0.343033
0.431997       0.34647
0.421494       0.354365
0.413215       0.360933
0.40093       0.369021
0.392914       0.377453
0.388614       0.381156
0.373279       0.391657
0.370461       0.396018
0.364334       0.404518
0.351329       0.410284
0.346652       0.414881
0.338486       0.428
0.330076       0.432667
0.323573       0.435478
0.31252       0.446488
0.305824       0.453885
0.295942       0.458714
0.288058       0.46649
0.283231       0.474087
0.273829       0.481822
0.266645       0.490284
0.256302       0.497852
0.251689       0.506209
0.240726       0.511082
0.236745       0.52109
0.227606       0.524668
0.220787       0.534524
0.213278       0.54358
0.20124       0.554483
0.198635       0.559693
0.188567       0.567047
0.18279       0.574976
0.17374       0.586215
0.169548       0.594398
0.159811       0.604866
0.154741       0.613243
0.147455       0.620716
0.138875       0.633592
0.131636       0.640776
0.124413       0.650733
0.117448       0.663386
0.111244       0.673862
0.103917       0.69006
0.0947538       0.697641
0.0880741       0.712559
0.0817177       0.720401
0.0712312       0.741069
0.0645172       0.754139
0.0565199       0.768246
0.0470711       0.787983
0.0423122       0.807577
0.0309595       0.835129
0.0265603       0.846682
0.0177447       0.888772
0.00713336       0.934174
9.80783e-005       1.02522
