0.707107       0.707107       3.35882e-017
1       0.000731169       1.67718e-017
1       0.000592984       1.15866e-017
1       0.000432492       2.83805e-017
1       0.000316615       1.21609e-018
1       0.000244323       3.74937e-019
1       0.000206233       3.12602e-020
1       0.000185133       3.22552e-017
1       0.000158623       3.24412e-017
1       0.000143743       1.76782e-018
1       0.000118937       3.66122e-017
1       0.000116263       1.58644e-018
1       0.000107146       1.42561e-017
0.773681       7.41232e-006       0.773681
0.00101437       0.999999       4.84763e-023
0.706425       0.706425       0.0537851
0.898962       0.438132       7.3039e-019
0.949664       0.314405       1.27958e-017
0.970539       0.240942       6.65271e-019
0.9807       0.195518       8.31246e-019
0.982735       0.144034       0.14861
0.986343       0.0665457       0.186966
0.976417       0.110131       0.224439
0.98553       0.0929351       0.210139
0.965911       2.54608e-006       0.405639
0.747344       0.0562554       0.734939
4.99461e-017       3.60321e-017       1.00579
0.00063513       1       3.6451e-023
0.439396       0.898329       3.13688e-020
0.704367       0.704367       0.107569
0.831797       0.555079       9.31322e-025
0.883033       0.434173       0.199667
0.911336       0.34175       0.252658
0.929864       0.206863       0.365688
0.896445       0.239115       0.394183
0.865828       0.192568       0.562706
0.737776       0.136869       0.735827
0.423135       0.0826468       0.927542
0.000430362       1       1.62221e-017
0.313346       0.949639       1.14422e-023
0.555497       0.831562       5.20129e-019
0.701424       0.680204       0.28801
0.770364       0.520431       0.396886
0.815558       0.464433       0.404097
0.765974       0.35295       0.576737
0.702893       0.268882       0.70373
0.561334       0.186115       0.834949
0.289176       0.0746575       0.966508
4.22807e-017       4.47802e-017       1.00579
0.000319622       1       2.49323e-022
0.242229       0.970219       9.05597e-020
0.437983       0.89285       0.150883
0.51857       0.784093       0.379409
0.630559       0.620987       0.494573
0.64855       0.491566       0.645552
0.562157       0.309432       0.797984
0.433333       0.186563       0.906184
0.235785       0.0413499       0.978173
6.05785e-017       1.00165e-017       1.00276
0.000254703       1       2.09061e-017
0.19516       0.980772       2.70309e-018
0.35842       0.916972       0.263835
0.470124       0.792322       0.421951
0.48742       0.638824       0.63742
0.478952       0.462826       0.795347
0.330838       0.151359       0.942049
0.19621       0.0486428       0.986323
0.000212236       1       3.7127e-017
0.0813122       0.985359       0.157871
0.26099       0.925004       0.354743
0.394738       0.790031       0.496442
0.39671       0.53937       0.795606
0.20901       0.359417       0.938307
0.109942       0.0938846       0.99506
6.05557e-017       1.00127e-017       1.00238
0.000169923       1       3.82487e-018
0.135867       0.981437       0.177013
0.124903       0.907963       0.445556
0.228694       0.691649       0.705215
0.250315       0.40418       0.896449
5.89396e-017       1.69825e-017       1.00172
0.000159318       1       3.25488e-018
0.000161547       0.982243       0.220366
0.0682267       0.839788       0.560195
0.199938       0.562208       0.839887
0.0933294       0.238685       0.997726
5.89785e-017       1.69937e-017       1.00238
0.000143578       1       1.30692e-017
0.0367891       0.958188       0.296334
0.0497054       0.733134       0.711352
0.0685921       0.286645       0.981227
0.0001272       1       2.99293e-023
0.0632153       0.922753       0.437004
0.000116698       1       3.1558e-017
0.000106984       1       1.5779e-017
4.22034e-017       4.46996e-017       1.00396
1.7302e-005       0.853572       0.729882
