0.987231       0.0109464
0.969401       0.0205892
0.951572       0.0292871
0.939994       0.0361828
0.927595       0.0433679
0.895579       0.0569229
0.877863       0.065618
0.863351       0.0727755
0.851164       0.0829565
0.826366       0.0922533
0.820113       0.0979426
0.804155       0.109696
0.780998       0.118896
0.769553       0.126886
0.759995       0.132367
0.740063       0.144599
0.728843       0.153271
0.71768       0.158887
0.698368       0.166105
0.693946       0.171026
0.690327       0.183175
0.668615       0.192775
0.651806       0.196595
0.635008       0.204863
0.630649       0.210591
0.6222       0.213404
0.608834       0.221515
0.600389       0.234375
0.582698       0.240146
0.567392       0.248875
0.55906       0.253706
0.550729       0.260749
0.54299       0.271405
0.534658       0.278928
0.514692       0.284948
0.508772       0.289125
0.499289       0.296284
0.494839       0.303883
0.478415       0.311438
0.475293       0.320453
0.465165       0.323785
0.454435       0.328945
0.444292       0.336985
0.43608       0.343517
0.425872       0.352782
0.421127       0.354245
0.406032       0.367187
0.398396       0.37332
0.387946       0.380099
0.382356       0.384237
0.377495       0.391734
0.361688       0.402081
0.356024       0.407223
0.352582       0.409648
0.339444       0.42179
0.333335       0.425856
0.323085       0.434621
0.320103       0.437022
0.30683       0.449372
0.299524       0.456146
0.295128       0.463416
0.2826       0.471249
0.277682       0.479333
0.268266       0.486598
0.263803       0.495319
0.255292       0.500468
0.243835       0.508666
0.239982       0.515086
0.232356       0.524076
0.2242       0.529879
0.21867       0.538755
0.206158       0.549311
0.204353       0.55463
0.195046       0.564133
0.190111       0.573989
0.178896       0.581457
0.173734       0.591119
0.167244       0.593678
0.160616       0.603102
0.152751       0.614571
0.146127       0.629807
0.136894       0.63937
0.132658       0.64821
0.123327       0.656463
0.115054       0.663544
0.104227       0.68369
0.101948       0.693768
0.0947408       0.70122
0.0858754       0.712758
0.0754741       0.730266
0.0704115       0.74685
0.061538       0.758132
0.0555958       0.775292
0.0474224       0.790082
0.0417892       0.803435
0.0332813       0.824037
0.0255232       0.846869
0.0177381       0.873747
0.0087236       0.918517
6.70189e-007       1.16767
