0.348455       0.710794       2.76732e-006
0.807954       0.177202       0.0121958
0.955008       0.164333       0.029258
0.9447       0.122994       0.0389363
0.902398       0.117314       0.0482328
0.867606       0.116675       0.0558371
0.871808       0.104139       0.0894342
0.937611       0.0769868       0.0928947
0.862643       0.0610534       0.104634
0.939564       0.0599049       0.112202
0.939349       0.0413085       0.159773
0.887317       0.00233879       0.169776
0.419492       5.38407e-006       0.53614
0.131012       0.85558       0.000973144
0.469448       0.507516       0.000150311
0.68824       0.31195       0.0342783
0.718698       0.15057       0.0653313
0.713701       0.179013       0.0609684
0.747395       0.0865162       0.11502
0.752383       0.077024       0.161353
0.710095       0.0517724       0.233396
0.698818       0.0118463       0.305035
0.433171       0.0163388       0.448474
0.129354       0.00743624       0.770621
0.131094       0.856074       0.00122801
0.347745       0.663815       0.000174781
0.374918       0.432288       0.0942114
0.457703       0.353125       0.11032
0.646321       0.333626       0.19047
0.681685       0.247468       0.209904
0.597051       0.21217       0.264297
0.546053       0.175611       0.313525
0.473421       0.150697       0.416008
0.334298       0.0138447       0.65026
0.128831       0.0190515       0.740241
0.256046       0.836543       0.0827739
0.350974       0.501235       0.103521
0.394225       0.409272       0.143684
0.460326       0.348807       0.191435
0.421334       0.236298       0.274008
0.42388       0.200552       0.324809
0.403543       0.174456       0.424007
0.34382       0.103926       0.490553
0.130617       0.0447594       0.714104
0.129334       0.00845756       0.766769
0.130572       0.842496       0.083363
0.129177       0.599298       0.161021
0.354321       0.386142       0.219522
0.358518       0.25816       0.289849
0.355531       0.280788       0.357451
0.342198       0.235797       0.454379
0.322887       0.173229       0.649314
0.129745       0.0736944       0.705509
0.129528       0.844151       0.0368996
0.129964       0.822579       0.110717
0.129101       0.576886       0.186453
0.322678       0.507941       0.318278
0.321258       0.411452       0.388694
0.131606       0.292704       0.476259
0.270157       0.0482236       0.699159
0.129089       0.0523491       0.714707
0.129761       0.789381       0.131043
0.128719       0.567463       0.207021
0.129048       0.530203       0.396614
0.141773       0.328095       0.438646
0.130992       0.267531       0.670261
0.128831       0.0297581       0.727469
0.128345       0.65339       0.141964
0.128701       0.626469       0.147444
0.128855       0.561456       0.253471
0.14133       0.393099       0.42306
0.140219       0.282647       0.564452
0.129103       0.000332195       0.832232
0.129165       0.117924       0.703765
0.128712       0.634881       0.145334
0.129019       0.55116       0.364241
0.128554       0.32203       0.436739
0.12897       0.222496       0.691864
0.129134       0.00176923       0.805141
0.128722       0.64215       0.144127
0.128501       0.551916       0.353073
0.128484       0.413873       0.419506
0.128489       0.382701       0.421083
0.128732       0.266924       0.650912
0.128441       0.413789       0.419421
0.128304       0.413382       0.419008
0.128454       0.28036       0.53741
0.128494       0.527062       0.395405
0.128376       0.413545       0.419173
