1.59591       0.577464       0.224136
1.60644       0.581273       0.225615
1.61001       0.582566       0.226117
1.60649       0.570065       0.252646
1.59966       0.527179       0.328008
1.59897       0.47247       0.402424
1.61364       0.405674       0.477181
1.5988       0.327733       0.526957
1.59492       0.250602       0.566059
1.59504       0.224014       0.577148
1.59482       0.223984       0.57707
1.59549       0.224077       0.577311
1.5991       0.578619       0.224585
1.60827       0.558198       0.279428
1.61413       0.502076       0.374743
1.59876       0.439973       0.437602
1.6009       0.352482       0.511723
1.59831       0.277253       0.554966
1.59485       0.223987       0.577079
1.59537       0.224061       0.577268
1.54453       0.705809       0.27396
1.50615       0.762532       0.298614
1.46013       0.843047       0.327353
1.40747       0.91122       0.353931
1.53358       0.700283       0.417567
1.54528       0.55542       0.493475
1.52973       0.491384       0.607061
1.51839       0.318853       0.720225
1.41323       0.354543       0.913443
1.46557       0.324518       0.836087
1.51042       0.297119       0.765494
1.53885       0.280001       0.721394
1.3297       1.02448       0.398181
1.27182       1.07999       0.419526
1.19608       1.15928       0.450263
1.17032       1.15231       0.494237
1.31762       0.968926       0.567533
1.35446       0.706449       0.772745
1.28645       0.645857       0.976934
1.17119       0.454936       1.17209
1.19088       0.44568       1.14825
1.26039       0.427439       1.10125
1.33827       0.399613       1.02956
1.08536       1.24111       0.481901
1.00601       1.29235       0.501737
0.916586       1.35203       0.524853
0.965059       1.27916       0.634213
1.07561       1.08077       0.854521
1.05501       0.824059       1.07106
0.988313       0.507582       1.30773
0.919958       0.525371       1.35356
1.0004       0.504411       1.29956
1.08771       0.481551       1.24066
0.857474       1.38298       0.538488
0.770301       1.42444       0.553144
0.677897       1.46139       0.567225
0.791348       1.31715       0.757601
0.845799       1.04542       1.06047
0.772134       0.767259       1.31813
0.682156       0.568095       1.46364
0.772001       0.553397       1.42577
0.860966       0.538864       1.38832
0.662651       1.46716       0.569467
0.617699       1.48298       0.577447
0.617699       1.48297       0.577462
0.617699       1.26792       0.961788
0.617699       0.960728       1.26873
0.617699       0.613171       1.46857
0.663202       0.56966       1.46767
0.617699       1.13885       1.11161
0.617699       0.603675       1.47249
0.617699       0.600617       1.47374
