2.96961       0.0435715
2.85619       0.0477521
2.69437       0.0816075
2.57684       0.090548
2.51622       0.127537
2.42617       0.136046
2.34604       0.177216
2.26734       0.188184
2.2045       0.218048
2.16656       0.236896
2.13586       0.249409
2.08708       0.285149
2.00865       0.3046
1.95854       0.312789
1.95603       0.34403
1.88726       0.365039
1.84989       0.382505
1.80634       0.391908
1.75103       0.422428
1.72766       0.436753
1.70607       0.456997
1.67055       0.468688
1.66127       0.488549
1.60501       0.515988
1.58118       0.531477
1.55837       0.557606
1.53503       0.570704
1.50092       0.590229
1.47709       0.608853
1.45143       0.624618
1.42953       0.646908
1.39478       0.657674
1.35855       0.681554
1.35065       0.696326
1.31108       0.720545
1.27756       0.743361
1.23571       0.770607
1.22822       0.798256
1.20833       0.807278
1.17997       0.825402
1.1509       0.854276
1.12792       0.868707
1.11498       0.879363
1.09514       0.899971
1.0721       0.920225
1.04708       0.945532
1.02028       0.975472
1.00877       0.982743
0.995338       1.00187
0.966887       1.03002
0.948985       1.04973
0.91384       1.08487
0.884928       1.11191
0.858427       1.13859
0.847476       1.15175
0.83642       1.17328
0.806333       1.19568
0.79175       1.21754
0.777201       1.25061
0.765125       1.2922
0.727587       1.29576
0.715823       1.31258
0.705389       1.34542
0.688854       1.35716
0.665587       1.3941
0.644596       1.41539
0.636728       1.42873
0.609989       1.48226
0.592042       1.50553
0.561146       1.54029
0.554771       1.55181
0.521265       1.6052
0.517633       1.60935
0.50034       1.65196
0.475116       1.67079
0.461765       1.68873
0.441914       1.72906
0.411512       1.79555
0.384573       1.82027
0.380949       1.84174
0.348182       1.87971
0.342251       1.91435
0.312151       1.9667
0.299664       2.00735
0.283903       2.02188
0.252648       2.09738
0.236724       2.13005
0.214262       2.1849
0.196397       2.23863
0.170045       2.29174
0.148742       2.3674
0.128969       2.4406
0.103551       2.55942
0.0743037       2.64761
0.0531714       2.77007
0.0252581       2.94324
6.92105e-005       3.28847
