2.38569       0.128044
2.39193       0.128223
2.38435       0.128378
2.35996       0.127775
2.2799       0.144172
2.2178       0.169346
2.16773       0.173873
2.07974       0.208242
2.01307       0.228113
1.99818       0.246895
1.94379       0.268514
1.88703       0.282787
1.84073       0.295012
1.80043       0.317425
1.74803       0.337344
1.73484       0.357043
1.66761       0.372726
1.63692       0.385805
1.63056       0.396938
1.58818       0.426832
1.57754       0.439579
1.52069       0.451489
1.48712       0.481461
1.44652       0.494463
1.43003       0.504984
1.40416       0.525055
1.3806       0.550582
1.35877       0.565612
1.3316       0.56599
1.29426       0.579404
1.27442       0.605618
1.2414       0.62729
1.2271       0.644756
1.20896       0.655272
1.18183       0.676066
1.17585       0.697796
1.1489       0.706574
1.08905       0.72919
1.07246       0.757909
1.04309       0.788712
1.04251       0.786973
1.02071       0.810038
1.00738       0.832449
0.987794       0.857355
0.958431       0.869413
0.936897       0.88543
0.910885       0.90985
0.877775       0.936683
0.859961       0.957056
0.842934       0.972826
0.822528       0.995229
0.803809       1.01426
0.79119       1.0302
0.783288       1.06197
0.748607       1.08026
0.740165       1.10249
0.726725       1.1194
0.709932       1.14815
0.693252       1.16774
0.677999       1.16858
0.656266       1.20405
0.63537       1.21765
0.624136       1.25023
0.605721       1.25828
0.58715       1.29299
0.571667       1.30782
0.547773       1.34601
0.542434       1.37127
0.514381       1.41298
0.500895       1.43022
0.491229       1.44825
0.475849       1.4837
0.447672       1.53831
0.437704       1.54609
0.421705       1.58182
0.407452       1.58836
0.393981       1.66053
0.369188       1.68116
0.352789       1.7102
0.333798       1.76183
0.321695       1.78778
0.291864       1.84953
0.284793       1.88199
0.260671       1.92554
0.245627       1.96803
0.223848       2.0222
0.207985       2.12137
0.191931       2.21158
0.169907       2.26498
0.150266       2.35606
0.12509       2.40334
0.0971522       2.52219
0.0733357       2.66543
0.0545362       2.77637
0.0187983       3.13221
0.000255874       3.76924
