4.43629       0.271962
4.43068       0.271618
4.43844       0.272093
4.33727       0.27641
3.86671       0.297042
3.5445       0.311522
3.20597       0.325749
2.93538       0.340411
2.76782       0.346657
2.57609       0.362045
2.37503       0.368319
2.25841       0.375496
2.11413       0.382172
1.97558       0.389683
1.89974       0.393371
1.80356       0.399114
1.69921       0.404928
1.61825       0.411718
1.53771       0.414587
1.46356       0.419572
1.3889       0.425885
1.33401       0.42893
1.26143       0.431709
1.21494       0.434801
1.16371       0.440703
1.11522       0.44284
1.06909       0.446494
1.01526       0.448843
0.959202       0.452722
0.938714       0.454316
0.911047       0.460112
0.856344       0.462332
0.839087       0.46503
0.803098       0.468886
0.782804       0.473831
0.751462       0.4758
0.741256       0.481752
0.700248       0.48195
0.687126       0.487541
0.665415       0.490131
0.635174       0.496257
0.612443       0.49885
0.605383       0.501552
0.587841       0.507427
0.564998       0.510511
0.542735       0.514073
0.533057       0.516779
0.514517       0.52712
0.498744       0.531346
0.481049       0.535675
0.471197       0.538336
0.456636       0.548235
0.439802       0.552223
0.431316       0.562056
0.419396       0.56435
0.400418       0.576198
0.390929       0.58182
0.380831       0.589631
0.369637       0.599923
0.359893       0.61236
0.348258       0.623733
0.345785       0.633242
0.33106       0.645133
0.322056       0.653821
0.318034       0.659637
0.305934       0.677834
0.29728       0.685973
0.29267       0.710729
0.283168       0.721004
0.273359       0.730308
0.261519       0.748853
0.25586       0.762746
0.247568       0.783161
0.239448       0.800363
0.230474       0.827501
0.225994       0.831661
0.214158       0.856155
0.207144       0.877399
0.197917       0.899109
0.1901       0.920636
0.182854       0.946176
0.172181       0.95108
0.160229       0.993003
0.155065       1.00788
0.14286       1.03802
0.136204       1.0876
0.121035       1.12126
0.112002       1.154
0.103537       1.19935
0.0921004       1.24633
0.0809195       1.28354
0.0718122       1.35173
0.0564806       1.4362
0.0449167       1.51571
0.0334007       1.64234
0.0178846       1.84811
8.55281e-005       2.50133
