1.23685       5.99741e-006
1.01836       0.00927229
1.00675       0.0196663
0.994689       0.0414951
0.985701       0.0431329
0.983486       0.0585912
0.976538       0.0663554
0.973944       0.0809524
0.95647       0.0867395
0.953767       0.102836
0.942686       0.108444
0.927275       0.127276
0.912171       0.134962
0.898209       0.147161
0.878335       0.168538
0.856909       0.178827
0.844635       0.188145
0.837541       0.195868
0.811917       0.205764
0.789712       0.213857
0.785385       0.218342
0.764916       0.232633
0.754612       0.241809
0.741623       0.251364
0.722096       0.260615
0.716777       0.261832
0.705138       0.276139
0.690527       0.283793
0.680144       0.292489
0.669032       0.30298
0.653216       0.31553
0.641005       0.336571
0.6367       0.347433
0.626697       0.361577
0.624256       0.372659
0.616749       0.385067
0.613132       0.397187
0.607407       0.410279
0.605884       0.420858
0.594017       0.44003
0.578963       0.455039
0.573697       0.478637
0.560697       0.489027
0.547026       0.501113
0.544393       0.511164
0.529225       0.517874
0.516012       0.531776
0.514016       0.540316
0.493465       0.550073
0.482393       0.557826
0.461895       0.569465
0.448004       0.583805
0.433986       0.589384
0.412886       0.597223
0.399977       0.605323
0.38183       0.617846
0.372339       0.623499
0.358462       0.629618
0.344818       0.638647
0.329095       0.641772
0.32308       0.649312
0.314528       0.657668
0.300534       0.667992
0.289826       0.675289
0.284113       0.685615
0.275744       0.700868
0.261975       0.708501
0.25438       0.720584
0.248163       0.727748
0.239377       0.747056
0.229039       0.759979
0.216952       0.777733
0.21126       0.790199
0.20064       0.804026
0.196185       0.825724
0.185685       0.837346
0.174972       0.863615
0.167339       0.871054
0.157149       0.888888
0.147337       0.893702
0.137443       0.909908
0.126318       0.921928
0.11164       0.935707
0.102797       0.94659
0.081279       0.964102
0.0689628       0.969402
0.0596532       0.975224
0.0411386       0.984808
0.0412702       0.987958
0.0144934       0.997907
0.00232328       1.01062
9.13041e-006       1.42791
