0.42358       0.543613       2.46159e-005
0.867387       0.196037       0.0104796
0.850245       0.17304       0.031316
0.805493       0.12768       0.0368655
0.769496       0.118062       0.0506741
0.800812       0.0801788       0.0913678
0.799518       0.0716668       0.0932269
0.7953       0.0675991       0.107639
0.799825       0.0614174       0.135722
0.773548       0.0382535       0.152469
0.805735       0.0186303       0.152954
0.783059       0.0104673       0.156678
0.437416       4.72224e-006       0.58566
0.241499       0.832745       0.0104334
0.418727       0.50922       0.0246158
0.677297       0.262806       0.0202205
0.685296       0.179215       0.068635
0.700428       0.158286       0.0627293
0.71088       0.144982       0.0455958
0.716037       0.0945685       0.11363
0.712802       0.0932022       0.133726
0.716276       0.0697811       0.162163
0.69149       0.00158778       0.309479
0.453942       0.0150365       0.449196
0.245779       0.00643846       0.775376
0.24144       0.83203       0.0216369
0.338126       0.64072       0.0644183
0.386127       0.393351       0.097804
0.465518       0.355108       0.102585
0.661167       0.30342       0.130233
0.669242       0.260552       0.207927
0.638085       0.190789       0.263632
0.508246       0.172206       0.306758
0.511195       0.140605       0.418274
0.40413       0.0457426       0.442958
0.341558       0.0205709       0.614526
0.243366       0.00429634       0.78028
0.241457       0.832396       0.0155525
0.241465       0.830711       0.0418216
0.35316       0.525913       0.0906487
0.38251       0.360483       0.145797
0.403497       0.344148       0.214086
0.438767       0.249576       0.254332
0.413955       0.204965       0.307138
0.426814       0.137387       0.424163
0.345224       0.0588743       0.501663
0.246097       0.0378067       0.727603
0.245211       0.0274311       0.733694
0.241023       0.828412       0.0501515
0.240451       0.829201       0.00524669
0.243044       0.59387       0.161536
0.36021       0.465337       0.236504
0.361993       0.310404       0.281846
0.342575       0.281412       0.31503
0.355487       0.238326       0.466915
0.333992       0.0532083       0.631552
0.244123       0.00140726       0.808702
0.240302       0.782537       0.123719
0.240267       0.762952       0.130923
0.240589       0.574814       0.172844
0.301771       0.546051       0.221006
0.325754       0.379406       0.401688
0.254873       0.284934       0.48597
0.250789       0.224208       0.680008
0.24314       0.078556       0.702025
0.240365       0.60419       0.150134
0.240382       0.663685       0.139221
0.240735       0.526448       0.386948
0.241151       0.336695       0.425088
0.241754       0.28623       0.478123
0.244626       0.0827169       0.704825
0.240189       0.652157       0.139878
0.240586       0.55812       0.214586
0.241903       0.331348       0.427788
0.24273       0.280434       0.524413
0.240097       0.556986       0.21415
0.240292       0.740557       0.135165
0.240335       0.715533       0.137259
0.240168       0.60184       0.150876
0.240452       0.338264       0.42297
0.241876       0.359793       0.421121
0.24028       0.723925       0.136719
0.240419       0.818286       0.084002
0.240834       0.539203       0.368498
0.240448       0.826363       0.0502356
0.24037       0.791389       0.118824
0.240089       0.666718       0.138872
0.24033       0.811647       0.0971472
0.24052       0.670053       0.138987
0.240424       0.5927       0.156144
