1.16853       1.58058e-009
1.07457       0.0109108
1.05633       0.0199567
1.03351       0.0250065
1.02943       0.0425006
1.02252       0.0454975
0.989859       0.0596154
0.989344       0.0735478
0.975221       0.0859909
0.946567       0.0912738
0.928556       0.100382
0.920131       0.10872
0.915752       0.124405
0.88502       0.126311
0.869019       0.1412
0.866365       0.145475
0.854913       0.157294
0.831634       0.175031
0.82121       0.192613
0.800288       0.214415
0.796794       0.221994
0.786957       0.233694
0.781179       0.253899
0.782432       0.256216
0.781516       0.253085
0.785236       0.264141
0.780141       0.258102
0.783312       0.251279
0.779363       0.252848
0.78392       0.259868
0.509505       0.520488
0.512543       0.517139
0.505036       0.517548
0.514569       0.513572
0.504574       0.515451
0.498282       0.513017
0.48604       0.525927
0.505261       0.518173
0.481323       0.529297
0.47462       0.540479
0.466909       0.55736
0.444623       0.564768
0.436538       0.577234
0.432303       0.588533
0.422487       0.595416
0.413029       0.603739
0.398375       0.613616
0.388371       0.626558
0.381128       0.643572
0.372908       0.652044
0.356924       0.667595
0.344857       0.672665
0.328999       0.69513
0.320411       0.710981
0.310682       0.714555
0.290873       0.7246
0.271729       0.76114
0.276568       0.773724
0.27207       0.813272
0.273712       0.790182
0.268707       0.803219
0.0056909       1.02631
0.00246726       1.01655
0.00500563       1.02286
0.00520006       1.02375
0.00546445       1.02865
0.00415468       1.0123
0.00543606       1.02331
0.00269248       1.02837
0.00381444       1.02177
0.00248521       1.02395
0.00567134       1.01889
0.0049745       1.02641
0.00198229       1.02286
6.35752e-008       1.0673
