12.6348       0.000392977
6.09748       0.0803074
4.92109       0.0376785
5.08028       0.0187238
4.37563       0.1539
5.01773       0.246925
4.07025       0.474236
4.11106       0.391064
2.24201       0.592748
3.06607       0.590797
2.69493       0.635613
2.68272       0.603368
2.29051       0.629018
1.39508       0.605411
1.4864       0.649247
1.03221       0.606131
1.85193       0.630584
1.15979       0.661072
1.11582       0.653181
1.08061       0.659425
1.14454       0.667511
1.16482       0.673195
1.14635       0.653408
1.09646       0.641843
0.965163       0.670764
1.05883       0.646573
0.98323       0.683321
0.944644       0.731078
0.929343       0.748039
0.854046       0.732254
0.864068       0.740847
0.907748       0.796144
0.846015       0.811175
0.839756       0.793085
0.811812       0.766694
0.845007       0.813323
0.821877       0.880204
0.839367       0.983762
0.717726       1.07346
0.776337       0.900029
0.704485       1.17376
0.712518       1.0774
0.71074       1.04343
0.739958       1.24947
0.687476       1.16085
0.679796       1.27581
0.674612       1.39309
0.660531       1.47869
0.641134       1.51905
0.669652       1.56107
0.640342       1.27998
0.643816       1.73679
0.616043       1.54778
0.623575       2.04648
0.59978       1.60628
0.572349       2.2282
0.583092       2.51167
0.571675       1.79221
0.568695       2.36621
0.578809       2.27191
0.518271       3.08348
0.598889       3.9885
0.312235       4.13921
0.257909       4.29355
0.310439       5.08371
0.206924       5.20002
0.0446748       5.04551
0.0245258       5.13407
0.00014243       6.57833
