1.18902       0.00271178
1.18909       0.00271194
1.18692       0.0302994
1.1841       0.0444683
1.18352       0.055276
1.18081       0.0711055
1.17775       0.0886561
1.17562       0.0989272
1.17359       0.10875
1.17074       0.121322
1.16547       0.144343
1.16179       0.158742
1.15719       0.172626
1.15427       0.184335
1.14817       0.201582
1.14219       0.218528
1.13677       0.235877
1.1309       0.250505
1.12712       0.267503
1.11947       0.281235
1.11298       0.300109
1.10521       0.314997
1.0994       0.330885
1.09076       0.346863
1.08429       0.362087
1.07505       0.38115
1.0664       0.399243
1.05806       0.416617
1.04954       0.434713
1.04105       0.452164
1.03085       0.469906
1.02171       0.486774
1.01182       0.50684
1.00084       0.523475
0.991372       0.539319
0.979025       0.559243
0.972829       0.568959
