1.5324       0.4642       0.147596
1.53106       0.463794       0.147467
1.54509       0.448858       0.199333
1.53248       0.413484       0.257531
1.53204       0.374369       0.31145
1.53775       0.313151       0.375406
1.52002       0.254393       0.411253
1.52446       0.176236       0.451485
1.53237       0.147698       0.464532
1.53124       0.147576       0.464151
1.5243       0.146907       0.462027
1.5249       0.47913       0.152343
1.51118       0.476167       0.161268
1.53663       0.440889       0.210891
1.53348       0.395952       0.284288
1.53425       0.34629       0.343406
1.54273       0.282298       0.400982
1.51951       0.218737       0.430633
1.51471       0.159452       0.483768
1.52444       0.151182       0.460691
1.54115       0.148559       0.467276
1.37177       0.79554       0.252873
1.34244       0.845535       0.269259
1.2933       0.903858       0.28734
1.31611       0.878167       0.279138
1.42407       0.666372       0.334083
1.46398       0.48403       0.415548
1.4373       0.454864       0.564184
1.40329       0.357306       0.689449
1.31822       0.279373       0.878903
1.29775       0.282125       0.88756
1.35916       0.270614       0.851261
1.36967       0.248528       0.78179
1.12043       1.09136       0.347253
1.08471       1.12428       0.358386
0.984943       1.1961       0.380354
1.09691       1.09769       0.36625
1.21165       0.90645       0.592828
1.24071       0.758837       0.757372
1.25956       0.614637       0.811014
1.10458       0.460901       1.07971
1.01105       0.377835       1.18867
1.08859       0.355806       1.11926
1.14568       0.337394       1.06134
0.905187       1.26591       0.402706
0.816184       1.30517       0.4157
0.744919       1.34446       0.427532
0.923408       1.2391       0.39528
0.988239       0.970157       0.78213
0.99392       0.807369       0.958231
0.903408       0.478618       1.22267
0.741182       0.42716       1.34384
0.822987       0.412978       1.29876
0.887284       0.40279       1.26717
0.693424       1.37053       0.435683
0.611868       1.39784       0.444642
0.561362       1.41442       0.456518
0.745578       1.23413       0.698067
0.788318       0.986908       0.987033
0.734607       0.736854       1.21678
0.56302       0.449991       1.41567
0.616522       0.443886       1.39645
0.682629       0.435269       1.36936
0.523173       1.43044       0.454683
0.480985       1.44126       0.460957
0.480985       1.43925       0.467209
0.582497       1.18236       0.891072
0.585421       0.879799       1.18705
0.480985       0.46059       1.44138
0.519131       0.454641       1.4303
0.480985       1.43795       0.471177
0.480985       1.32425       0.73217
0.480985       1.09135       1.04817
0.480985       0.561413       1.40518
0.480985       0.458607       1.44201
0.480985       1.43432       0.482114
0.480985       1.43326       0.485259
0.480985       0.880377       1.23071
0.480985       0.559587       1.40591
0.480985       1.44167       0.459676
0.480985       1.0995       1.03962
0.480985       1.44179       0.459311
