2.3503       0.166713
2.35145       0.166142
2.34872       0.165949
2.35166       0.166134
2.25248       0.173667
2.1153       0.188474
2.04325       0.196858
1.91274       0.219966
1.86115       0.233075
1.80824       0.250541
1.73615       0.258445
1.69355       0.276967
1.66383       0.28995
1.62944       0.302679
1.54763       0.323401
1.50705       0.358925
1.45608       0.370886
1.43845       0.384391
1.35918       0.41801
1.33781       0.429005
1.29437       0.455069
1.26256       0.474223
1.2428       0.496552
1.23475       0.510635
1.19605       0.522124
1.18454       0.522463
1.15756       0.549942
1.12783       0.569137
1.11565       0.581586
1.0892       0.586611
1.08488       0.611333
1.05002       0.620286
1.02654       0.634357
1.00408       0.646629
0.989768       0.665075
0.965778       0.680246
0.94249       0.701556
0.926946       0.720971
0.906616       0.725171
0.898546       0.739159
0.867983       0.762864
0.858589       0.775174
0.84236       0.79479
0.824375       0.80447
0.806381       0.8318
0.783911       0.845314
0.774254       0.855098
0.762074       0.875478
0.74449       0.886012
0.72519       0.908398
0.712712       0.927865
0.694086       0.950228
0.675743       0.964282
0.672018       0.982666
0.654856       1.01236
0.638046       1.0304
0.621839       1.03866
0.615922       1.0511
0.591493       1.09753
0.579424       1.12027
0.561199       1.12488
0.548883       1.14724
0.534524       1.17253
0.514768       1.18929
0.508776       1.20741
0.475991       1.25439
0.465248       1.27502
0.429879       1.32855
0.416477       1.3813
0.398033       1.39839
0.386157       1.41625
0.357049       1.47511
0.342843       1.53938
0.321973       1.57086
0.310437       1.61047
0.284363       1.64815
0.272965       1.67575
0.239723       1.76403
0.212094       1.86072
0.196031       1.94645
0.175925       2.01179
0.159026       2.07791
0.134672       2.14783
0.112217       2.26224
0.0985567       2.34021
0.0669339       2.49264
0.057288       2.71261
0.0244506       2.84515
9.31826e-005       3.91692
