0.472387       0.513488       5.2054e-009
1.075       0.0130905       0.000712627
1.02001       0.0112423       0.00197226
1.05546       0.0087523       0.00291747
1.0814       0.0086673       0.00360827
1.05086       0.00840095       0.0039399
1.03648       0.00475117       0.00644447
1.058       0.0044454       0.00706428
1.05455       0.0042044       0.00843262
1.06016       0.00264831       0.010534
1.08674       0.00198056       0.0108467
1.08303       0.000849827       0.0109734
0.392565       2.74119e-015       0.522337
0.000438215       0.986665       5.04177e-011
0.509537       0.508068       0.0140469
0.673817       0.273423       0.0630273
0.682104       0.213764       0.0521714
0.689186       0.161089       0.0565156
0.704699       0.140697       0.0661379
0.703466       0.0969232       0.105716
0.688864       0.0830824       0.149766
0.681057       0.0206195       0.220239
0.416151       0.0394133       0.434439
0.000367434       -1.43741e-017       0.988936
0.000454422       0.986365       4.80968e-011
0.336346       0.626746       0.000909315
0.393095       0.409505       0.0911755
0.48619       0.341792       0.122802
0.641002       0.320384       0.160236
0.669325       0.115436       0.205669
0.635301       0.186363       0.24748
0.517864       0.170752       0.295499
0.55278       0.148573       0.40718
0.329052       0.0288554       0.652972
0.000367318       7.58227e-018       0.988624
0.264659       0.809537       0.0908467
0.336338       0.470951       0.111108
0.361617       0.376354       0.157432
0.430697       0.340799       0.20212
0.416736       0.211417       0.263178
0.377611       0.188754       0.301902
0.404383       0.175649       0.324273
0.34095       0.0335688       0.514086
0.05172       0.0800853       0.716541
0.000454422       0.986366       8.57175e-011
0.197034       0.821924       0.0948364
0.224097       0.588641       0.16187
0.338935       0.430793       0.212805
0.353001       0.356677       0.271736
0.344801       0.247912       0.296351
0.335029       0.217934       0.398596
0.321052       0.0879169       0.647343
0.0931312       0.086364       0.714245
0.000367353       7.34447e-017       0.988716
0.000446701       0.986698       1.9278e-010
0.147039       0.824492       0.0950275
0.204644       0.577481       0.188618
0.325383       0.530479       0.316732
0.324572       0.350535       0.406879
0.286658       0.294575       0.459771
0.151759       0.199663       0.693688
0.0905876       0.0907826       0.704408
0.000367362       7.58318e-018       0.988742
0.000435535       0.986811       1.08758e-011
0.114044       0.795145       0.125287
0.130013       0.576564       0.206673
0.159386       0.531886       0.400476
0.213083       0.326601       0.44133
0.217648       0.26448       0.650731
0.000367372       9.54035e-017       0.988767
0.000439359       0.986235       1.2653e-011
0.0903987       0.687764       0.141659
0.0910041       0.568501       0.27086
0.113212       0.402571       0.423377
0.156452       0.280831       0.551905
0.0906685       0.133136       0.703676
0.000367313       2.22469e-015       0.988608
0.0737015       0.622625       0.153624
0.134209       0.556496       0.363342
0.0916113       0.317379       0.464688
0.0517158       0.0907354       0.71487
0.000458578       0.985867       1.26483e-011
0.0330794       0.604884       0.187202
0.0877908       0.416629       0.430755
0.000367377       6.46881e-014       0.988782
0.0262035       0.589905       0.27674
0.0565977       0.290779       0.57843
0.000391135       5.14538e-017       0.988006
0.000369791       0.988504       6.35443e-012
0.0266809       0.435962       0.442133
0.000368072       0.000981805       0.963173
0.000404929       0.493627       0.493627
