0.920209       0.920209       3.24648e-005
1.00493       3.54262e-005       1.74289e-005
1.0037       3.53825e-005       1.74159e-005
1.00342       3.53715e-005       1.75282e-005
1.00327       3.53658e-005       1.75417e-005
1.00383       3.53871e-005       1.74171e-005
1.0039       3.53896e-005       1.7418e-005
1.00442       3.54082e-005       1.74232e-005
0.91551       7.13178e-005       0.91551
3.49719e-006       1.00699       3.55263e-005
0.915761       0.915761       0.000100642
1.00046       0.0104756       0.00337086
1.00051       0.00842742       0.00270327
1.00044       0.00924788       0.00297169
1.00031       0.0104741       0.00337104
1.00047       0.00924808       0.002966
1.00048       0.0114099       0.00369245
0.909317       0.00852291       0.909297
3.82236e-006       7.56738e-005       1.00141
4.72486e-006       1.00002       0.0850531
0.909258       0.909258       0.0871466
1.00046       0.0114096       0.00382326
1.00034       0.0104743       0.00337046
1.00046       0.00809984       0.00259654
0.909317       0.00852291       0.909297
4.89068e-006       0.0846169       1.00039
4.26084e-006       7.79743e-005       1.00096
9.18628e-006       1.00517       0.000123951
4.72486e-006       1.00002       0.0838419
1.00049       0.0101094       0.00325627
6.20701e-006       0.135942       1.00001
5.3593e-006       0.102349       1.00029
6.19768e-006       1.00116       0.000143355
4.72486e-006       1.00002       0.0812707
4.72486e-006       1.00002       0.0825828
2.80435e-006       1.00002       0.0630879
0.90926       0.909259       0.0890611
4.94777e-006       0.135942       1.00001
4.55211e-006       0.112392       1.00013
4.26083e-006       6.72728e-005       1.00096
4.72486e-006       1.00002       0.0835318
6.20701e-006       0.909225       0.909225
6.55237e-006       1.00046       0.0001458
4.72486e-006       1.00002       0.0825828
4.72486e-006       1.00002       0.0819337
7.9108e-006       1.00084       0.000249163
4.72486e-006       1.00002       0.0844532
4.03681e-006       0.000253377       1.00048
6.98007e-006       1.00045       0.000219535
4.72486e-006       1.00002       0.0850531
5.10348e-006       0.000253377       1.00048
7.51493e-006       1.00044       0.000243881
4.72486e-006       1.00002       0.0862203
4.65055e-006       0.000253377       1.00048
