1.00001       2.72275e-021
0.990793       0.0013861
0.616774       0.0156373
0.520029       0.0164371
0.460622       0.0195276
0.44249       0.0223384
0.41888       0.026007
0.407288       0.0305624
0.398748       0.0354154
0.383534       0.0380992
0.376253       0.0430626
0.374241       0.0452781
0.366208       0.0500173
0.365688       0.0545117
0.359913       0.0620123
0.357349       0.0665563
0.354263       0.0726046
0.349962       0.0777565
0.347293       0.086018
0.347813       0.0977888
0.34628       0.104242
0.343638       0.105443
0.342057       0.113024
0.33847       0.12388
0.339849       0.136182
0.338999       0.153177
0.338339       0.159024
0.337589       0.161938
0.337372       0.182746
0.335856       0.19347
0.336886       0.208776
0.336686       0.218456
0.335693       0.222461
0.33533       0.189999
0.334251       0.240916
0.333508       0.255942
0.332886       0.277307
0.332671       0.285785
0.33278       0.307865
0.331002       0.33433
0.330021       0.362404
0.32967       0.369839
0.328568       0.387692
0.327822       0.398193
0.325898       0.422649
0.324031       0.446293
0.322325       0.470857
0.319819       0.507421
0.317609       0.526354
0.315114       0.545751
0.31085       0.570227
0.30928       0.582888
0.30379       0.609787
0.303454       0.621239
0.297229       0.653526
0.293353       0.670964
0.287597       0.697021
0.282929       0.714865
0.277149       0.734643
0.269918       0.760191
0.26364       0.780869
0.256061       0.801071
0.248267       0.82094
0.239403       0.840926
0.230574       0.857898
0.218867       0.87868
0.210453       0.892195
0.199883       0.906667
0.190203       0.918313
0.179496       0.929958
0.167814       0.941161
0.156331       0.951385
0.145105       0.95973
0.131992       0.967787
0.11974       0.97306
0.109501       0.977161
0.0977601       0.981567
0.0863757       0.985151
0.0748835       0.988224
0.0636124       0.990783
0.0526103       0.992889
0.0416196       0.99471
0.030484       0.996314
0.0202983       0.997626
0.010175       0.998844
8.73534e-014       1.00001
