10.0296       0.103906
6.56468       0.157165
5.13801       0.204711
4.4744       0.229104
4.0259       0.257205
3.61454       0.282604
3.3565       0.300434
3.24451       0.31676
3.0398       0.342388
2.83931       0.359633
2.72121       0.371948
2.59368       0.390471
2.47745       0.404252
2.48045       0.404859
2.48057       0.404922
2.47941       0.404573
2.47728       0.404343
2.47905       0.40449
2.47845       0.404349
2.48043       0.404581
2.4761       0.404137
2.47784       0.404404
2.47776       0.403963
2.47928       0.404632
2.47745       0.404083
2.47895       0.404569
2.47744       0.404175
2.47817       0.404525
2.47793       0.404507
2.47887       0.404384
2.47833       0.404296
2.47775       0.404388
2.47824       0.404343
2.4785       0.404488
2.47842       0.404182
2.47715       0.40439
2.47734       0.40442
2.47709       0.404269
2.47829       0.404213
2.47793       0.404346
2.4767       0.404216
2.47675       0.404078
2.47629       0.40415
2.47595       0.404149
2.4777       0.404237
2.47684       0.404059
2.47631       0.404099
2.47825       0.404515
2.47733       0.40422
2.47778       0.404248
2.47666       0.404222
2.47644       0.404122
2.47667       0.404124
2.47609       0.404149
2.47724       0.404289
2.47676       0.404173
2.47672       0.404134
2.47636       0.404207
2.47635       0.404207
2.4757       0.404146
2.47661       0.404093
2.47616       0.404078
2.47664       0.404094
2.47653       0.404083
2.4765       0.404072
2.47608       0.40421
2.47585       0.404155
2.47669       0.404084
2.47694       0.40411
2.47589       0.404088
2.47771       0.404181
