0.707107       0.707107       2.25076e-019
0.999999       0.00129229       6.55891e-018
1       0.000599095       1.4075e-017
1       0.000397487       3.69965e-018
1       0.000323337       2.49229e-019
1       0.000258899       9.90105e-018
1       0.000215072       3.00025e-017
1       0.000182853       2.54751e-017
1       0.000161982       1.35128e-019
1       0.000142253       3.27964e-020
1       0.000129601       2.40844e-020
1       0.000115861       1.71845e-019
1       0.000108292       4.757e-018
1       8.72922e-005       1.88682e-018
0.00120594       0.999999       7.80652e-017
0.894519       0.44703       1.90304e-017
0.94869       0.316208       3.71043e-018
0.970575       0.228806       0.0809605
0.980384       0.189939       0.119963
0.982893       0.126137       0.15628
0.99302       0.117942       1.03662e-019
0.960272       0.026692       0.310728
0.927769       0.0462628       0.447415
0.691992       0.0669679       0.750664
1.60791e-018       6.12379e-017       1.00043
0.000643065       1       7.23718e-017
0.447471       0.894299       8.72448e-019
0.706659       0.705492       0.115638
0.832567       0.545938       0.132607
0.893091       0.445496       0.243299
0.907313       0.340481       0.305288
0.943785       0.249703       0.340169
0.916051       0.154321       0.453681
0.858135       0.12418       0.559843
0.740772       0.0716885       0.687112
0.365283       0.0824225       0.955325
1.19025e-018       6.12465e-017       1.00042
0.000423149       1       1.20123e-017
0.316191       0.948697       4.11534e-018
0.550704       0.830053       0.136108
0.784256       0.532145       0.38453
0.801651       0.473389       0.452985
0.764119       0.365132       0.573938
0.714275       0.214001       0.702787
0.521231       0.0690867       0.860923
0.287123       0.0304693       0.978115
1.60773e-018       6.12313e-017       1.00033
0.000318216       1       6.0259e-019
0.230454       0.971229       0.115598
0.445465       0.889947       0.244506
0.583316       0.795274       0.274649
0.63189       0.566388       0.551801
0.662532       0.43659       0.652352
0.564265       0.305705       0.79383
0.429155       0.186706       0.905497
0.225624       0.10955       0.986181
1.44074e-018       6.12372e-017       1.00036
0.000255797       1       1.52192e-018
0.188654       0.97745       0.139231
0.350688       0.918133       0.273538
0.426506       0.797989       0.491801
0.48181       0.635783       0.614362
0.498949       0.40021       0.803387
0.304297       0.292119       0.919803
0.161881       0.135879       0.986353
0.00021022       1       7.92831e-018
0.157133       0.981014       0.160162
0.306264       0.932428       0.324873
0.338863       0.805247       0.582371
0.388069       0.52908       0.777932
0.162548       0.135309       0.987034
9.3951e-019       6.12427e-017       1.00029
0.000180787       1       9.14256e-019
0.035985       0.990009       0.173281
0.118426       0.909155       0.41533
0.0390233       0.704327       0.728211
0.257485       0.458924       0.919029
0.0444022       0.186887       0.991003
0.000160628       1       1.0378e-018
0.0739661       0.979424       0.215886
0.142614       0.853368       0.527801
0.000766569       0.557191       0.842497
0.0576094       0.242476       0.984636
9.39455e-019       6.12391e-017       1.00023
0.000144244       1       5.20621e-018
0.089593       0.955718       0.300026
0.0530723       0.729548       0.703219
0.011068       0.302188       0.965506
0.000129065       1       1.19275e-018
0.000243146       0.929933       0.382542
7.75334e-008       0.404966       0.931852
2.40085e-018       6.12011e-017       1.00026
0.000117139       1       3.1042e-021
6.19702e-008       0.732986       0.725886
0.000104122       1       5.53165e-021
