1.68999       1.68999       2.17682e-008
1.01164       0.971557       0.0780339
1.00922       0.958697       0.150675
1.00713       0.786709       0.232406
1.00442       0.76393       0.316549
1.00585       0.743699       0.448769
1.00603       0.509084       0.500757
1.0064       0.480863       0.562088
1.00569       0.452028       0.734739
1.00572       0.213025       0.798311
1.00995       0.211784       0.800022
1.00773       0.178294       0.94967
1.00511       0.0240691       0.98134
1.00419       0.000123992       1.99584
0.968391       1.00853       0.0779387
0.975025       0.976378       0.0831048
1.00819       0.95277       0.176395
1.00709       0.785071       0.242656
0.971915       0.761721       0.36929
1.00826       0.505299       0.504252
1.00585       0.464372       0.646822
1.00528       0.210803       0.797133
1.00842       0.182628       0.919058
1.00251       0.0230201       0.981925
0.00361071       1.74496e-005       3.69423
0.955529       1.01036       0.171589
0.951708       1.00761       0.18001
0.966898       0.966061       0.202472
1.005       0.774792       0.267465
0.982948       0.752349       0.414922
1.00851       0.510341       0.501625
1.00549       0.477731       0.575258
1.006       0.446974       0.774367
0.959127       0.207603       0.922919
0.517858       0.0240982       1.48584
0.00187204       0.000114773       3.84302
0.788549       1.00804       0.229057
0.778529       1.00815       0.262236
0.770974       1.00587       0.286546
0.94991       0.956207       0.348012
0.967598       0.750451       0.4468
0.974052       0.508995       0.561399
0.958137       0.477501       0.713595
0.771522       0.20868       1.11266
0.00145521       0.000461566       3.83904
0.763113       1.00735       0.332984
0.756746       1.00801       0.373667
0.750785       1.00936       0.419444
0.74469       0.997313       0.488994
0.785627       0.78345       0.478276
0.777776       0.509347       0.780515
0.748481       0.493065       0.978393
0.517203       0.208699       1.30713
0.220897       0.208913       1.62288
0.000857898       0.000461712       3.89644
0.746375       1.00898       0.446952
0.510441       1.00796       0.500626
0.50603       0.965147       0.572226
0.502863       0.775839       0.764442
0.509819       0.526695       1.01654
0.227841       0.228019       1.66272
0.510218       1.00782       0.500735
0.502761       1.00611       0.50354
0.477742       1.00566       0.572739
0.476037       0.956038       0.732324
0.205964       0.53763       1.34769
0.000453874       0.000662719       3.90167
0.481398       1.0049       0.554989
0.463233       1.00273       0.641034
0.447453       1.00791       0.773736
0.198864       0.963779       0.893598
0.213706       0.231748       1.65066
0.000309504       0.000838323       3.90219
0.454516       1.00577       0.711061
0.211026       1.00465       0.795741
0.208473       1.00419       0.796081
0.208357       0.758589       1.14192
0.204842       0.187512       1.66237
0.000382393       0.000881647       3.89321
0.210084       1.00438       0.795659
0.0239598       0.498411       1.49524
0.180711       1.01057       0.935346
0.0238098       0.506691       1.4847
0.000318577       0.00113794       3.90152
0.176375       1.00945       0.97212
0.0238225       1.00699       1.00422
0.000350603       0.00220351       3.79497
0.0256275       1.00835       0.983678
0.000331729       0.00439272       3.62245
0.000110525       1.01218       2.01318
