116.842       0.010343
11.3645       0.103335
7.37164       0.140485
6.36421       0.164645
5.62387       0.194762
4.93675       0.206224
4.56765       0.226519
4.15221       0.24712
3.87284       0.261676
3.73831       0.275121
3.55604       0.283778
3.49894       0.30521
3.23803       0.317969
3.10932       0.328227
3.08625       0.332751
2.98625       0.341395
2.90906       0.350213
2.75818       0.367661
2.73265       0.375784
2.62011       0.385515
2.59282       0.388829
2.51929       0.403268
2.46288       0.410014
2.42167       0.416994
2.38751       0.431558
2.32144       0.432418
2.26087       0.444894
2.22079       0.454473
2.18884       0.459972
2.15426       0.469107
2.12915       0.477528
2.09713       0.480634
2.06606       0.488479
2.02833       0.497458
1.99908       0.503527
1.98044       0.507343
1.94014       0.51702
1.92089       0.525989
1.90315       0.526946
1.90428       0.526944
1.90436       0.526997
1.90383       0.52693
1.90483       0.527095
1.90445       0.527497
1.90358       0.527222
1.90489       0.527468
1.90426       0.527308
1.90501       0.527004
1.90247       0.526988
1.90338       0.526782
1.90212       0.526854
1.90283       0.527025
1.90339       0.52723
1.90216       0.526847
1.90294       0.527049
1.90295       0.52706
1.90388       0.527373
1.9032       0.527135
1.90194       0.526741
1.90374       0.527153
1.90223       0.526801
1.9026       0.526889
1.90277       0.527056
1.90316       0.527191
1.90222       0.526695
1.90218       0.526863
1.90316       0.526979
1.90285       0.526576
1.90163       0.526606
1.90292       0.526854
1.90261       0.526948
1.90245       0.526668
1.90327       0.526748
1.90284       0.526982
1.90265       0.526541
1.90319       0.527163
1.90309       0.526571
