1.53478       0.464786       0.148393
1.54642       0.468348       0.149313
1.54648       0.468303       0.149516
1.51944       0.447759       0.181091
1.52589       0.405299       0.266437
1.54603       0.374759       0.317895
1.5438       0.321551       0.370689
1.54498       0.260199       0.4165
1.52736       0.198025       0.443272
1.52631       0.147011       0.462348
1.53516       0.147962       0.464999
1.53809       0.148111       0.465928
1.53611       0.147918       0.465329
1.53331       0.463863       0.150568
1.53098       0.45636       0.169081
1.52491       0.437573       0.208569
1.53991       0.39828       0.284547
1.54594       0.339329       0.355425
1.53467       0.285351       0.395652
1.52914       0.210119       0.438299
1.51083       0.162796       0.492208
1.53194       0.153076       0.462267
1.39559       0.747406       0.240087
1.34506       0.839409       0.267093
1.30978       0.869908       0.291713
1.4275       0.70714       0.225851
1.44206       0.576349       0.477921
1.45845       0.286804       0.582195
1.40493       0.29489       0.71191
1.30877       0.317449       0.865281
1.30046       0.284197       0.891803
1.35348       0.268123       0.843022
1.39461       0.246099       0.77335
1.15055       1.08602       0.345761
1.08121       1.1418       0.363042
1.00334       1.1937       0.379446
1.11365       1.10884       0.35248
1.19512       0.90851       0.576957
1.27229       0.695412       0.758356
1.19992       0.538079       0.923523
1.11085       0.44628       1.07739
1.00001       0.377497       1.18755
1.07377       0.358834       1.12887
1.11846       0.342644       1.07771
0.895941       1.25824       0.399949
0.82865       1.29904       0.413471
0.732522       1.34753       0.42833
0.898       1.21272       0.571161
0.992468       0.984776       0.786843
1.00579       0.783185       1.00919
0.913952       0.491694       1.21316
0.740249       0.426525       1.34185
0.821877       0.412359       1.29698
0.904283       0.398639       1.25274
0.684196       1.36875       0.435087
0.622155       1.39458       0.444141
0.565991       1.41523       0.461122
0.741204       1.25973       0.642539
0.712078       1.01734       1.00889
0.743821       0.705278       1.22648
0.565358       0.450674       1.41489
0.614277       0.445453       1.4013
0.697085       0.43457       1.36716
0.528867       1.42756       0.45387
0.480985       1.43953       0.466328
0.525015       1.21162       0.889827
0.480985       0.906974       1.21124
0.480985       0.459606       1.44169
0.480985       0.467351       1.4392
0.516136       0.455024       1.43139
0.480985       1.43268       0.486973
0.480985       1.37709       0.627174
0.480985       1.03185       1.10679
0.480985       0.463552       1.44043
0.480985       0.468253       1.43891
0.480985       1.2493       0.853796
0.480985       0.465903       1.43967
0.480985       0.467486       1.43916
0.480985       0.459511       1.44172
0.480985       0.459126       1.44185
0.480985       0.465179       1.4399
0.480985       0.461914       1.44095
