1.94884       1.94884       4.79678e-019
1.0104       1.01056       0.0402039
1.00581       0.986538       0.168847
1.01912       0.974426       0.258134
1.01753       0.925462       0.400413
1.02251       0.881436       0.520875
1.03052       0.802394       0.713589
1.02692       0.734959       0.842652
1.01452       0.647677       1.02065
1.04084       0.551533       1.23658
1.03533       0.423153       1.44516
1.05218       0.279815       1.6756
1.03941       0.0951693       1.93532
1.48227       0.000312757       3.40423
1.00914       1.00824       0.0385611
1.02902       0.972306       0.298321
1.01329       0.830708       0.615031
1.02996       0.791108       0.758674
1.01484       0.683948       0.916036
1.02974       0.566062       1.16995
1.04404       0.453522       1.41069
1.04924       0.314134       1.62856
1.05327       0.1681       1.85296
9.99345e-008       0.000163534       4.73735
0.997553       1.0169       0.17275
1.00145       1.00616       0.127682
1.02431       0.949251       0.354636
1.02033       0.900408       0.493492
1.03444       0.729157       0.87947
1.02478       0.617824       1.08801
1.04082       0.48065       1.35262
1.03173       0.343537       1.53706
1.00175       0.15316       2.03059
6.12748e-008       3.83171e-005       4.73784
0.991515       1.03137       0.245652
0.982779       1.04567       0.320159
0.969655       1.04239       0.349407
0.996785       1.00935       0.364284
1.03389       0.872996       0.583008
1.01911       0.655808       0.987939
1.03607       0.539627       1.26184
0.802752       0.274296       2.54316
1.10565e-010       0.000155562       4.49829
0.944837       1.03534       0.396723
0.926287       1.04421       0.468901
0.905851       1.02923       0.513562
0.877905       1.02284       0.543483
0.948481       0.954875       0.672918
0.966627       0.804492       0.957618
0.987068       0.642487       1.2952
0.931223       0.544506       1.87791
0.71602       0.318154       2.50253
3.98066e-009       8.53733e-005       4.51415
0.903278       1.04181       0.532213
0.850442       1.02403       0.604553
0.818464       1.01984       0.660558
0.778095       1.03217       0.780388
0.782882       0.978247       0.992165
0.802457       0.828198       1.27544
0.772574       0.560943       1.95775
0.523395       0.313586       2.88796
0.72391       1.01399       0.836885
0.666783       1.02586       0.967402
0.523633       1.00384       1.30282
0.630807       0.819381       1.70715
0.501328       0.417154       3.03334
3.40276e-009       6.4414e-005       4.61742
0.678375       1.01871       0.932895
0.592243       1.0145       1.08159
0.547216       1.02626       1.18494
0.480914       0.914857       1.85522
0.215283       0.598938       2.92659
0.630853       1.00811       0.998493
0.571448       1.02855       1.15809
0.503174       1.06077       1.33506
0.361844       1.01312       1.46427
0.345857       0.678872       2.71242
5.46274e-006       3.87849e-006       4.76122
0.452067       1.02899       1.35658
0.330654       1.03742       1.56377
0.263867       0.762779       2.58192
1.10372e-005       1.19335e-010       4.70161
0.425647       1.05076       1.45119
0.272425       1.02952       1.64033
0.201777       1.02821       1.81133
1.03985e-005       1.20523e-010       4.74839
0.150243       1.06592       1.90629
6.73387e-005       1.0843       2.16885
