1.00004       1.50964e-027
1.00069       1.51062e-027
0.994314       0.0377392
0.987819       0.050058
0.982303       0.0620711
0.981755       0.0654224
0.973487       0.0777813
0.958028       0.0955894
0.952823       0.101735
0.936362       0.114504
0.918324       0.126176
0.903051       0.133675
0.877703       0.144025
0.851346       0.15177
0.821033       0.157379
0.770296       0.162923
0.730705       0.164727
0.694063       0.166201
0.654978       0.167463
0.620119       0.168908
0.583274       0.169981
0.566766       0.171346
0.543846       0.17373
0.517791       0.176726
0.504983       0.179117
0.487477       0.18283
0.472152       0.188118
0.461671       0.191691
0.451935       0.196136
0.436085       0.199831
0.42989       0.20591
0.421303       0.210821
0.413792       0.21628
0.40592       0.219772
0.397444       0.228131
0.393824       0.232158
0.387856       0.237302
0.381146       0.247874
0.377124       0.255261
0.37234       0.262673
0.36802       0.269593
0.364715       0.27479
0.360552       0.288119
0.358302       0.29269
0.35528       0.300637
0.350127       0.317293
0.348613       0.326736
0.347675       0.336664
0.344482       0.346972
0.343053       0.36128
0.341569       0.373805
0.340662       0.378257
0.340503       0.37808
0.337754       0.419075
0.337403       0.433275
0.336358       0.450949
0.335358       0.474206
0.334594       0.493472
0.334089       0.512996
0.334076       0.527213
0.333331       0.54103
0.332913       0.566376
0.331453       0.604731
0.33069       0.627146
0.329052       0.65222
0.326329       0.682413
0.324165       0.708143
0.320313       0.737353
0.317027       0.760394
0.31058       0.789742
0.304606       0.808033
0.297533       0.834081
0.288426       0.854609
0.279626       0.874259
0.269441       0.893216
0.258618       0.907656
0.245324       0.923639
0.235409       0.933979
0.223651       0.944012
0.209843       0.95316
0.194885       0.962336
0.183463       0.968277
0.172344       0.972961
0.159091       0.977972
0.148107       0.981376
0.134295       0.98542
0.121181       0.988097
0.110434       0.990209
0.097089       0.992353
0.086341       0.99375
0.0744411       0.995077
0.0630988       0.996246
0.0525017       0.997017
0.0417606       0.997769
0.0305407       0.998461
0.0200435       0.999019
0.0101818       0.999532
1.29303e-007       1.00001
