0.977483       0.0157154
0.963622       0.0221431
0.934259       0.0400903
0.940647       0.0541281
0.897721       0.0621231
0.88842       0.0667277
0.866521       0.0787347
0.848258       0.0906074
0.843081       0.0941739
0.803846       0.105917
0.791718       0.114772
0.784298       0.118758
0.746886       0.139739
0.738945       0.148077
0.721577       0.15561
0.711223       0.159474
0.700868       0.166858
0.690217       0.179538
0.670757       0.186544
0.65908       0.191938
0.641806       0.204495
0.630291       0.220006
0.619981       0.225002
0.598413       0.230963
0.589888       0.238648
0.578766       0.245252
0.571783       0.257525
0.562788       0.260787
0.550284       0.264476
0.532136       0.277921
0.519659       0.285138
0.508841       0.297887
0.495938       0.307625
0.486377       0.312904
0.476529       0.318564
0.471741       0.325686
0.461927       0.328288
0.451532       0.338568
0.438432       0.343883
0.431981       0.34952
0.415013       0.363937
0.412429       0.365784
0.411368       0.375352
0.399879       0.380659
0.389111       0.392459
0.380651       0.395591
0.374062       0.398552
0.360751       0.409197
0.354875       0.417474
0.347439       0.425701
0.335318       0.433155
0.325486       0.453442
0.315968       0.457724
0.306271       0.460062
0.291727       0.467934
0.281118       0.480915
0.277411       0.492573
0.267086       0.496177
0.261463       0.499904
0.251038       0.520355
0.24626       0.524422
0.228129       0.528035
0.217924       0.537531
0.215974       0.548292
0.205759       0.55509
0.20152       0.570113
0.195181       0.572608
0.180896       0.584736
0.17438       0.597509
0.171867       0.602864
0.161794       0.610088
0.153208       0.619178
0.149572       0.634906
0.134704       0.650725
0.131954       0.650917
0.118165       0.677043
0.113322       0.686999
0.100003       0.704316
0.0959087       0.713758
0.0890978       0.718987
0.0821561       0.736534
0.0730216       0.757921
0.0640922       0.768412
0.0575948       0.78448
0.048374       0.808571
0.0382915       0.836396
0.0322756       0.857419
0.0257343       0.858173
0.0176435       0.899638
0.00847852       0.945988
7.0637e-005       1.44676
