0.999432       0.0175575
0.999974       0.0175732
0.989177       0.0312272
0.97555       0.0417567
0.968895       0.0511921
0.963288       0.0613113
0.954397       0.0718314
0.954397       0.0819703
0.938359       0.0900138
0.935031       0.0982821
0.919195       0.116864
0.912391       0.126464
0.907777       0.135078
0.899495       0.149122
0.893401       0.150325
0.880654       0.168519
0.872808       0.180957
0.860805       0.191107
0.855838       0.217367
0.836971       0.227031
0.828185       0.237307
0.821851       0.250963
0.812102       0.257519
0.804946       0.272325
0.788095       0.283819
0.787095       0.294259
0.775323       0.299832
0.763378       0.317996
0.755081       0.326066
0.743654       0.337214
0.735188       0.347559
0.725398       0.364358
0.716002       0.374485
0.706088       0.388071
0.69932       0.395302
0.683675       0.40998
0.674206       0.421529
0.666118       0.432249
0.656289       0.448445
0.64852       0.456491
0.637839       0.469202
0.625618       0.479237
0.61775       0.492904
0.600952       0.504768
0.593686       0.510913
0.587791       0.51756
0.572865       0.53564
0.565728       0.55584
0.548385       0.563953
0.541881       0.57542
0.528924       0.584457
0.520943       0.597229
0.505082       0.610155
0.493293       0.622862
0.486635       0.635348
0.472917       0.646293
0.45726       0.658335
0.452333       0.667801
0.437066       0.681503
0.429823       0.688122
0.420118       0.702528
0.404339       0.712341
0.39294       0.725556
0.380838       0.735403
0.372508       0.742426
0.35879       0.757376
0.348949       0.766777
0.338119       0.776807
0.327575       0.792361
0.313606       0.799995
0.303225       0.809512
0.28517       0.824069
0.276535       0.834837
0.265376       0.845021
0.256735       0.855908
0.244094       0.859305
0.229752       0.870998
0.221208       0.877047
0.207863       0.886661
0.193079       0.898032
0.183051       0.909568
0.175017       0.91354
0.162011       0.918444
0.150946       0.932115
0.134623       0.941057
0.13004       0.95033
0.115091       0.950643
0.10661       0.960883
0.092788       0.964347
0.0793723       0.970434
0.0704854       0.977155
0.055841       0.982549
0.0502379       0.99139
0.0346145       0.99233
0.0307904       0.998675
0.0108484       1.00005
0.00745528       1.00269
4.00102e-008       1.01559
