1.02644       8.46516e-005
1.01971       0.00933663
1.00422       0.0147972
0.989008       0.0387461
0.978858       0.0501304
0.968312       0.0713056
0.955174       0.0836354
0.949768       0.100521
0.939353       0.107114
0.922069       0.124515
0.910305       0.138538
0.90157       0.14745
0.893889       0.156156
0.87384       0.17151
0.873209       0.175597
0.864684       0.18779
0.843195       0.198845
0.830714       0.210622
0.824245       0.213812
0.816374       0.23385
0.790579       0.237587
0.767254       0.246411
0.743426       0.266402
0.732186       0.274869
0.71972       0.277802
0.705114       0.29299
0.698849       0.300309
0.685004       0.310661
0.670207       0.319928
0.658711       0.330916
0.644912       0.332382
0.632479       0.346551
0.630259       0.357478
0.614019       0.363649
0.608878       0.372236
0.595064       0.380462
0.583884       0.392832
0.569721       0.403955
0.563388       0.419347
0.549635       0.44126
0.542857       0.441897
0.532235       0.462105
0.526593       0.478475
0.518677       0.489617
0.503649       0.502534
0.498912       0.517886
0.491534       0.544093
0.480702       0.547686
0.465704       0.568205
0.457648       0.585708
0.440061       0.60409
0.422429       0.633105
0.417169       0.640281
0.402335       0.646133
0.394603       0.660627
0.376713       0.674818
0.37185       0.68031
0.364732       0.692468
0.332464       0.705401
0.324719       0.718867
0.316356       0.72981
0.290579       0.734215
0.279459       0.748827
0.261767       0.755554
0.253991       0.76198
0.246103       0.764815
0.231711       0.776239
0.218971       0.778262
0.202404       0.79383
0.200187       0.794229
0.18643       0.804472
0.175196       0.811972
0.164739       0.815273
0.14245       0.830207
0.13995       0.839621
0.117432       0.85874
0.0944736       0.873918
0.0868507       0.892041
0.0697406       0.905736
0.0634001       0.914588
0.0589694       0.922874
0.0486362       0.946663
0.0339715       0.95964
0.0271113       0.982338
0.0148       1.01158
0.00828       1.01635
6.36525e-006       1.04194
