4.25379       4.25379       2.12076e-014
1.00498       1.00129       0.0728602
1.00793       0.98592       0.173248
1.00275       0.952084       0.284952
1.01706       0.922687       0.404183
1.01079       0.86542       0.528698
1.01489       0.795085       0.692209
1.01933       0.732304       0.827932
1.02957       0.638282       1.02886
1.02911       0.540736       1.20114
1.02055       0.430359       1.43833
1.05726       0.292273       1.69523
1.0674       0.125151       1.9953
1.28765       1.33583e-009       2.58497
0.999445       1.00353       0.0808556
1.00626       0.983488       0.181089
1.00249       0.948112       0.294653
1.00938       0.901198       0.440103
1.02388       0.850841       0.594053
1.01115       0.76463       0.745962
1.02831       0.678209       0.952957
1.03126       0.568601       1.15394
1.02086       0.45252       1.34646
1.03787       0.321843       1.57882
1.0558       0.168434       1.86862
8.11644e-023       8.77557e-005       4.22275
0.990063       1.00284       0.128481
0.998874       0.987269       0.200459
1.01067       0.874437       0.507782
1.01546       0.821973       0.636765
1.02146       0.719847       0.856818
1.02299       0.606845       1.07014
1.03178       0.483899       1.30184
1.04899       0.168156       1.93198
6.06178e-023       1.97163e-005       4.23096
0.956161       1.00324       0.269632
0.935276       1.00533       0.340721
0.986717       0.983613       0.382597
1.0086       0.854023       0.549437
1.02679       0.66125       0.978185
1.03669       0.527608       1.23661
1.03505       0.37237       1.494
0.83642       0.263054       2.35921
0.926876       1.01746       0.395055
0.916803       1.01556       0.451257
0.894228       1.01407       0.487723
0.864002       1.01911       0.554144
0.927609       0.942714       0.763275
1.00353       0.775212       0.952382
1.01657       0.670353       1.17521
0.864403       0.538564       1.89187
0.670005       0.330474       2.55449
3.33182e-022       7.85512e-007       4.18007
0.873121       1.01626       0.548312
0.846367       1.01091       0.604668
0.817224       1.01932       0.682545
0.767468       1.01124       0.769402
0.779132       0.986003       0.946102
0.854412       0.855158       1.32792
0.820033       0.524674       2.04424
0.537552       0.387898       2.83865
8.65567e-022       1.21586e-009       4.2087
0.811815       1.01257       0.678028
0.726016       1.01773       0.86872
0.658401       1.01536       0.96501
0.603583       0.98372       1.28924
0.632618       0.754593       1.85913
0.36142       0.421963       2.89182
8.55206e-022       8.79895e-007       4.15832
0.734858       1.03357       0.855823
0.680875       1.02278       0.950366
0.611537       1.02977       1.07694
0.512327       1.02449       1.24631
0.479504       0.910261       1.66871
0.393704       0.531038       2.78246
0.643098       1.01478       1.00528
0.574536       1.03209       1.14785
0.493431       1.03336       1.29469
0.341125       1.01958       1.52136
0.20988       0.592682       2.80294
2.65953e-023       1.06587e-005       4.14289
0.537967       1.02928       1.21433
0.454666       1.02173       1.33398
0.106537       0.804333       2.65537
0.402902       1.02823       1.42852
0.310564       1.03835       1.59761
0.157887       1.02681       1.82211
3.54288e-022       1.17141e-008       4.16478
0.284746       1.03507       1.63338
2.96897e-022       5.06034e-010       4.24278
0.145556       1.0219       1.82789
3.18964e-022       4.11057e-009       4.26985
3.09955e-022       0.517995       3.3279
