2.78426       0.000442215
2.57989       0.0201094
2.46501       0.0288689
2.37739       0.0745404
2.26607       0.110417
2.21651       0.129263
2.19618       0.152706
2.07295       0.189097
2.01927       0.227907
1.96306       0.24303
1.92956       0.256763
1.92642       0.269958
1.90577       0.310146
1.83257       0.321242
1.79781       0.352115
1.77932       0.361514
1.74162       0.390054
1.72988       0.398471
1.68571       0.417966
1.64031       0.448673
1.63003       0.466556
1.60179       0.492776
1.56583       0.506797
1.55569       0.519177
1.54852       0.533609
1.51082       0.566117
1.46883       0.582753
1.46274       0.605476
1.42361       0.635725
1.42282       0.648675
1.39517       0.654957
1.3921       0.690995
1.33811       0.708253
1.3138       0.723751
1.29469       0.741361
1.24031       0.777833
1.22543       0.795451
1.22289       0.813017
1.18113       0.833442
1.16411       0.860125
1.14827       0.865428
1.1227       0.897772
1.09237       0.911515
1.06663       0.931483
1.04897       0.956695
1.03605       0.975338
1.01619       0.992547
0.998069       1.01111
0.976462       1.03404
0.949457       1.05519
0.936462       1.06968
0.912565       1.09544
0.89476       1.11603
0.865529       1.13122
0.853523       1.14889
0.828692       1.1696
0.812311       1.19035
0.787181       1.21657
0.767227       1.23377
0.747959       1.26199
0.732968       1.28168
0.711833       1.30042
0.695199       1.32442
0.674353       1.35955
0.655468       1.38049
0.63072       1.40593
0.609896       1.42586
0.58578       1.45907
0.570898       1.47743
0.563142       1.49593
0.542419       1.51589
0.519351       1.54089
0.490994       1.58159
0.484653       1.58665
0.466176       1.62088
0.444058       1.6515
0.40889       1.69227
0.38074       1.74612
0.366726       1.76707
0.338319       1.80888
0.324658       1.82219
0.300648       1.87051
0.286256       1.8958
0.264847       1.91921
0.246229       1.96069
0.222543       2.01029
0.205497       2.05532
0.177063       2.08122
0.150103       2.13465
0.139189       2.1652
0.115848       2.23103
0.0838622       2.29077
0.0617127       2.33617
0.0412363       2.40137
0.0159344       2.49571
0.000206151       2.61095
