0.334769       0.334769       2.11027e-052
0.996566       0.000151662       8.13103e-005
0.996516       0.000151655       8.13062e-005
0.998952       0.000113367       5.78574e-005
1.02374       1.31959e-009       1.34136e-010
0.334768       4.31638e-015       0.334768
0.000608459       0.992221       3.06017e-005
0.31196       0.295045       0.0267555
0.369293       0.205796       0.0425236
0.444522       0.152458       0.0458073
0.497609       0.0998528       0.0573399
0.471444       0.0966004       0.0637419
0.454794       0.0828736       0.0814707
0.463926       0.0655066       0.0959899
0.440062       0.0553018       0.114927
0.438209       0.0463206       0.144538
0.442442       0.0404866       0.157845
6.18305e-061       2.73963e-010       1
0.191231       0.375798       0.0391188
0.273576       0.258581       0.0578884
0.298038       0.202517       0.0760282
0.325116       0.161558       0.0842923
0.347272       0.112726       0.117074
0.335832       0.108742       0.12313
0.306411       0.0950067       0.156531
0.290664       0.0704156       0.207039
0.257821       0.0579954       0.261401
0.190358       0.039713       0.367332
1.22096e-006       1.04167       6.85071e-006
0.141661       0.424422       0.0448581
0.206238       0.299139       0.0661025
0.237587       0.231164       0.0972636
0.258858       0.186668       0.114918
0.257736       0.148863       0.14761
0.244455       0.129732       0.189655
0.242468       0.105754       0.206404
0.202214       0.0777365       0.310931
0.13968       0.0424433       0.456924
8.80459e-006       1.03748       4.04047e-010
0.119049       0.42577       0.0584871
0.141044       0.342684       0.0959803
0.190315       0.235883       0.12065
0.192769       0.191818       0.155612
0.200137       0.159441       0.201105
0.179701       0.130238       0.235652
0.17322       0.0930068       0.30697
0.118286       0.0466881       0.502621
0.0917104       0.478288       0.0682913
0.133158       0.328516       0.109624
0.149068       0.258238       0.157417
0.165618       0.198814       0.199872
0.149696       0.152913       0.244142
0.136631       0.116228       0.336077
0.103827       0.0768318       0.488236
1.20828e-006       1.03012       1.80336e-005
0.0676529       0.482995       0.0808914
0.108102       0.362596       0.13321
0.129668       0.238311       0.1867
0.123015       0.194124       0.256796
0.0922452       0.140716       0.354469
0.0913395       0.0808776       0.560608
0.0689872       0.48066       0.0818926
0.0955208       0.306032       0.159751
0.0919985       0.229639       0.236637
0.0848295       0.163934       0.319323
0.0814862       0.112682       0.42667
1.20708e-006       1.0291       1.80158e-005
0.0547261       0.490945       0.0908365
0.0791178       0.288916       0.204721
0.078463       0.196942       0.304013
0.0554645       0.117208       0.480438
7.20209e-006       0.999298       5.41645e-005
0.0467493       0.459059       0.132927
0.0553069       0.276175       0.253233
0.0520152       0.161967       0.372259
0.0384879       0.371242       0.199586
0.0415917       0.208253       0.388947
6.48313e-005       0.996873       0.000469299
1.06246e-060       0.334718       0.334718
