0.803357       0.803325       4.55842e-011
1.00001       4.55844e-011       4.55825e-011
1.00001       4.55844e-011       4.55825e-011
1.00001       4.55857e-011       4.55812e-011
1.00001       4.55842e-011       4.55827e-011
1.00001       4.55845e-011       4.55824e-011
1.00001       4.55842e-011       4.55827e-011
0.80509       1.08241e-013       0.805177
2.26666e-013       1.00002       5.67454e-011
0.999711       0.101957       0.0973082
0.999604       0.110136       0.104503
0.999093       0.147522       0.135931
0.998805       0.161321       0.146915
0.999336       0.13314       0.124129
0.997448       0.054193       0.230682
0.995671       0.0737191       0.268906
0.804463       0.000275704       0.803696
0       9.74606e-006       1.00155
9.44202e-013       1.00002       3.30789e-005
0.0522597       0.999957       0.0516765
0.991609       0.283968       0.228983
0.977837       0.397189       0.277822
0.984367       0.356179       0.263508
0.986983       0.133691       0.360376
0.967996       0.231255       0.465634
0.0176525       0.00053162       1.00002
0       2.25234e-006       1.00139
2.02825e-013       1.00001       2.33e-005
0.236306       0.994891       0.244425
0.900302       0.660801       0.260147
0.932528       0.364893       0.563039
0.924637       0.386941       0.574893
0.0176525       0.00053162       1.00002
0       7.11395e-006       1.00118
1.15435e-012       1.00001       7.24007e-005
0.114586       0.999656       0.121532
0.277377       0.990038       0.272132
0.480826       0.937085       0.465319
0.699304       0.782055       0.620467
0.667459       0.3588       0.890018
0.0176524       0.000520925       1.00001
0.0176525       0.000510107       1.00002
0       7.11396e-006       1.00118
1.15435e-012       1.00001       3.30787e-005
0.307056       0.984972       0.306596
0.537473       0.92177       0.513586
0.00203029       0.803377       0.80333
0.517659       0.547821       0.904077
0.0176525       0.00053162       1.00002
0       8.27842e-007       1.00138
0.152392       0.998671       0.158033
0.458029       0.948852       0.446471
0.413723       0.654843       0.90626
0.0176523       0.000488048       1.00001
0.0176524       0.000510104       1.00001
0.124506       0.99922       0.124039
0.27373       0.989753       0.272054
0.0176525       0.00053162       1.00002
1.37185e-012       1.00001       4.77892e-005
0.248306       0.992418       0.247235
0.0803478       0.999811       0.0800722
1.37194e-012       0.803368       0.803365
0.0176524       0.000442088       1.00001
0       5.83639e-005       1.00051
0.0176523       0.000488048       1.00001
9.98192e-013       1.00002       1.78719e-005
0       5.84356e-005       1.00174
1.37185e-012       1.00001       5.32144e-005
0       1.60391e-013       1.00176
8.85438e-013       0.803483       0.803483
