0.999888       0.0112913
0.993526       0.0205444
0.990367       0.029706
0.977614       0.0500368
0.972812       0.0613743
0.966678       0.071296
0.959033       0.0797505
0.946766       0.0924596
0.940967       0.103635
0.937389       0.113836
0.929579       0.125109
0.919483       0.137409
0.912429       0.148276
0.9095       0.158133
0.898951       0.170265
0.89278       0.181554
0.883466       0.193771
0.881543       0.205781
0.872086       0.216645
0.861578       0.229325
0.856933       0.235429
0.848508       0.255944
0.837795       0.263611
0.829788       0.2828
0.821085       0.293911
0.816707       0.29862
0.807276       0.313773
0.794946       0.332586
0.787463       0.339465
0.785686       0.357832
0.77663       0.362614
0.760652       0.381976
0.759793       0.387979
0.743231       0.404353
0.736963       0.419121
0.722292       0.435098
0.714239       0.44648
0.709832       0.451275
0.695124       0.471255
0.686061       0.486279
0.678811       0.491789
0.666804       0.507192
0.656109       0.526921
0.643548       0.53623
0.623775       0.56634
0.613013       0.575577
0.601127       0.594055
0.59127       0.597609
0.579061       0.61467
0.566149       0.632642
0.555142       0.637952
0.542581       0.653961
0.532193       0.664107
0.518005       0.683063
0.506755       0.694685
0.494496       0.705366
0.486584       0.713796
0.473115       0.729764
0.456814       0.740088
0.450197       0.75549
0.435308       0.762644
0.422489       0.777411
0.412864       0.781609
0.387841       0.803213
0.387733       0.810222
0.368997       0.820972
0.357775       0.830944
0.34957       0.838654
0.33517       0.849394
0.320769       0.861627
0.302833       0.873523
0.288861       0.881053
0.279077       0.892808
0.263484       0.901029
0.257661       0.9024
0.244981       0.91543
0.22297       0.92552
0.215283       0.935171
0.209038       0.935429
0.194553       0.943793
0.175044       0.949987
0.162849       0.954823
0.152484       0.961579
0.145899       0.967711
0.132874       0.971101
0.122576       0.979839
0.0997914       0.984649
0.0905179       0.990895
0.0871602       0.992781
0.0731594       0.995234
0.0545455       0.996132
0.0523806       0.997854
0.0316904       1.00106
0.0265439       1.00291
0.0158517       1.00546
0.00221457       1.006
7.31095e-007       1.01342
