1.01343       6.49059e-006
1.00005       0.00471552
0.998057       0.0127515
0.994086       0.0266061
0.99017       0.0415895
0.986028       0.04759
0.977954       0.0608744
0.972455       0.0706515
0.957814       0.0836379
0.947261       0.0923815
0.922122       0.101762
0.891554       0.111009
0.870067       0.120018
0.846603       0.126704
0.827877       0.136991
0.815695       0.145804
0.808633       0.154174
0.802199       0.164488
0.797947       0.173203
0.79149       0.187078
0.790592       0.19673
0.785445       0.209346
0.779684       0.221854
0.776507       0.230708
0.776473       0.241731
0.771056       0.255842
0.764462       0.268401
0.756845       0.283129
0.747853       0.294782
0.739036       0.303707
0.723195       0.315052
0.703347       0.323646
0.682378       0.330327
0.668223       0.334068
0.639971       0.341562
0.63394       0.345598
0.617844       0.351025
0.602011       0.360355
0.592783       0.367808
0.584309       0.377083
0.576865       0.388687
0.57083       0.400134
0.565308       0.413607
0.560785       0.428681
0.55691       0.442133
0.552016       0.459369
0.547866       0.473627
0.542859       0.485653
0.534886       0.501323
0.526413       0.514972
0.515504       0.526286
0.499542       0.537365
0.487266       0.542044
0.472828       0.548277
0.459532       0.553067
0.440144       0.558442
0.426647       0.563256
0.417338       0.566883
0.399768       0.572426
0.391329       0.575872
0.380048       0.583725
0.36903       0.593102
0.360827       0.606646
0.351666       0.619923
0.345984       0.630138
0.338581       0.651529
0.334422       0.669046
0.328545       0.686757
0.323061       0.706001
0.316372       0.719356
0.305391       0.739822
0.29192       0.750263
0.282067       0.757503
0.27228       0.763786
0.255345       0.768948
0.2473       0.771095
0.232685       0.7774
0.222241       0.780224
0.209259       0.783063
0.195835       0.787133
0.186966       0.790504
0.174169       0.795518
0.16606       0.800716
0.154265       0.810761
0.144679       0.817609
0.134303       0.83115
0.124904       0.84847
0.118641       0.868084
0.111034       0.892859
0.103249       0.920196
0.0936314       0.944716
0.0836117       0.957
0.0730656       0.968589
0.061759       0.978041
0.0514903       0.985727
0.0301809       0.992671
0.0199452       0.996313
0.00287601       1.00088
9.54132e-005       1.00471
