9.17316       0.109017
6.1086       0.165574
4.97505       0.206103
4.42365       0.233295
3.94382       0.258068
3.65417       0.282857
3.33107       0.311775
3.12075       0.326675
2.95875       0.340499
2.80918       0.357494
2.67445       0.374458
2.56908       0.390793
2.46574       0.405596
2.37405       0.421232
2.3       0.434783
2.3       0.434783
2.3       0.434783
2.3       0.434783
2.3       0.434783
2.3       0.434783
2.3       0.434783
2.3       0.434783
2.3       0.434783
2.3       0.434783
2.3       0.434783
2.3       0.434783
2.3       0.434783
2.3       0.434783
2.3       0.434783
2.3       0.434783
2.3       0.434783
2.3       0.434783
2.3       0.434783
2.3       0.434783
2.3       0.434783
2.3       0.434783
2.3       0.434783
2.3       0.434783
2.3       0.434783
2.3       0.434783
2.3       0.434783
2.3       0.434783
2.3       0.434783
2.3       0.434783
2.3       0.434783
2.3       0.434783
2.3       0.434783
2.3       0.434783
2.3       0.434783
2.3       0.434783
2.3       0.434783
2.3       0.434783
2.3       0.434783
2.3       0.434783
2.3       0.434783
2.3       0.434783
2.3       0.434783
2.3       0.434783
2.3       0.434783
2.3       0.434783
2.3       0.434783
2.3       0.434783
2.3       0.434783
2.3       0.434783
2.3       0.434783
2.3       0.434783
2.3       0.434783
2.3       0.434783
2.3       0.434783
2.3       0.434783
