0.998813       0.00267512
0.987148       0.0088032
0.967512       0.0196606
0.948309       0.0295101
0.929619       0.038629
0.911683       0.048522
0.893932       0.0577821
0.876888       0.0667356
0.860372       0.0759531
0.842191       0.0845209
0.827627       0.0929086
0.813469       0.10118
0.797288       0.110228
0.784934       0.117288
0.769763       0.126185
0.753225       0.134562
0.739357       0.143173
0.727362       0.150836
0.715175       0.159267
0.700138       0.166751
0.687435       0.174208
0.675082       0.182495
0.662039       0.188154
0.649529       0.197542
0.640309       0.202234
0.624972       0.210834
0.61594       0.219222
0.604595       0.225713
0.592226       0.233663
0.582517       0.239457
0.568647       0.248118
0.560622       0.254711
0.548504       0.261811
0.537691       0.268981
0.527739       0.277682
0.517514       0.283358
0.50678       0.289652
0.496584       0.297897
0.487353       0.305423
0.479646       0.31199
0.468491       0.318535
0.459196       0.325307
0.45049       0.33212
0.438848       0.339919
0.431509       0.345189
0.424249       0.35347
0.414912       0.357533
0.40388       0.366441
0.397058       0.373675
0.386947       0.379998
0.379924       0.386046
0.370627       0.395486
0.361928       0.399632
0.354318       0.406285
0.345989       0.413562
0.337246       0.423684
0.329187       0.428633
0.321329       0.435492
0.314054       0.443557
0.305858       0.449772
0.297276       0.456564
0.287822       0.465808
0.280295       0.472802
0.273582       0.480051
0.265263       0.486595
0.258431       0.496058
0.250388       0.501413
0.242109       0.510284
0.234445       0.518778
0.227913       0.524721
0.219283       0.533372
0.21303       0.540716
0.205439       0.549354
0.197848       0.557353
0.190329       0.56683
0.183681       0.574014
0.175101       0.583152
0.168003       0.591822
0.160882       0.601238
0.154016       0.611412
0.146164       0.622013
0.140315       0.630298
0.131336       0.641275
0.123934       0.651406
0.118125       0.661477
0.110454       0.671375
0.102844       0.682079
0.0954849       0.695494
0.0880708       0.707825
0.0810251       0.71984
0.0733805       0.734825
0.0656927       0.751188
0.058335       0.766508
0.0504993       0.781294
0.0411508       0.80482
0.0343161       0.818018
0.0264361       0.843951
0.017356       0.877038
0.00849793       0.914904
6.69265e-006       1.00349
