1       3.85955e-013
1       3.85955e-013
1       3.85955e-013
0.99026       0.040935
0.985264       0.0524102
0.981575       0.0624256
0.973677       0.0739781
0.967393       0.0845831
0.957368       0.0951707
0.948725       0.104396
0.935918       0.114184
0.916678       0.12667
0.898722       0.134974
0.876387       0.143367
0.849476       0.151036
0.816436       0.157955
0.78125       0.161984
0.735551       0.164424
0.69854       0.165966
0.656578       0.166805
0.622948       0.16785
0.591623       0.169367
0.566385       0.17083
0.542032       0.173121
0.519       0.176103
0.501079       0.179242
0.48571       0.182635
0.47181       0.186249
0.460134       0.190161
0.447834       0.194951
0.437639       0.199463
0.429117       0.204916
0.419163       0.210451
0.412501       0.21556
0.405153       0.221355
0.397906       0.226938
0.391573       0.23353
0.385768       0.240735
0.380169       0.247028
0.375136       0.254989
0.37118       0.261922
0.366816       0.269685
0.363221       0.277825
0.359433       0.287175
0.355766       0.2969
0.353147       0.306273
0.350503       0.315967
0.348067       0.327525
0.345925       0.337879
0.344249       0.348875
0.34231       0.361416
0.340711       0.375459
0.339171       0.387204
0.338142       0.400965
0.33663       0.420908
0.336148       0.435604
0.335097       0.454565
0.334512       0.471358
0.334144       0.489023
0.333646       0.510172
0.332962       0.533897
0.332404       0.555537
0.331722       0.578015
0.330722       0.60473
0.329505       0.629986
0.328441       0.648413
0.325899       0.679111
0.32282       0.708184
0.319536       0.732562
0.315593       0.756294
0.309891       0.783973
0.302833       0.810845
0.29636       0.831048
0.287953       0.852806
0.27833       0.874119
0.26826       0.89103
0.258623       0.905337
0.247387       0.919451
0.23444       0.932964
0.223855       0.943019
0.211343       0.95175
0.198479       0.960557
0.183562       0.967769
0.172281       0.972815
0.160194       0.977419
0.147359       0.981654
0.135984       0.985002
0.123124       0.987718
0.111094       0.990003
0.0987783       0.992043
0.0872398       0.993593
0.0751729       0.994983
0.0640947       0.996062
0.050471       0.997244
0.0417841       0.997746
0.0311209       0.9984
0.020493       0.998983
0.0101834       0.999505
2.38733e-009       1
