0.640571       0.64057       5.79e-005
0.539895       0.539357       0.0150337
0.507366       0.449388       0.0831712
0.514684       0.358353       0.105
0.516874       0.345989       0.14531
0.508664       0.338828       0.178356
0.514556       0.265522       0.257017
0.529728       0.220655       0.268952
0.515094       0.18674       0.277014
0.522637       0.171404       0.386058
0.516523       0.0459305       0.433771
0.536681       0.0754537       0.447724
0.544968       0.0260669       0.466033
0.513546       9.49749e-006       0.513225
0.585061       0.585049       0.000409128
0.515324       0.51336       0.0318119
0.504536       0.385075       0.0866372
0.510555       0.349602       0.112856
0.513369       0.342467       0.164027
0.510268       0.32457       0.236654
0.505895       0.25476       0.252894
0.523064       0.19632       0.275043
0.512755       0.173408       0.306498
0.532204       0.0616025       0.444884
0.530232       0.0392791       0.447258
0.509944       8.43143e-005       0.50712
0.566926       0.566509       0.0124802
0.509644       0.298863       0.250515
0.508363       0.2033       0.26064
0.514445       0.154975       0.410899
0.512591       0.000214611       0.505678
0.554456       0.554372       0.00281168
0.515445       0.51348       0.0318194
0.50874       0.370118       0.0924236
0.516357       0.349103       0.125645
0.513244       0.339867       0.205185
0.511931       0.163092       0.395155
0.519856       0.0545092       0.435201
0.521582       0.0386383       0.439961
0.539511       0.538973       0.015023
0.52193       0.509547       0.0635376
0.512718       0.356984       0.104598
0.512662       0.342923       0.146793
0.510683       0.200671       0.263284
0.513917       0.173589       0.308569
0.510987       0.0692553       0.426417
0.509849       1.48371e-007       0.509844
0.515187       0.514288       0.0209274
0.512848       0.495683       0.06845
0.516878       0.359881       0.105447
0.511724       0.339712       0.197743
0.50449       0.236224       0.252848
0.502975       0.1794       0.274369
0.52582       0.138697       0.432063
0.530789       0.0241102       0.45474
0.510934       0.000738321       0.492505
0.509675       0.476849       0.0780469
0.513645       0.345479       0.132641
0.509565       0.158135       0.401194
0.544702       0.0632545       0.455312
0.507545       0.000265245       0.49919
0.516339       0.514745       0.0287622
0.512643       0.424396       0.0855243
0.512135       0.255209       0.256093
0.510671       0.172444       0.306947
0.505241       0.00229596       0.471431
0.5168       0.515832       0.0219038
0.509567       0.371647       0.0921816
0.507274       0.335414       0.205863
0.506111       0.0686781       0.422343
0.518079       0.36805       0.0990664
0.505667       0.117249       0.41922
0.508546       0.00869944       0.452424
0.514425       0.343991       0.148659
0.507331       0.171316       0.30494
0.511054       0.504288       0.0518731
0.504888       0.203422       0.258319
0.504613       0.466658       0.079137
0.501825       0.398881       0.0844395
