2.10126       2.10126       4.76139e-012
1.03041       1.03042       0.00257123
1.03711       0.89184       0.155145
1.00837       0.842806       0.217584
1.0094       0.797382       0.334513
1.0094       0.752812       0.445616
1.0061       0.711982       0.57643
1.00814       0.677614       0.719777
1.01717       0.17342       0.860108
1.01709       0.175389       0.863193
1.0172       0.177402       0.866638
1.02423       0.156148       0.876895
1.04117       0.0846747       1.12031
0.292603       2.23879e-005       3.20379
1.04151       1.04263       0.0349722
1.04599       0.84156       0.255577
1.01734       0.77139       0.356407
1.01621       0.725717       0.510379
1.01002       0.700825       0.620764
1.0126       0.1782       0.858839
1.01808       0.162937       0.867593
0.00113579       3.02165e-012       4.22883
0.950105       1.04196       0.131277
0.938995       1.08236       0.178442
1.00748       0.844466       0.214025
1.02306       0.803412       0.291259
1.00368       0.765151       0.387893
1.00251       0.184976       0.966676
0.725916       0.0810593       1.61696
0.874449       1.04451       0.2397
0.818472       1.03115       0.262344
0.800429       1.02204       0.285081
0.9402       0.926175       0.258346
1.00567       0.737611       0.483678
1.01       0.17776       0.865698
0.806739       0.235309       1.24685
0.173947       0.136993       1.76669
2.49404e-005       0.000176739       4.19759
0.793279       1.0308       0.333779
0.78871       1.03809       0.365018
0.753363       1.02422       0.436805
0.773217       1.03623       0.403063
0.872913       0.744984       0.653387
0.864214       0.196604       1.05016
0.696709       0.190003       1.45772
0.747652       1.04317       0.530454
0.738081       1.05423       0.585956
0.692692       1.02002       0.654079
0.737095       0.925476       0.827672
0.657655       0.764601       1.20742
0.276342       0.200905       1.94959
0.000243346       0.000428767       4.26759
0.658836       1.02702       0.807749
0.196844       1.05032       0.912201
0.1784       0.849705       1.09014
0.213514       0.676548       1.74086
0.000117619       4.77753e-005       4.18951
0.679518       1.02028       0.704096
0.173542       1.06583       0.905095
0.167803       1.06999       0.905564
0.169082       0.958785       1.00029
0.184382       0.749414       1.36571
0.15638       0.264447       1.94373
3.70178e-007       6.53198e-012       4.21751
0.18562       1.05654       0.900229
0.178525       1.04819       0.899039
0.178761       0.789602       1.18484
0.150215       0.194333       1.93303
4.19657e-005       4.79917e-005       4.20982
0.178184       1.05582       0.895524
0.178046       1.04547       0.891859
0.149106       0.805286       1.21988
5.43601e-006       0.000701733       4.22512
0.156757       1.04337       0.931497
0.115357       1.04197       1.00899
0.114031       0.845118       1.40476
0.000165819       1.0551       2.19438
