0.999934       0.0253724
0.989227       0.0248729
0.99997       0.0254527
0.977933       0.0399409
0.976555       0.041635
0.950417       0.0585059
0.943908       0.069329
0.928415       0.0923152
0.922132       0.100552
0.906231       0.114057
0.896416       0.120605
0.885457       0.130369
0.87991       0.143392
0.86628       0.149673
0.863506       0.160574
0.846777       0.174815
0.83727       0.184884
0.828439       0.194263
0.823349       0.199367
0.806713       0.212248
0.788921       0.22349
0.788614       0.238494
0.772863       0.249197
0.761945       0.257501
0.749403       0.264013
0.735227       0.27835
0.722411       0.292934
0.709781       0.313591
0.706979       0.307184
0.68899       0.330811
0.679504       0.331468
0.664187       0.351406
0.660402       0.355094
0.643228       0.368609
0.633879       0.379525
0.611001       0.396444
0.598601       0.409086
0.59413       0.42018
0.587378       0.432981
0.57606       0.444608
0.5616       0.452918
0.556225       0.463667
0.539265       0.47082
0.536801       0.482637
0.517285       0.495038
0.510055       0.502634
0.50032       0.515905
0.48712       0.524388
0.48712       0.525032
0.474271       0.547901
0.461214       0.556314
0.454412       0.562286
0.44787       0.572149
0.424942       0.591095
0.422368       0.594604
0.414321       0.600476
0.402815       0.61867
0.392011       0.630646
0.376929       0.641575
0.364832       0.659372
0.358475       0.664125
0.349965       0.672266
0.339909       0.67564
0.325464       0.694547
0.315069       0.704139
0.307706       0.706916
0.294745       0.720908
0.288139       0.732166
0.275503       0.73714
0.262579       0.759463
0.253444       0.761683
0.246815       0.767359
0.233727       0.783872
0.222965       0.790888
0.209129       0.805679
0.205261       0.806745
0.190244       0.818747
0.184264       0.832528
0.17227       0.838488
0.163465       0.845807
0.15067       0.860109
0.141063       0.876339
0.131817       0.881157
0.120226       0.888093
0.109039       0.898559
0.101157       0.911752
0.092544       0.915856
0.0820658       0.943493
0.0641646       0.946889
0.0616023       0.950818
0.0483403       0.964485
0.0407801       0.979671
0.0260456       0.989786
0.0180498       0.994926
0.000750802       1.00846
5.30783e-005       1.01613
