2.99483       0.243035
2.99656       0.243176
2.99656       0.243175
3.00356       0.243745
2.99855       0.243336
2.8659       0.250237
2.62117       0.261797
2.38563       0.273591
2.27108       0.283954
2.09956       0.293905
2.00319       0.299418
1.84844       0.31385
1.76355       0.31993
1.68139       0.325664
1.59235       0.333865
1.54234       0.341272
1.49573       0.347619
1.43078       0.360734
1.36041       0.368389
1.29984       0.377858
1.26558       0.386184
1.22801       0.397628
1.20594       0.403042
1.16034       0.416278
1.12846       0.426439
1.10007       0.436979
1.07971       0.441712
1.04382       0.453673
1.0313       0.462372
0.99304       0.483937
0.978384       0.492544
0.972231       0.51103
0.947089       0.518444
0.927897       0.5271
0.917544       0.546007
0.88506       0.561054
0.882267       0.594688
0.853751       0.603614
0.82843       0.608799
0.825087       0.635156
0.785048       0.637494
0.776171       0.641366
0.755516       0.659235
0.746185       0.675739
0.72777       0.689795
0.703187       0.715937
0.687348       0.730794
0.675548       0.749263
0.660054       0.763134
0.65706       0.784428
0.636236       0.800681
0.618823       0.80889
0.613994       0.83263
0.596355       0.842329
0.587235       0.869215
0.565204       0.874119
0.550662       0.892624
0.53921       0.919151
0.525809       0.925637
0.5133       0.945349
0.505536       0.962917
0.490508       0.983703
0.480413       1.00214
0.462232       1.02154
0.44622       1.04392
0.436105       1.06661
0.430937       1.09434
0.418842       1.10105
0.406058       1.14587
0.395648       1.17019
0.373565       1.18495
0.36152       1.21897
0.343787       1.2393
0.331243       1.25949
0.323178       1.29593
0.311062       1.31855
0.300753       1.33714
0.282868       1.35824
0.27526       1.38902
0.256816       1.45043
0.241489       1.45938
0.232327       1.50356
0.21785       1.58842
0.198462       1.62965
0.185931       1.65279
0.16816       1.7414
0.155682       1.76227
0.13613       1.84205
0.11503       1.93131
0.106488       2.03228
0.0866168       2.07673
0.0690661       2.21648
0.0464968       2.39756
0.0249369       2.69053
0.000285058       3.51555
