10.5318       0.000177729
9.61977       0.0610821
9.1122       0.0968492
8.6941       0.208471
8.73636       0.122663
8.39249       0.389517
6.8408       0.430515
7.43857       0.54941
5.67327       0.637004
5.36172       0.630586
4.91932       0.680221
3.64461       0.674039
3.89814       0.693209
1.37959       0.728
1.712       0.680287
2.09539       0.725603
1.48669       0.738141
2.17225       0.752219
1.31914       0.73432
1.79383       0.713467
1.30616       0.728951
1.3897       0.742266
1.2763       0.754697
1.26945       0.75028
1.34677       0.746599
1.30073       0.769143
1.2269       0.766766
1.26747       0.77001
1.20787       0.773071
1.13973       0.814043
1.17454       0.796606
1.08207       0.869533
0.997789       0.880619
1.00583       0.960678
0.950809       0.949111
0.985253       0.927167
0.958958       0.955993
0.852148       1.08638
0.846421       1.07908
0.856215       1.16949
0.843802       1.07574
0.818833       1.09095
0.791066       1.18887
0.792984       1.15179
0.769513       1.36659
0.764229       1.19768
0.760428       1.28586
0.755868       1.44216
0.749857       1.46821
0.730304       1.52609
0.739936       1.53511
0.754872       1.67797
0.740191       1.68939
0.732223       1.78598
0.695466       1.80865
0.724181       1.69096
0.705852       1.91408
0.690637       2.3391
0.643095       2.65759
0.687223       2.60903
0.664484       2.79134
0.603074       4.12674
0.616159       4.02432
0.566675       4.69557
0.511939       5.56015
0.472501       5.81413
0.400833       5.99848
0.348654       6.24387
0.227864       6.69245
0.189849       7.26274
0.0671738       7.23397
0.0347447       7.60044
0.000281493       9.57366
