1.42057       0.334506       0.0810637
1.42053       0.334498       0.0810618
1.42192       0.331642       0.0933002
1.42433       0.320357       0.12832
1.43454       0.299605       0.176196
1.45297       0.267881       0.22841
1.43987       0.22865       0.266326
1.45877       0.19079       0.305223
1.437       0.127648       0.327644
1.43082       0.0985752       0.335956
1.43116       0.0816528       0.337004
1.4276       0.0814521       0.336167
1.3942       0.474873       0.115069
1.36842       0.505324       0.122459
1.35619       0.540914       0.131058
1.39429       0.442563       0.107229
1.41123       0.338754       0.104736
1.42384       0.288492       0.204264
1.42728       0.243304       0.245746
1.46469       0.200072       0.293106
1.42568       0.164584       0.3097
1.38854       0.109577       0.452256
1.36041       0.13421       0.553924
1.38399       0.125801       0.51893
1.16044       0.870788       0.211004
1.11601       0.93575       0.226723
1.06844       0.971282       0.235332
1.20095       0.775516       0.293695
1.30724       0.650926       0.157733
1.30406       0.509428       0.438714
1.30342       0.40828       0.529346
1.30703       0.306423       0.600128
1.21771       0.196365       0.810275
1.06584       0.237323       0.979461
1.12547       0.225012       0.928487
1.17706       0.212614       0.87735
0.898444       1.11412       0.269963
0.838985       1.15604       0.280098
0.784959       1.19556       0.289672
1.0122       0.998291       0.343808
1.12157       0.776093       0.543517
1.1591       0.653106       0.66062
1.09926       0.56532       0.825325
0.994838       0.42312       1.01087
0.782735       0.290483       1.19888
0.849053       0.281604       1.16203
0.897661       0.273018       1.12676
0.669199       1.25649       0.304437
0.612371       1.2846       0.311273
0.607735       1.27415       0.360008
0.830114       1.11341       0.483257
0.914231       0.895366       0.706116
0.930762       0.653331       0.911274
0.782827       0.523233       1.12254
0.635751       0.309321       1.27651
0.622609       0.311085       1.28339
0.684187       0.303864       1.25407
0.4993       1.32941       0.322121
0.442193       1.34753       0.326613
0.501298       1.29664       0.434836
0.643152       1.12046       0.678395
0.698442       0.93316       0.895349
0.667312       0.665388       1.13262
0.503015       0.395173       1.31568
0.456814       0.32781       1.34339
0.5171       0.322869       1.32493
0.38421       1.36308       0.330277
0.342381       1.37333       0.332917
0.413208       1.30564       0.500442
0.521859       1.07938       0.833834
0.495749       0.809672       1.10574
0.431053       0.45677       1.31216
0.342381       0.341378       1.37125
0.373011       0.331969       1.36583
0.342473       1.2653       0.63004
0.419571       0.985456       0.985571
0.362294       0.616954       1.2663
0.342381       0.410924       1.35204
0.342381       0.388297       1.35871
0.342381       1.21842       0.715761
0.342381       0.845064       1.13258
0.342381       0.589881       1.2841
0.342381       0.546932       1.30297
0.342381       1.01514       0.983034
0.342381       0.673689       1.24218
