0.999088       0.0396073
0.993804       0.0452994
0.993109       0.0359937
0.984662       0.0485049
0.98036       0.0576446
0.96701       0.0716719
0.955184       0.084348
0.948075       0.0951949
0.939613       0.0967024
0.932646       0.109977
0.925678       0.118344
0.923129       0.129162
0.921932       0.151696
0.918449       0.158197
0.894595       0.169903
0.877405       0.179276
0.863736       0.194453
0.862153       0.205135
0.846019       0.216383
0.832878       0.22536
0.832878       0.22665
0.82432       0.242762
0.808492       0.258835
0.800609       0.26215
0.799873       0.27393
0.786519       0.293404
0.774326       0.30631
0.767248       0.31896
0.755886       0.328506
0.740338       0.335183
0.734971       0.347781
0.723741       0.364497
0.710231       0.3723
0.703779       0.384261
0.697986       0.389881
0.689622       0.399217
0.676735       0.416283
0.668573       0.430961
0.665126       0.44001
0.648002       0.454638
0.636786       0.471273
0.625877       0.481964
0.616914       0.495177
0.602762       0.506126
0.595234       0.518496
0.590242       0.537623
0.578506       0.543163
0.570087       0.558768
0.550984       0.570697
0.542313       0.575329
0.530375       0.586208
0.522484       0.601813
0.506667       0.608245
0.498608       0.62618
0.492984       0.631457
0.474981       0.645157
0.469233       0.652816
0.45733       0.673322
0.444113       0.679986
0.428361       0.686252
0.425417       0.698535
0.407572       0.717572
0.4002       0.72943
0.381408       0.736953
0.369068       0.750234
0.360972       0.763747
0.351312       0.765071
0.337084       0.782034
0.320253       0.789822
0.314827       0.807073
0.29135       0.827204
0.293762       0.818544
0.269021       0.835666
0.248847       0.853895
0.240433       0.861033
0.229677       0.872106
0.221779       0.889402
0.211736       0.891674
0.193383       0.894618
0.182987       0.901809
0.161886       0.915808
0.152932       0.924877
0.135727       0.936973
0.129277       0.946901
0.109568       0.963487
0.0986032       0.96372
0.0895433       0.971975
0.0807351       0.978713
0.0727338       0.985963
0.0378823       0.997341
0.0402597       1.00491
0.0307703       1.00266
0.0143697       1.00626
0.00857968       1.02169
7.4351e-005       1.15993
