3.00834       0.244611
3.02156       0.245191
3.02034       0.244945
3.03698       0.246713
3.01832       0.246394
2.84885       0.253921
2.62323       0.262952
2.45728       0.270991
2.23543       0.285194
2.12536       0.290803
1.97022       0.300664
1.86356       0.31393
1.79564       0.324571
1.60512       0.334439
1.56631       0.338856
1.51476       0.356079
1.43144       0.370373
1.35392       0.372752
1.33007       0.383148
1.21719       0.393847
1.26083       0.395482
1.18451       0.408627
1.11814       0.434405
1.10426       0.450995
1.08153       0.465558
1.04536       0.481844
1.02092       0.486453
1.00993       0.509188
0.976641       0.518117
0.957885       0.533123
0.950561       0.535899
0.929123       0.550966
0.907595       0.567376
0.883753       0.582578
0.849595       0.605273
0.84369       0.617728
0.801122       0.639762
0.793305       0.655237
0.76619       0.668393
0.746303       0.682954
0.739281       0.692698
0.722516       0.69792
0.69997       0.715692
0.687513       0.735091
0.674802       0.752626
0.670226       0.76021
0.661948       0.778999
0.636615       0.795414
0.622115       0.802845
0.612908       0.81242
0.594899       0.835382
0.584806       0.865205
0.571602       0.8667
0.545676       0.900674
0.526159       0.924089
0.510646       0.949292
0.506894       0.969453
0.493925       0.988041
0.47525       1.00333
0.453418       1.03767
0.442703       1.05059
0.423765       1.07608
0.411668       1.10781
0.396944       1.11959
0.386068       1.14157
0.371257       1.16741
0.361561       1.19546
0.343754       1.21439
0.332732       1.24819
0.324584       1.26715
0.304442       1.30836
0.289667       1.33425
0.284322       1.35353
0.271435       1.38699
0.252075       1.44218
0.242824       1.47459
0.227958       1.51219
0.212717       1.55955
0.201407       1.60305
0.18354       1.65553
0.166009       1.72625
0.153135       1.75532
0.13693       1.83589
0.121552       1.89203
0.103186       2.00407
0.0803818       2.1087
0.0594612       2.26049
0.0483175       2.35471
0.0231017       2.60712
9.99331e-005       3.26652
