41.6132       0.00434973
3.77548       0.0403802
9.28581       0.0548781
3.70359       0.105955
4.56859       0.0591686
3.08789       0.062694
1.35858       0.147177
3.30396       0.269249
3.00126       0.307237
3.3442       0.333225
2.63394       0.24795
2.07039       0.202523
2.49385       0.514232
2.51802       0.413652
2.56927       0.534504
2.40417       0.56162
2.5306       0.401367
2.37903       0.53672
2.52833       0.754777
2.345       0.493568
1.56919       0.761194
1.21152       0.792685
1.3061       1.15712
1.74522       1.03076
1.29174       1.15962
1.18316       0.774131
0.680024       0.750893
0.918683       0.776128
0.775941       0.683397
0.787532       0.888393
0.826084       0.754881
1.04379       1.03778
0.752216       0.825243
0.910583       0.998985
1.07423       0.868973
0.974958       0.972572
0.890314       0.976748
0.939361       1.19714
0.777773       0.83684
0.908689       1.68899
0.904481       1.58104
0.949173       1.4227
0.944156       2.02084
0.602535       2.12205
0.915835       2.12256
0.866117       2.11272
0.652602       1.84291
0.402898       2.14537
0.489084       2.13587
0.666807       2.36647
0.23422       2.59671
0.187443       2.88341
0.0118784       2.37589
0.198615       3.3503
0.0832527       3.00755
0.161679       3.093
0.0364221       3.28659
0.285982       3.66125
0.0562946       2.96719
0.0639025       3.36819
0.00890534       4.48397
0.00190573       4.66914
0.00150196       12.9293
