1.27091       0.817037
1.25238       0.827121
1.23588       0.838776
1.22386       0.851323
1.20738       0.867399
1.18596       0.878671
1.17126       0.89102
1.15797       0.90177
1.14109       0.911177
1.12209       0.927432
1.11073       0.939181
1.09128       0.951708
1.07565       0.965418
1.061       0.976221
1.05127       0.987505
1.04048       0.995833
1.02145       1.01342
1.01174       1.02028
0.993401       1.03483
0.977594       1.04931
0.960075       1.06247
0.955761       1.07011
0.936112       1.08718
0.930036       1.09349
0.917385       1.10519
0.90147       1.121
0.888862       1.13327
0.875395       1.14481
0.862635       1.15644
0.854962       1.16702
0.843229       1.17999
0.828564       1.19382
0.815115       1.20676
0.80522       1.21877
0.792209       1.23209
0.781065       1.24156
0.770003       1.25842
0.753159       1.26845
0.744897       1.28135
0.732875       1.29404
0.72516       1.30178
0.711132       1.32065
0.697947       1.33184
0.685606       1.34297
0.67489       1.35717
0.662716       1.37245
0.650493       1.38293
0.639424       1.39587
0.621473       1.41321
0.620893       1.42502
0.611742       1.44018
0.594557       1.44913
0.584442       1.46286
0.574868       1.48312
0.562377       1.49502
0.551079       1.50895
0.542101       1.52135
0.528894       1.53176
0.515562       1.54954
0.507309       1.56755
0.493301       1.57679
0.48189       1.59386
0.471811       1.6048
0.461141       1.6239
0.449188       1.63331
0.438653       1.65627
0.426069       1.67077
0.412767       1.68644
0.402856       1.70261
0.387806       1.72252
0.378603       1.73571
0.367351       1.75766
0.35614       1.76994
0.344573       1.78906
0.332769       1.80395
0.320793       1.82462
0.309637       1.84354
0.29673       1.86149
0.285161       1.87931
0.27286       1.89877
0.260929       1.9212
0.249003       1.93714
0.237223       1.95921
0.223721       1.98128
0.207301       2.01128
0.197531       2.0314
0.184223       2.05338
0.171492       2.07443
0.15871       2.10043
0.146383       2.12898
0.132898       2.15372
0.118725       2.1817
0.105454       2.21456
0.0919139       2.24209
0.0830022       2.26242
0.0832328       2.26866
0.0830277       2.26307
0.0830823       2.26458
