0.993656       0.0121391
0.976749       0.0184772
0.960308       0.0267705
0.935499       0.0375272
0.92165       0.0481822
0.893963       0.058976
0.886774       0.0643856
0.86222       0.0752126
0.861806       0.082326
0.8386       0.0929632
0.822018       0.102199
0.814446       0.109089
0.784052       0.120495
0.776576       0.126153
0.760003       0.144398
0.733245       0.151825
0.720875       0.160819
0.708797       0.169774
0.690163       0.176969
0.682522       0.179809
0.67471       0.188135
0.663266       0.199948
0.643136       0.20477
0.6318       0.212733
0.628785       0.224019
0.607944       0.228612
0.605079       0.236955
0.587166       0.244351
0.578903       0.25049
0.570708       0.260404
0.555053       0.264413
0.541725       0.272315
0.533455       0.274759
0.525169       0.283636
0.51626       0.288726
0.499513       0.301114
0.492255       0.304662
0.48096       0.314357
0.477516       0.323297
0.460348       0.328277
0.453306       0.335501
0.439494       0.343451
0.435656       0.350686
0.424572       0.355681
0.413844       0.36221
0.410605       0.371274
0.405597       0.375516
0.388278       0.383656
0.370958       0.397518
0.361471       0.405596
0.351642       0.42267
0.336972       0.426769
0.324773       0.436814
0.324019       0.448267
0.314882       0.468472
0.30081       0.470743
0.295917       0.474875
0.284091       0.490726
0.271897       0.494872
0.256109       0.516332
0.256109       0.524428
0.253299       0.529316
0.243242       0.549974
0.227925       0.551329
0.220099       0.559922
0.21627       0.57581
0.207711       0.58267
0.199741       0.595664
0.1871       0.604438
0.162324       0.647046
0.15306       0.648129
0.138836       0.657735
0.125387       0.686549
0.115347       0.700435
0.092325       0.753104
0.103257       0.730176
0.0834897       0.764352
0.0726896       0.817964
0.0707195       0.819125
0.0559033       0.838074
0.0521528       0.845724
0.0395566       0.90515
0.0125941       1.01872
0.00795946       1.0399
1.12734e-005       1.89222
