1.10117       3.45997e-009
1.0203       0.00529484
1.01452       0.0120017
1.00338       0.0257206
0.98118       0.0399756
0.984138       0.0370474
0.961934       0.0600677
0.963404       0.0578903
0.970985       0.0759875
0.967994       0.0558962
0.885922       0.127438
0.882588       0.141944
0.87019       0.152921
0.851567       0.164242
0.839728       0.193277
0.841986       0.192349
0.836481       0.191091
0.755457       0.255418
0.749694       0.267212
0.749114       0.273941
0.736767       0.290995
0.718298       0.298636
0.7088       0.308188
0.700068       0.317183
0.706472       0.318977
0.702246       0.31817
0.704593       0.309996
0.641492       0.386338
0.622183       0.391418
0.608527       0.402442
0.601312       0.410288
0.595983       0.4227
0.580892       0.429025
0.575373       0.440182
0.574364       0.44607
0.569256       0.434594
0.498729       0.513303
0.500227       0.516053
0.50385       0.510897
0.493117       0.522108
0.473519       0.537984
0.468573       0.541129
0.451121       0.554613
0.451224       0.558976
0.449429       0.577788
0.44739       0.575196
0.379241       0.647363
0.382711       0.641344
0.376068       0.644638
0.366563       0.653872
0.354177       0.657657
0.345071       0.669633
0.333336       0.705355
0.329451       0.709062
0.25469       0.771532
0.252668       0.77895
0.239471       0.782659
0.245084       0.781343
0.236983       0.787133
0.219379       0.80274
0.198752       0.818138
0.193752       0.837551
0.125681       0.910543
0.125646       0.91029
0.120683       0.903954
0.120196       0.900311
0.108503       0.913685
0.10095       0.91734
0.0879252       0.931376
0.0779374       0.935516
0.064725       0.958387
0.00093052       1.0424
0.00210695       1.03726
0.000538217       1.06515
1.49636e-006       1.57632
