0.525748       0.580283       7.10445e-008
0.835611       0.189694       0.011964
0.801392       0.162162       0.0318468
0.802999       0.133859       0.0352039
0.814887       0.124012       0.0546399
0.816433       0.12369       0.0727457
0.834941       0.0888887       0.0955798
0.795679       0.0783099       0.0970619
0.81725       0.06569       0.107528
0.804635       0.0609408       0.132681
0.787085       0.028527       0.153667
0.77527       0.00363827       0.186419
0.556498       1.03964e-005       0.647406
0.250577       0.840035       0.000307447
0.506743       0.523514       0.0171341
0.70789       0.348863       0.0275756
0.715983       0.176901       0.0452895
0.757872       0.135433       0.092446
0.757389       0.105306       0.119015
0.729575       0.0900905       0.13985
0.726684       0.0606683       0.172015
0.70297       0.0432244       0.232837
0.432535       0.0274665       0.450009
0.24307       0.0131748       0.748435
0.246666       0.848566       0.0437505
0.349269       0.631144       0.00912641
0.418971       0.474268       0.101859
0.497031       0.370038       0.12184
0.649104       0.337538       0.147105
0.682352       0.193991       0.198181
0.557921       0.220659       0.261294
0.627452       0.1717       0.313608
0.544356       0.119261       0.423665
0.425899       0.0905783       0.432935
0.322307       0.0388247       0.666743
0.241958       0.000439989       0.820792
0.245968       0.839992       0.0768218
0.339314       0.476257       0.121225
0.367637       0.392032       0.169137
0.421169       0.359861       0.150895
0.427218       0.246388       0.261037
0.406403       0.185858       0.318258
0.421177       0.180353       0.417485
0.341388       0.0939182       0.519849
0.242121       0.048004       0.709663
0.241831       8.71605e-005       0.831248
0.243242       0.827365       0.0861395
0.242522       0.800835       0.117925
0.242939       0.591066       0.163197
0.343217       0.44744       0.213186
0.37341       0.320583       0.296792
0.356298       0.24052       0.341702
0.352104       0.21681       0.425712
0.329127       0.0475931       0.655262
0.242627       0.000191462       0.830591
0.241783       0.760207       0.133515
0.241418       0.616593       0.147175
0.321005       0.532771       0.268231
0.242144       0.410999       0.417633
0.243035       0.28987       0.47487
0.244108       0.228707       0.689059
0.24204       0.00891567       0.75616
0.240973       0.559165       0.213718
0.240804       0.562125       0.19844
0.240964       0.514643       0.39728
0.2416       0.305648       0.444407
0.241715       0.279609       0.515412
0.24051       0.570164       0.179305
0.240639       0.55394       0.255885
0.240298       0.550116       0.319609
0.241272       0.374187       0.418249
0.241477       0.269725       0.630541
0.240361       0.552209       0.290527
0.240529       0.558269       0.211421
0.240528       0.534478       0.37588
0.240761       0.432828       0.414473
0.240576       0.518416       0.393102
0.240465       0.551223       0.309884
0.240421       0.553384       0.255628
0.240554       0.55738       0.215861
0.240901       0.390901       0.41625
0.240558       0.543591       0.355935
0.240746       0.548785       0.336084
0.240703       0.54689       0.344993
0.240847       0.552012       0.313706
0.240576       0.54358       0.355928
0.24048       0.548206       0.335729
