0.261738       0.261736       5.26244e-012
0.956703       0.000286757       9.09355e-005
0.978593       0.000196616       7.34793e-005
0.98639       1.36817e-007       0.000148011
0.977979       3.03289e-007       0.000246829
0.980395       3.04038e-007       0.000247439
0.957074       5.83601e-007       0.00074305
0.261792       1.36649e-075       0.261792
0.000469729       0.979028       7.64319e-005
0.225404       0.211908       0.016869
0.2761       0.14966       0.0228043
0.301703       0.0992766       0.0314925
0.342973       0.07936       0.0421058
0.313773       0.0686558       0.0489948
0.3183       0.0560944       0.056274
0.306276       0.0484486       0.0681303
0.322732       0.0400012       0.0768044
0.325994       0.0351006       0.106602
0.293254       0.0277501       0.142748
0.202116       0.0152132       0.241427
0.000273409       9.93345e-011       0.982113
0.148824       0.278344       0.0221576
0.170287       0.186262       0.0402254
0.194197       0.137125       0.0541934
0.209802       0.108645       0.0649724
0.22676       0.087091       0.0776726
0.222081       0.0746108       0.0882384
0.216943       0.0576624       0.112438
0.21607       0.0428824       0.139032
0.198888       0.0293541       0.184659
0.125532       0.0257349       0.274529
0.000147776       1.01889       4.68126e-006
0.108583       0.272399       0.0387693
0.150722       0.205445       0.0551881
0.156165       0.158761       0.0697791
0.169227       0.129817       0.0874971
0.173449       0.0950235       0.104859
0.170148       0.084928       0.123347
0.155089       0.0665644       0.155273
0.135889       0.0450481       0.217699
0.0976145       0.0359347       0.29576
0.000237319       0.988048       9.84991e-005
0.0807302       0.30965       0.0448498
0.109278       0.213007       0.0669728
0.122259       0.170591       0.0880932
0.133865       0.128598       0.1077
0.134982       0.10163       0.137496
0.125893       0.0775609       0.165795
0.11433       0.0535112       0.229576
0.0894642       0.0427857       0.299152
0.0711107       0.34008       0.0496899
0.0919893       0.215619       0.0765756
0.104807       0.175978       0.0981466
0.108263       0.132005       0.121155
0.095345       0.10346       0.176279
0.094738       0.071497       0.226665
0.0715298       0.0519844       0.334255
0.000163409       1.19817e-013       0.988996
0.00017093       0.990902       0.000150695
0.0564106       0.327735       0.0615669
0.0793124       0.230027       0.088235
0.0720678       0.175169       0.129365
0.0840049       0.123248       0.179748
0.078341       0.0865024       0.23238
0.057085       0.0604559       0.328512
0.000162758       1.15341e-011       0.985052
0.000181555       0.990815       0.00019768
0.0509167       0.327062       0.066473
0.0687122       0.237523       0.107476
0.0668737       0.163925       0.159896
0.0571556       0.109857       0.230503
0.050692       0.0699075       0.325111
1.3247e-005       0.992052       2.71676e-005
0.0346109       0.330714       0.081671
0.0425263       0.208524       0.150959
0.046688       0.136752       0.21958
0.0493451       0.0807909       0.331967
8.98366e-005       5.77598e-014       0.991819
0.0411704       0.188275       0.183646
0.0425264       0.125427       0.361022
8.98642e-005       5.77775e-014       0.992123
0.0283432       0.293032       0.125627
0.0293221       0.150822       0.273615
9.72039e-028       4.98627e-010       1.00004
7.72515e-005       0.993686       0.000162008
0.0234372       0.216816       0.204684
5.2033e-029       0.261735       0.261735
