0.803516       0.803362       3.87536e-005
1.00005       5.67475e-011       1.03858e-014
1.00005       5.67475e-011       5.38871e-015
1.00002       4.55874e-011       4.55808e-011
1.00007       5.67484e-011       1.0386e-014
1.00007       5.67484e-011       8.89464e-015
0.803315       0       0.803312
3.97174e-011       1.00032       5.67626e-011
0.803472       0.80337       0.00194816
1.00001       0.00480524       0.00480524
0.999236       0.130929       0.122436
0.997702       0.0469217       0.217187
7.65933e-010       0       1.00042
0       1       0.0038846
0.803427       0.803273       4.81265e-005
0.992601       0.287114       0.230939
0.98479       0.360995       0.265676
0.972402       0.215258       0.451747
0.00437435       0.00501548       1
2.33019e-010       0       1.0002
4.59648e-011       1.0006       8.96507e-005
0.102973       0.999983       0.102369
0.245343       0.9933       0.244792
0.894664       0.676533       0.249506
0.943252       0.332191       0.544268
4.06875e-011       1.00026       5.67589e-011
0.274434       0.990104       0.271994
0.408662       0.964183       0.398821
0.706854       0.774335       0.622893
0.650509       0.383635       0.89479
4.97113e-011       1.00029       5.67609e-011
0.083467       0.999815       0.0856811
0.325191       0.982647       0.322496
0.549092       0.902431       0.52214
0.00428939       0.80331       0.80331
0.536969       0.53       0.908589
0.159557       0.998704       0.158509
0.4582       0.94862       0.443272
0.431405       0.630245       0.894905
5.37775e-010       0       1.00018
0.129357       0.999258       0.132441
4.77788e-011       1.00043       5.67688e-011
0.120437       0.999622       0.118018
0.21881       0.995473       0.220111
2.76777e-011       1.00047       5.67709e-011
0.103016       0.999641       0.102638
7.65692e-010       0       1.00011
5.96422e-011       1.0006       5.67783e-011
0       1       0.00375795
2.81377e-010       0       1.00021
4.271e-010       0       1.00011
0       1.00016       0.000682783
0       0.803305       0.803336
