4.22025       0.243149
3.83412       0.276986
3.33562       0.306888
3.07275       0.333801
2.97095       0.34674
2.70867       0.376272
2.58274       0.4011
2.51429       0.413299
2.36611       0.43235
2.25621       0.45592
2.18335       0.465346
2.12867       0.475688
2.04818       0.503499
1.99011       0.516252
1.96077       0.525892
1.89152       0.541254
1.81107       0.556315
1.77745       0.569098
1.73641       0.581151
1.68889       0.596235
1.66817       0.606508
1.62385       0.622852
1.59305       0.63405
1.55856       0.646241
1.53386       0.661853
1.51079       0.675019
1.48796       0.677759
1.44818       0.701278
1.42088       0.715464
1.39823       0.73156
1.37845       0.735545
1.36915       0.762193
1.3298       0.768595
1.29655       0.775144
1.28047       0.787962
1.26489       0.79826
1.24915       0.811064
1.23229       0.838355
1.19198       0.846498
1.18098       0.858177
1.16934       0.870198
1.14895       0.883402
1.12562       0.895207
1.10876       0.911374
1.09067       0.925021
1.07887       0.932071
1.05367       0.950882
1.05059       0.952826
1.05035       0.95263
1.05058       0.952863
1.05046       0.952739
1.05069       0.952909
1.0505       0.952664
1.05041       0.952675
1.05041       0.952658
1.0504       0.952633
1.05042       0.952623
1.05035       0.952622
1.05041       0.952626
1.0503       0.952595
1.05033       0.952645
1.05037       0.952625
1.05042       0.952679
1.0503       0.952627
1.0504       0.952645
1.05031       0.952574
1.05026       0.952527
1.05033       0.952576
1.05027       0.952602
1.05037       0.952637
1.0504       0.952662
1.05034       0.952601
1.05037       0.952657
1.05038       0.952646
1.05041       0.952656
1.05041       0.952635
1.05042       0.952634
1.05037       0.952629
1.05043       0.952658
