1.00061       7.85981e-012
0.989712       0.00820861
0.952788       0.0195046
0.917526       0.0277023
0.860519       0.0358926
0.767011       0.0415302
0.660086       0.0430267
0.570659       0.0448783
0.533209       0.0467591
0.494479       0.0494315
0.465947       0.0534207
0.447819       0.0566556
0.435999       0.0595162
0.425567       0.0623909
0.412375       0.0676488
0.401755       0.0719175
0.396675       0.0753758
0.387033       0.080745
0.382925       0.0849475
0.377203       0.0890276
0.372939       0.093019
0.368618       0.0988379
0.365291       0.104632
0.363701       0.107038
0.360224       0.112944
0.356308       0.11935
0.353227       0.126255
0.35154       0.131756
0.350395       0.136262
0.347712       0.143802
0.345999       0.149318
0.344848       0.15408
0.34384       0.164455
0.342552       0.167822
0.341194       0.178209
0.339859       0.185996
0.339318       0.192974
0.338431       0.201349
0.337643       0.209823
0.337279       0.219202
0.336744       0.228029
0.336377       0.237621
0.335844       0.247266
0.335145       0.264191
0.334907       0.278786
0.334103       0.287849
0.33406       0.303129
0.333815       0.323568
0.333437       0.333684
0.332898       0.349979
0.332415       0.371786
0.332205       0.3894
0.331197       0.414228
0.330928       0.427642
0.329699       0.44637
0.328893       0.463709
0.327927       0.481732
0.32709       0.494257
0.32516       0.520308
0.323955       0.54333
0.321647       0.56092
0.319505       0.583485
0.31722       0.605069
0.313678       0.627792
0.310252       0.652042
0.306736       0.672583
0.303286       0.694651
0.298125       0.71554
0.291858       0.742286
0.286957       0.760737
0.279989       0.786194
0.273652       0.807355
0.263621       0.828527
0.255394       0.848516
0.246382       0.867173
0.237185       0.882149
0.227339       0.897953
0.215137       0.913038
0.205395       0.925351
0.192207       0.938552
0.181843       0.947103
0.170507       0.955392
0.156841       0.962885
0.144855       0.969111
0.134283       0.974083
0.122064       0.978974
0.109977       0.982943
0.0976895       0.986404
0.0854718       0.98917
0.0751085       0.991222
0.0636222       0.993152
0.0525199       0.994746
0.0416441       0.996065
0.0310807       0.997203
0.0204926       0.998217
0.0101468       0.999147
2.13944e-005       1
