1.01845       2.0156e-007
0.965042       0.0095786
0.944867       0.0191769
0.933049       0.0279403
0.923986       0.0384864
0.917465       0.0487534
0.912623       0.0581557
0.90926       0.0681
0.906306       0.0785337
0.903071       0.0901132
0.901975       0.0972889
0.898807       0.110862
0.895238       0.121934
0.891624       0.133706
0.88787       0.144265
0.881216       0.156589
0.873096       0.167523
0.861958       0.177756
0.843859       0.187722
0.818993       0.196059
0.793601       0.20167
0.770341       0.208056
0.754557       0.213933
0.738139       0.223572
0.729147       0.232076
0.72184       0.241658
0.715604       0.25186
0.710793       0.263805
0.706004       0.277915
0.702689       0.290001
0.700253       0.303619
0.697017       0.316955
0.694405       0.327982
0.688085       0.344544
0.682877       0.356073
0.676375       0.364882
0.663219       0.376396
0.647897       0.386585
0.631949       0.393851
0.612611       0.398111
0.593648       0.403283
0.573835       0.40715
0.559322       0.412272
0.545511       0.419396
0.534493       0.426413
0.525256       0.436758
0.517845       0.448123
0.512072       0.461186
0.506797       0.474612
0.502773       0.492562
0.499093       0.508069
0.495139       0.523385
0.490171       0.539275
0.482862       0.555813
0.473884       0.569552
0.462846       0.577875
0.449848       0.586374
0.434124       0.59182
0.420013       0.595873
0.405594       0.599748
0.392123       0.602942
0.375092       0.607733
0.363072       0.611291
0.348705       0.617496
0.339491       0.624625
0.330489       0.632262
0.322166       0.640746
0.3137       0.657168
0.307519       0.67364
0.302059       0.695331
0.296998       0.716237
0.291133       0.736534
0.283389       0.754131
0.27395       0.767634
0.261997       0.77979
0.250215       0.785759
0.238774       0.791149
0.226027       0.794469
0.210901       0.798487
0.200935       0.801896
0.188388       0.803629
0.178725       0.807521
0.168194       0.811465
0.154263       0.815321
0.145331       0.822961
0.136445       0.8295
0.126608       0.838546
0.116871       0.849562
0.108276       0.871813
0.10058       0.90174
0.0928601       0.933068
0.0833843       0.954473
0.0727441       0.970101
0.0627505       0.981325
0.0507254       0.987026
0.0360967       0.993716
0.030494       0.995147
0.0172392       0.999168
0.00957023       1.00085
1.26403e-005       1.00482
