1.25086e+000	6.29335e-004	
9.00961e-001	1.05293e-001	
1.68414e-001	2.21127e-001	
9.09834e-001	1.03846e-001	
1.05738e-003	1.39127e+000	
1.17710e-001	2.88033e-001	
2.61668e-001	1.78058e-001	
3.80250e-001	1.25738e-001	
2.46371e-001	1.79566e-001	
9.35991e-001	1.02327e-001	
2.51696e-003	1.27987e+000	
1.34482e-001	2.33761e-001	
1.77893e-001	1.93391e-001	
1.20318e+000	2.14264e-002	
1.53087e-005	1.40105e+000	
1.37285e-001	2.26869e-001	
9.11578e-001	1.04319e-001	
1.21463e+000	2.20381e-002	
4.38096e-001	1.47312e-001	
9.02771e-001	1.05505e-001	
5.91112e-003	1.30003e+000	
1.14058e-003	1.50074e+000	
1.29001e-001	3.17015e-001	
5.15443e-001	1.45451e-001	
1.25618e+000	2.08602e-003	
1.46406e-001	2.43954e-001	
1.29187e+000	3.60592e-006	
1.68597e-001	2.21368e-001	
2.55111e-001	1.92022e-001	
2.56519e-001	1.93082e-001	
2.25610e-001	2.20391e-001	
5.21450e-001	1.48884e-001	
1.29985e+000	6.53988e-004	
1.15695e-003	1.52228e+000	
9.01913e-001	1.05404e-001	
1.47138e-001	2.45175e-001	
4.63098e-001	1.55719e-001	
1.28761e-001	3.17383e-001	
2.10749e-001	2.27354e-001	
1.21772e+000	2.20943e-002	
5.39793e-001	1.53398e-001	
5.21212e-001	1.75260e-001	
1.39787e+000	3.63305e-004	
2.74948e-001	1.98774e-001	
2.23968e-001	2.43480e-001	
1.37535e+000	1.65169e-003	
2.20842e-001	2.47969e-001	
9.09877e-001	1.06335e-001	
3.73174e-004	1.54460e+000	
1.49947e-001	2.50088e-001	
1.29207e-001	3.17523e-001	
5.40267e-001	1.54256e-001	
1.53320e-001	2.53865e-001	
2.25321e-001	2.44330e-001	
1.43887e+000	4.01622e-006	
1.44251e-001	3.33045e-001	
2.80353e-001	2.11021e-001	
9.44498e-001	1.27568e-001	
1.21113e-003	1.59358e+000	
5.37846e-001	1.80070e-001	
9.47639e-001	1.05755e-001	
1.37742e-001	3.35997e-001	
2.86218e-001	2.06922e-001	
3.17390e-001	2.11656e-001	
1.46847e-003	1.93217e+000	
1.26888e-002	1.61296e+000	
2.87499e-001	2.29636e-001	
2.27351e-001	2.45078e-001	
9.40628e-003	1.79126e+000	
3.11420e-001	2.17004e-001	
5.42345e-001	1.54575e-001	
1.47006e-001	7.22253e-001	
1.10904e+000	1.12313e-001	
3.02528e-001	2.27712e-001	
2.29489e-002	1.59396e+000	
1.01805e+000	1.25061e-001	
1.50358e-001	3.47145e-001	
1.44036e+000	2.27686e-006	
3.30294e-001	2.07386e-001	
3.15881e-001	2.14949e-001	
3.04599e-001	2.20211e-001	
1.54894e-001	2.56471e-001	
2.90050e-001	2.30322e-001	
1.60108e-001	3.69654e-001	
1.47155e+000	7.40370e-004	
1.46933e+000	1.15705e-002	
2.28352e-001	2.46344e-001	
1.19032e+000	1.30132e-001	
3.33938e-001	2.13076e-001	
2.17684e-002	1.78955e+000	
9.81032e-003	1.86820e+000	
5.44298e-001	1.54679e-001	
1.46953e-003	1.93357e+000	
3.17125e-001	2.15795e-001	
1.14472e+000	1.33781e-001	
1.74744e-001	3.07742e-001	
2.01216e-001	2.60144e-001	
1.61100e+000	4.25066e-004	
1.32448e-003	1.97434e+000	
1.69103e-001	3.90421e-001	
