2.88661e-001	6.39112e-001	
3.15239e-001	5.95602e-001	
9.27235e-001	2.38651e-002	
8.51718e-001	5.78733e-002	
7.81849e-001	1.53890e-001	
9.62234e-001	1.38942e-002	
7.97967e-001	1.44248e-001	
3.24946e-001	5.86769e-001	
6.64048e-001	4.53003e-001	
2.18777e-001	8.78717e-001	
9.27806e-002	9.88051e-001	
9.80049e-001	8.46070e-003	
8.30272e-001	8.74497e-002	
2.70674e-001	6.86907e-001	
3.00085e-001	6.25634e-001	
8.72448e-002	9.89301e-001	
2.11615e-001	8.93083e-001	
6.86984e-004	1.03082e+000	
5.05798e-001	5.02916e-001	
2.49785e-001	7.78749e-001	
7.35674e-001	3.27072e-001	
8.01451e-001	1.19548e-001	
2.24701e-001	8.65631e-001	
2.40435e-001	8.16121e-001	
3.09010e-001	6.09530e-001	
4.53309e-001	5.21515e-001	
7.02678e-001	4.01866e-001	
6.82301e-001	4.37306e-001	
8.68279e-001	5.11594e-002	
9.81577e-001	6.66143e-003	
1.89997e-001	9.25362e-001	
3.78533e-001	5.44262e-001	
8.15884e-001	8.90937e-002	
9.25889e-001	2.50488e-002	
2.09761e-001	8.96830e-001	
6.94780e-001	4.27128e-001	
9.32842e-001	2.12990e-002	
3.44099e-001	5.67360e-001	
6.07096e-001	4.83366e-001	
9.64190e-001	1.21388e-002	
6.60892e-001	4.55112e-001	
2.42254e-001	8.02454e-001	
3.22236e-001	5.91835e-001	
7.73571e-001	2.43289e-001	
8.14047e-001	9.72761e-002	
7.04566e-001	3.91621e-001	
3.67879e-001	5.48354e-001	
2.34375e-001	8.38940e-001	
9.12046e-001	2.95747e-002	
1.82111e-001	9.33987e-001	
6.36738e-001	4.62379e-001	
2.56567e-001	7.34300e-001	
7.58975e-001	2.53925e-001	
7.88314e-001	1.47387e-001	
2.37796e-001	8.28592e-001	
1.00115e+000	2.40400e-003	
3.35258e-001	5.70887e-001	
5.42197e-001	4.96313e-001	
1.47381e-001	9.59901e-001	
8.93914e-001	4.23289e-002	
8.36436e-001	7.03064e-002	
4.36131e-001	5.22955e-001	
2.54414e-002	9.98500e-001	
1.00391e+000	1.26934e-003	
1.52219e-002	1.00468e+000	
9.46552e-001	1.87735e-002	
6.99386e-001	4.20050e-001	
6.66138e-001	4.42993e-001	
7.63485e-001	2.49823e-001	
8.95720e-001	3.26076e-002	
7.52002e-001	2.78309e-001	
3.68963e-001	5.47203e-001	
4.04286e-001	5.37260e-001	
9.51500e-001	1.69032e-002	
7.84727e-001	1.48892e-001	
8.50442e-001	5.93026e-002	
2.32666e-001	8.42558e-001	
7.28315e-001	3.49803e-001	
5.60626e-003	1.01572e+000	
7.53688e-001	2.66137e-001	
5.92068e-001	4.85331e-001	
2.30011e-001	8.53356e-001	
4.10921e-001	5.30973e-001	
8.69832e-001	4.58985e-002	
7.48203e-001	2.97636e-001	
4.64790e-001	5.14437e-001	
9.87375e-001	4.78521e-003	
8.60168e-001	5.48202e-002	
1.96958e-001	9.10443e-001	
1.00839e+000	1.12545e-003	
6.88184e-004	1.03262e+000	
2.70644e-001	6.86833e-001	
7.32072e-001	3.55669e-001	
1.47810e-001	9.62693e-001	
6.99125e-001	4.22639e-001	
2.55345e-002	1.00215e+000	
2.60249e-001	8.11372e-001	
8.18293e-001	8.93567e-002	
7.53137e-001	2.78728e-001	
8.69449e-001	4.70638e-002	
