1.10577e+000	4.26172e-003	
3.69282e-002	9.05986e-001	
8.99116e-001	5.34226e-002	
1.06090e+000	6.42936e-003	
6.04788e-002	2.55407e-001	
4.40490e-002	7.75598e-001	
6.63131e-002	1.59750e-001	
1.03923e-001	9.01785e-002	
1.65943e-001	6.89144e-002	
2.89119e-002	9.61459e-001	
1.14018e+000	6.14682e-004	
2.93428e-003	1.04135e+000	
1.52485e-003	1.10685e+000	
2.33042e-001	5.95162e-002	
1.93907e-001	6.16002e-002	
7.97520e-003	9.86828e-001	
1.42529e-001	7.03935e-002	
9.70070e-002	9.46080e-002	
5.80490e-002	4.62789e-001	
9.10062e-002	1.03195e-001	
7.65264e-002	1.21528e-001	
8.07225e-002	1.11443e-001	
1.83996e-001	6.64375e-002	
7.21551e-002	1.37661e-001	
2.92787e-002	9.73658e-001	
1.11328e+000	4.29067e-003	
1.03900e-001	9.01580e-002	
3.71460e-002	9.11328e-001	
1.15767e+000	6.24111e-004	
9.03272e-001	5.36695e-002	
1.43655e-001	7.09492e-002	
7.70631e-002	1.30268e-001	
1.86875e-001	6.74769e-002	
7.79126e-004	1.10839e+000	
2.93743e-003	1.04247e+000	
4.48635e-002	7.89941e-001	
5.93886e-002	4.66545e-001	
6.62958e-002	1.59709e-001	
9.27656e-002	1.05190e-001	
7.89359e-002	1.23172e-001	
8.92703e-002	1.11362e-001	
2.14261e-001	6.44053e-002	
2.37118e-001	6.05573e-002	
6.19327e-002	2.56770e-001	
8.08233e-003	1.00008e+000	
9.03013e-002	1.06828e-001	
8.40132e-002	1.18121e-001	
9.89074e-002	9.47302e-002	
2.38568e-001	5.86823e-002	
7.51160e-002	1.43310e-001	
1.69145e-001	6.86112e-002	
1.06770e+000	6.47060e-003	
1.54341e-003	1.12032e+000	
6.11775e-002	2.80338e-001	
9.16275e-001	5.44422e-002	
8.57326e-003	1.06083e+000	
7.81846e-002	1.32163e-001	
1.58742e-002	1.03198e+000	
9.83462e-002	9.53706e-002	
7.42501e-002	1.45540e-001	
1.16482e+000	6.27962e-004	
3.73153e-002	9.15482e-001	
1.11956e+000	4.31485e-003	
7.96161e-002	1.26434e-001	
8.54983e-002	1.18037e-001	
9.24581e-002	1.04841e-001	
2.46869e-001	6.30476e-002	
4.95598e-002	7.89825e-001	
1.43802e-001	7.10219e-002	
1.11827e+000	6.77706e-003	
6.98500e-002	1.66277e-001	
4.11455e-001	5.87903e-002	
8.88377e-002	1.10934e-001	
4.97766e-003	1.08725e+000	
6.61199e-002	1.72256e-001	
3.00285e-002	9.98593e-001	
1.86745e-001	6.80292e-002	
1.16521e+000	1.41938e-004	
1.56959e-003	1.13932e+000	
9.22447e-001	5.51853e-002	
4.95396e-002	7.91452e-001	
4.64563e-001	5.79781e-002	
6.18108e-002	2.88886e-001	
1.12488e+000	3.56436e-003	
3.76104e-002	9.22722e-001	
3.09976e-001	6.75404e-002	
2.35038e-001	6.93295e-002	
1.50764e-001	7.09909e-002	
3.06152e-002	1.01810e+000	
6.51753e-002	1.93241e-001	
1.35349e-002	1.07425e+000	
1.00466e-001	9.62232e-002	
1.59025e-002	1.03383e+000	
9.21351e-002	1.04475e-001	
8.10462e-002	1.28705e-001	
7.21300e-002	1.71705e-001	
6.81775e-002	1.73180e-001	
7.36782e-002	1.48931e-001	
7.81670e-002	1.32134e-001	
7.53938e-002	1.47782e-001	
