1.32817e+000	6.48924e-002	
1.03175e-003	1.35410e+000	
6.67473e-002	1.31871e+000	
1.53639e+000	9.50513e-005	
1.50082e+000	6.94133e-003	
1.35780e+000	6.16931e-002	
4.59042e-002	1.42939e+000	
3.89472e-003	1.46814e+000	
5.36687e-003	1.45171e+000	
1.54175e+000	9.53835e-005	
1.33909e-001	1.41389e+000	
3.05996e-001	1.34161e+000	
1.20227e-003	1.57790e+000	
1.76666e-001	1.34627e+000	
1.47931e+000	6.71466e-002	
1.53107e+000	4.48270e-002	
1.33069e+000	8.29333e-002	
8.38120e-002	1.44760e+000	
3.24206e-003	1.62191e+000	
4.32761e-004	1.64089e+000	
2.36928e-001	1.40010e+000	
1.36310e+000	1.05453e-001	
1.53228e+000	4.48626e-002	
1.69032e+000	1.04575e-004	
4.46111e-002	1.50000e+000	
4.27712e-003	1.61228e+000	
1.24565e-002	1.54609e+000	
1.50431e+000	7.28429e-002	
1.38641e+000	8.64063e-002	
1.67314e+000	1.62363e-002	
5.72576e-002	1.47015e+000	
1.50574e+000	6.83462e-002	
1.24787e-002	1.54884e+000	
1.53433e+000	5.91103e-002	
4.46017e-002	1.49968e+000	
1.72797e+000	1.06904e-004	
1.51245e+000	7.32370e-002	
1.40327e+000	8.74570e-002	
1.01007e-001	1.46990e+000	
4.33126e-003	1.63269e+000	
4.34025e-004	1.64568e+000	
4.35828e-003	1.64288e+000	
1.42015e+000	8.85087e-002	
1.73264e+000	3.46418e-002	
1.40930e-001	1.48662e+000	
1.53164e+000	7.37720e-002	
1.83266e+000	1.13381e-004	
1.40890e+000	2.04361e-001	
1.59052e+000	6.12749e-002	
1.29789e-002	1.61092e+000	
4.49464e-002	1.51127e+000	
2.01440e-004	1.72296e+000	
1.55828e+000	7.17688e-002	
1.45857e-001	1.47998e+000	
1.53063e+000	7.48063e-002	
1.45199e+000	9.04935e-002	
1.47964e-001	1.50137e+000	
4.39248e-003	1.65577e+000	
1.46303e-001	1.52088e+000	
1.42576e+000	1.10067e-001	
1.59572e+000	6.14753e-002	
1.73211e+000	4.52470e-002	
1.29888e-002	1.61216e+000	
1.54972e+000	7.44312e-002	
4.52906e-002	1.52285e+000	
1.32392e-003	1.73756e+000	
2.22473e-004	1.90286e+000	
1.84071e+000	1.13879e-004	
1.74069e+000	3.48029e-002	
3.91519e-001	1.48821e+000	
1.54404e+000	7.54618e-002	
1.59602e+000	6.14868e-002	
1.45541e+000	9.07066e-002	
4.99577e-002	1.52373e+000	
1.84493e+000	9.90015e-005	
1.81278e+000	3.69702e-002	
1.43017e+000	2.15121e-001	
4.41676e-003	1.66492e+000	
2.98003e-001	1.51135e+000	
1.43680e+000	1.78579e-001	
1.74035e+000	4.54624e-002	
2.23511e-004	1.91174e+000	
1.35077e-003	1.77279e+000	
3.02948e-003	1.74725e+000	
5.02980e-002	1.53411e+000	
1.60295e+000	6.17537e-002	
2.23925e-004	1.91528e+000	
1.49258e+000	9.36051e-002	
1.79696e+000	4.65460e-002	
1.40327e-003	1.84170e+000	
2.98145e-001	1.51207e+000	
1.81772e+000	3.70709e-002	
1.47496e+000	1.14020e-001	
4.41649e-003	1.66482e+000	
1.44685e+000	2.07153e-001	
1.84941e+000	9.92416e-005	
2.48107e-004	2.12211e+000	
1.85852e+000	1.14981e-004	
5.25746e-001	1.51380e+000	
1.49568e+000	2.66814e-001	
