1.30094e-001	9.13767e-002	
1.11987e-001	9.34552e-002	
5.95984e-004	1.14943e+000	
4.13359e-002	8.98591e-001	
9.73659e-001	2.49985e-002	
7.07066e-002	1.37990e-001	
3.03051e-002	9.23619e-001	
7.66201e-002	1.29783e-001	
2.01516e-001	7.20974e-002	
4.34861e-002	7.75489e-001	
7.12687e-001	5.52244e-002	
1.58354e-001	7.61302e-002	
5.71745e-001	5.83489e-002	
5.96194e-002	2.72862e-001	
5.63809e-002	4.26463e-001	
2.72957e-002	1.06766e+000	
4.99052e-002	6.86545e-001	
3.42590e-002	9.12964e-001	
1.08305e-001	9.70006e-002	
2.56698e-001	6.62117e-002	
1.12368e+000	1.34233e-004	
7.88029e-002	1.13070e-001	
4.12801e-001	6.31247e-002	
4.68251e-002	7.60020e-001	
7.67677e-001	5.25185e-002	
5.36997e-002	6.70913e-001	
2.64069e-001	6.52800e-002	
7.91431e-001	5.41435e-002	
2.98659e-002	9.25781e-001	
1.16234e+000	6.34305e-004	
7.14265e-002	1.39395e-001	
9.73709e-001	2.49998e-002	
5.44400e-002	6.96921e-001	
8.48373e-002	1.21728e-001	
2.77710e-002	1.08625e+000	
4.96834e-002	7.65061e-001	
6.64568e-002	3.02679e-001	
6.12092e-002	3.04763e-001	
4.50040e-001	6.25912e-002	
4.25019e-002	9.23937e-001	
4.39731e-002	7.84173e-001	
1.59803e-001	7.60394e-002	
5.63317e-002	6.27913e-001	
1.11756e-001	9.32629e-002	
5.96607e-004	1.15064e+000	
7.03745e-002	2.32098e-001	
8.28327e-002	1.37544e-001	
7.13935e-001	5.64567e-002	
1.17346e+000	6.40370e-004	
9.78231e-001	2.52133e-002	
2.82896e-002	1.09781e+000	
3.07721e-002	9.37853e-001	
8.84042e-002	1.26369e-001	
8.46463e-002	1.32326e-001	
6.68952e-002	3.04647e-001	
7.15610e-002	2.36011e-001	
1.25294e-001	9.23824e-002	
6.58803e-002	3.13984e-001	
7.44564e-002	1.97550e-001	
1.64196e-001	7.89390e-002	
2.84064e-001	6.60344e-002	
4.65830e-001	6.47872e-002	
5.49408e-002	7.04172e-001	
2.17134e-001	7.76851e-002	
1.12209e-001	9.36407e-002	
7.63180e-002	1.48941e-001	
4.27108e-002	9.28479e-001	
6.21020e-002	3.18781e-001	
6.34246e-004	1.22323e+000	
4.40998e-002	7.86433e-001	
6.96324e-002	2.43653e-001	
5.78329e-002	6.44647e-001	
7.19668e-001	5.57653e-002	
4.97932e-002	7.66753e-001	
8.46163e-002	1.32279e-001	
8.78061e-002	1.25514e-001	
6.21463e-002	3.38300e-001	
1.11939e-001	9.34155e-002	
7.13446e-002	2.76698e-001	
6.34014e-004	1.22278e+000	
3.14273e-002	9.64896e-001	
5.17193e-002	7.92463e-001	
9.80301e-001	2.52667e-002	
3.40141e-002	9.52519e-001	
4.41323e-002	9.16961e-001	
7.69519e-002	1.50178e-001	
6.58788e-002	3.13977e-001	
2.99105e-002	1.16071e+000	
6.40467e-002	3.30472e-001	
7.77435e-001	6.14782e-002	
4.73983e-001	6.41585e-002	
1.17741e+000	8.30444e-005	
4.83959e-002	8.75793e-001	
6.97812e-002	2.98821e-001	
1.72292e-001	8.19824e-002	
2.83459e-001	6.58937e-002	
5.55626e-002	7.11292e-001	
6.35380e-004	1.22542e+000	
1.18216e+000	8.33796e-005	
5.00966e-001	6.44590e-002	
