3.89732e-004	1.00111e+000	
9.50944e-001	2.50837e-003	
7.13905e-001	3.31459e-001	
3.31167e-001	6.67240e-001	
8.33435e-001	1.81832e-001	
1.67242e-001	8.20120e-001	
5.01210e-001	4.75915e-001	
6.27795e-001	3.35223e-001	
5.08789e-002	9.98250e-001	
8.37212e-001	1.09470e-001	
4.98891e-001	5.37949e-001	
1.63749e-001	8.89980e-001	
2.65622e-001	6.71727e-001	
3.86657e-001	6.65855e-001	
5.04096e-001	4.37738e-001	
1.69258e-001	7.84490e-001	
8.31885e-001	2.20357e-001	
7.49351e-001	3.26115e-001	
4.97332e-001	5.56374e-001	
8.11255e-002	9.94098e-001	
4.77353e-001	6.21038e-001	
8.10722e-001	2.87993e-001	
4.62049e-001	6.38525e-001	
5.91850e-001	3.39690e-001	
6.15423e-001	3.36352e-001	
8.18693e-001	2.73002e-001	
9.31969e-001	4.85838e-003	
4.92771e-001	5.82634e-001	
4.86612e-001	6.02656e-001	
1.81331e-001	7.29320e-001	
4.01494e-001	6.62245e-001	
1.87986e-001	7.17059e-001	
8.54913e-001	4.89959e-002	
8.48094e-001	6.32086e-002	
1.71021e-001	7.68107e-001	
1.76860e-001	7.41979e-001	
1.94324e-001	7.07338e-001	
8.27236e-001	2.44923e-001	
1.73710e-001	7.54816e-001	
7.80419e-001	3.15047e-001	
4.43272e-001	6.50493e-001	
5.58983e-001	3.49560e-001	
8.77543e-001	2.47719e-002	
5.07653e-001	4.19093e-001	
4.55348e-001	6.43353e-001	
7.92907e-001	3.06977e-001	
5.13298e-001	3.99082e-001	
2.35647e-001	6.79113e-001	
1.55392e-001	9.30303e-001	
8.29494e-001	2.33278e-001	
1.30024e-001	9.71145e-001	
1.36906e-001	9.63526e-001	
2.45735e-001	6.76114e-001	
5.79544e-001	3.42608e-001	
4.81742e-001	6.13216e-001	
2.23493e-001	6.83875e-001	
5.69748e-001	3.45420e-001	
8.44569e-001	7.31302e-002	
4.16039e-001	6.59654e-001	
5.30257e-001	3.70568e-001	
8.00681e-001	2.99787e-001	
1.52000e-001	9.39582e-001	
4.91688e-001	5.87083e-001	
8.68411e-001	3.21850e-002	
1.62568e-001	8.99127e-001	
5.09163e-001	4.11991e-001	
8.93220e-001	1.57966e-002	
5.48407e-001	3.55310e-001	
1.47287e-001	9.48913e-001	
9.04101e-001	1.14614e-002	
1.22455e-001	9.77152e-001	
1.42883e-001	9.55947e-001	
8.86424e-001	1.93548e-002	
2.57703e-001	6.73169e-001	
9.19139e-001	7.49136e-003	
5.39545e-001	3.62188e-001	
8.41302e-001	8.39294e-002	
7.72597e-001	3.18589e-001	
1.58986e-001	9.17191e-001	
5.26239e-001	3.76245e-001	
8.23904e-001	2.59836e-001	
2.16469e-001	6.87565e-001	
2.09701e-001	6.92431e-001	
9.07802e-002	9.91725e-001	
1.60311e-001	9.12355e-001	
8.60529e-001	4.08440e-002	
7.64352e-001	3.22032e-001	
4.24197e-001	6.57471e-001	
8.38389e-001	9.93385e-002	
1.10562e-001	9.83453e-001	
2.02403e-001	6.99203e-001	
5.20719e-001	3.83809e-001	
7.57460e-001	3.24169e-001	
9.11906e-001	9.05302e-003	
8.22811e-001	2.63002e-001	
8.39591e-001	9.18216e-002	
1.15185e-001	9.81562e-001	
1.01274e-001	9.87406e-001	
5.17400e-001	3.90158e-001	
8.63876e-001	3.71729e-002	
