3.43051e-002	9.06008e-001	
7.08116e-002	1.57611e-001	
1.52035e-001	6.84525e-002	
1.27620e-004	1.19391e+000	
2.17318e-001	6.26930e-002	
8.32782e-002	1.18670e-001	
5.87133e-002	3.58109e-001	
3.80745e-002	8.41154e-001	
7.61044e-002	1.21970e-001	
1.08571e+000	6.39369e-004	
1.18764e-001	7.46658e-002	
6.06674e-002	1.94914e-001	
1.52774e-002	1.04384e+000	
2.59254e-002	9.57246e-001	
6.76061e-002	1.87487e-001	
5.38215e-002	6.42741e-001	
5.91031e-003	1.17417e+000	
4.58765e-002	8.06459e-001	
8.51404e-001	3.39365e-002	
1.41377e-002	1.07072e+000	
9.61047e-001	3.10393e-002	
2.02816e-001	6.48831e-002	
3.08847e-001	5.64589e-002	
1.32860e-001	6.99673e-002	
1.77786e-002	1.00966e+000	
8.51228e-002	1.00587e-001	
5.08695e-002	6.70088e-001	
8.07016e-001	4.47980e-002	
5.58691e-002	6.24594e-001	
2.37141e-002	9.71139e-001	
8.61119e-002	1.01755e-001	
8.57126e-001	4.75796e-002	
5.89497e-002	3.72411e-001	
2.24053e-001	6.18540e-002	
3.41609e-001	5.54652e-002	
3.14672e-001	5.80877e-002	
9.02316e-001	3.29695e-002	
5.01935e-002	7.11436e-001	
5.50248e-002	6.49590e-001	
8.24073e-001	4.91345e-002	
5.14179e-002	6.77312e-001	
2.47468e-002	9.81106e-001	
1.08816e+000	6.40808e-004	
8.91590e-001	3.64840e-002	
7.75462e-002	1.24281e-001	
6.04324e-002	1.94159e-001	
1.55612e-002	1.06323e+000	
3.46918e-002	9.16219e-001	
7.63666e-002	1.30103e-001	
1.27698e-004	1.19464e+000	
1.51937e-001	6.84081e-002	
7.10069e-002	1.58046e-001	
8.74793e-001	4.15931e-002	
4.84447e-002	8.47064e-001	
3.89649e-002	8.60825e-001	
3.37250e-002	9.41019e-001	
9.01125e-002	1.01031e-001	
2.83652e-005	1.20189e+000	
8.99914e-001	3.77880e-002	
3.20421e-001	5.81679e-002	
7.58717e-002	1.35163e-001	
8.48295e-001	4.92402e-002	
1.59848e-001	7.19701e-002	
8.86310e-001	4.21407e-002	
3.47544e-002	9.17873e-001	
5.99817e-002	3.61481e-001	
8.59527e-002	1.03507e-001	
5.83609e-002	6.96951e-001	
8.95121e-001	3.90510e-002	
5.57751e-002	7.04693e-001	
2.27425e-001	6.31809e-002	
2.71368e-002	1.00568e+000	
5.06939e-002	7.19876e-001	
9.18646e-001	3.64758e-002	
7.81912e-002	1.25111e-001	
2.38974e-002	1.01035e+000	
5.18977e-002	7.11495e-001	
3.89583e-002	8.60679e-001	
7.24999e-002	1.58987e-001	
7.10181e-002	1.68739e-001	
4.89461e-002	8.55831e-001	
1.07703e+000	3.45541e-002	
6.17262e-002	1.98316e-001	
1.09780e+000	9.34551e-005	
1.09929e+000	8.03633e-006	
1.73143e-005	1.20369e+000	
3.20533e-001	5.81883e-002	
8.89336e-001	5.31401e-002	
5.99778e-002	3.61457e-001	
5.21666e-002	7.40789e-001	
2.66951e-002	1.01223e+000	
1.07823e+000	3.45926e-002	
3.85491e-002	8.70569e-001	
9.21407e-001	3.65855e-002	
6.17177e-002	2.10367e-001	
3.54527e-002	9.36314e-001	
5.04308e-002	7.55920e-001	
1.63727e-001	7.37164e-002	
2.27378e-001	6.31679e-002	
9.54111e-002	1.00829e-001	
