1.84704e-002	8.94834e-001	
5.26712e-001	5.02845e-001	
7.45539e-001	1.77013e-001	
7.69538e-001	1.72672e-001	
9.86967e-001	1.19399e-001	
3.74416e-001	5.33008e-001	
4.31940e-001	5.09253e-001	
9.81612e-001	1.25495e-001	
6.98362e-002	8.51345e-001	
3.78003e-001	5.29714e-001	
2.60733e-001	8.30598e-001	
9.55253e-001	1.47748e-001	
6.45334e-001	4.57316e-001	
2.95401e-003	9.56379e-001	
3.13964e-001	7.93334e-001	
7.07297e-001	1.98988e-001	
6.72459e-001	3.18167e-001	
7.33489e-001	1.81661e-001	
3.34315e-001	6.82108e-001	
6.07771e-003	9.35356e-001	
6.85089e-001	2.34022e-001	
6.21332e-002	8.55955e-001	
9.33294e-001	1.56632e-001	
1.00244e+000	6.09937e-002	
7.59625e-001	1.74478e-001	
3.91492e-002	8.68738e-001	
4.00449e-001	5.17498e-001	
1.23414e-002	9.04173e-001	
6.41755e-001	4.63465e-001	
3.48422e-001	5.69560e-001	
9.57912e-001	1.46524e-001	
2.89085e-001	8.16805e-001	
7.29401e-001	1.82720e-001	
3.42300e-001	5.93312e-001	
5.15141e-002	8.58273e-001	
4.12664e-002	8.66541e-001	
3.93408e-001	5.21728e-001	
2.31928e-001	8.36400e-001	
6.46852e-001	4.55266e-001	
2.90754e-001	8.11764e-001	
1.00711e+000	1.52244e-002	
4.29729e-003	9.46646e-001	
2.80365e-001	8.26597e-001	
3.38372e-001	6.08880e-001	
2.34840e-002	8.81760e-001	
8.07180e-001	1.68901e-001	
6.86228e-001	2.31952e-001	
3.82966e-001	5.25027e-001	
7.09931e-001	1.97289e-001	
9.28614e-002	8.43861e-001	
3.06926e-001	7.99066e-001	
9.72423e-001	1.34326e-001	
9.70181e-001	1.37004e-001	
9.44476e-001	1.52482e-001	
3.51224e-001	5.62389e-001	
3.62476e-001	5.43756e-001	
9.89263e-001	1.11736e-001	
7.60056e-003	9.20852e-001	
6.20841e-004	9.87544e-001	
9.18746e-001	1.60713e-001	
3.96823e-001	5.19047e-001	
2.56141e-002	8.78683e-001	
8.17647e-002	8.47463e-001	
6.95764e-001	2.07922e-001	
6.80869e-001	2.50125e-001	
6.22809e-001	4.81657e-001	
7.36038e-001	1.80178e-001	
2.97801e-001	8.06065e-001	
3.56152e-001	5.52998e-001	
8.75827e-001	1.66408e-001	
6.74146e-001	2.76927e-001	
6.90662e-001	2.22919e-001	
6.60232e-001	4.28752e-001	
9.52105e-001	1.49722e-001	
5.45458e-001	5.01282e-001	
6.26197e-001	4.80179e-001	
1.01689e+000	6.44535e-005	
6.92895e-001	2.16713e-001	
1.00113e+000	7.31163e-002	
1.07446e-002	9.12094e-001	
1.01822e+000	1.40931e-004	
4.61300e-005	1.01209e+000	
1.09152e-001	8.44330e-001	
5.27230e-001	5.03339e-001	
2.60671e-001	8.30398e-001	
3.34257e-001	6.81990e-001	
6.61667e-001	4.38353e-001	
6.75001e-001	2.90189e-001	
8.79367e-001	1.66503e-001	
4.31096e-001	5.08258e-001	
3.14211e-001	7.93959e-001	
1.00417e+000	7.55820e-002	
7.69268e-001	1.72611e-001	
6.23915e-001	4.88161e-001	
5.22025e-002	8.67139e-001	
3.38728e-001	6.15226e-001	
1.01023e+000	1.52714e-002	
1.23428e-002	9.04277e-001	
9.87117e-001	1.19417e-001	
9.20212e-001	1.60969e-001	
