2.04363e+000	5.53149e-005	
4.58105e-001	1.63076e+000	
7.31695e-001	7.01295e-001	
3.84905e-003	1.93079e+000	
6.50384e-001	8.79346e-001	
1.62139e+000	1.21181e-001	
1.80657e+000	2.56107e-003	
9.59617e-001	6.02174e-001	
8.29694e-001	6.86098e-001	
6.65793e-001	7.60038e-001	
1.79893e+000	2.08317e-002	
1.73718e+000	9.60898e-002	
4.87711e-001	1.57530e+000	
2.59304e-002	1.66592e+000	
1.78015e-001	1.63218e+000	
5.36469e-001	8.96203e-001	
8.40124e-001	6.74819e-001	
2.20074e-005	1.99934e+000	
2.60701e-001	1.70793e+000	
1.74176e+000	9.63431e-002	
1.94774e+000	2.76120e-003	
9.68004e-001	6.41590e-001	
6.73037e-001	9.09843e-001	
6.55705e-001	9.18095e-001	
4.71792e-001	1.67948e+000	
6.82719e-001	7.67720e-001	
7.86505e-001	7.14033e-001	
4.71322e-003	1.99752e+000	
7.61465e-001	7.30657e-001	
8.49550e-001	7.01458e-001	
2.05076e+000	2.75259e-005	
2.87353e-002	1.84613e+000	
1.94586e-001	1.78412e+000	
8.83242e-001	6.80078e-001	
1.10799e-002	1.95455e+000	
3.18237e-001	1.70411e+000	
5.67574e-001	9.48166e-001	
1.85472e+000	2.14777e-002	
6.75479e-001	7.71095e-001	
9.75365e-001	6.12056e-001	
4.52151e-002	1.79487e+000	
2.22260e-005	2.01920e+000	
5.24624e-003	2.00999e+000	
2.05396e+000	5.55944e-005	
6.83549e-001	7.69308e-001	
1.96958e+000	9.48728e-003	
1.74734e+000	1.29483e-001	
7.84389e-001	7.51800e-001	
1.00482e+000	6.15033e-001	
2.92759e-002	1.88086e+000	
2.25331e-005	2.04710e+000	
1.11309e-002	1.96356e+000	
4.33336e-001	1.78345e+000	
5.76118e-001	1.52882e+000	
4.39263e-001	1.77803e+000	
9.83745e-001	6.19143e-001	
8.84825e-001	6.81298e-001	
1.66617e-001	1.80266e+000	
6.75926e-001	9.02712e-001	
1.06407e-001	1.86925e+000	
1.89150e+000	2.19035e-002	
1.51700e-001	1.81074e+000	
6.39651e-001	1.15114e+000	
8.50437e-001	7.02190e-001	
1.88969e+000	7.38190e-002	
9.67820e-001	6.41468e-001	
6.73754e-001	9.10812e-001	
4.75655e-003	2.01588e+000	
1.11463e-002	1.96627e+000	
1.02000e+000	6.24322e-001	
1.75566e+000	1.67651e-001	
2.42725e-005	2.20511e+000	
1.04454e-003	2.08320e+000	
1.91823e+000	8.33515e-002	
9.89301e-001	6.89044e-001	
2.52059e-001	1.81246e+000	
6.81177e-001	9.23744e-001	
1.00655e+000	6.33773e-001	
1.55913e-001	1.86102e+000	
1.98949e+000	2.30383e-002	
2.00138e+000	8.75300e-003	
1.76025e+000	1.30464e-001	
1.00814e+000	6.31812e-001	
6.74828e-001	1.13175e+000	
2.06537e+000	5.59032e-005	
4.75682e-002	1.89146e+000	
5.86354e-001	1.56370e+000	
9.04093e-001	6.96134e-001	
1.71481e-001	1.85528e+000	
1.93108e+000	3.34371e-002	
6.77813e-001	1.02263e+000	
6.82929e-001	7.79600e-001	
2.42914e-005	2.20683e+000	
2.07399e+000	5.61365e-005	
1.76870e+000	1.32191e-001	
1.03360e+000	6.32649e-001	
6.83077e-001	9.26320e-001	
6.42368e-001	1.71308e+000	
4.10900e-001	1.81517e+000	
1.93925e+000	3.35787e-002	
