8.19859e-001	2.42452e-001	
9.74964e-001	1.15459e-001	
4.19504e-001	6.87722e-001	
1.30100e-003	1.00424e+000	
6.26796e-001	2.96257e-001	
1.68022e-002	9.48476e-001	
7.16053e-001	2.61769e-001	
5.04662e-001	5.06184e-001	
5.42592e-001	3.89993e-001	
9.71933e-001	1.22674e-001	
6.17220e-002	8.57257e-001	
1.18454e-001	8.08882e-001	
7.92048e-001	2.44767e-001	
9.15722e-001	1.93988e-001	
7.71371e-002	8.37704e-001	
2.63781e-001	7.52537e-001	
7.08164e-001	2.64159e-001	
9.60487e-001	1.39950e-001	
6.84470e-001	2.68116e-001	
9.02195e-002	8.23617e-001	
5.76023e-002	8.61809e-001	
5.67432e-001	3.43174e-001	
9.42707e-001	1.72363e-001	
9.56605e-001	1.49223e-001	
9.86756e-001	9.01347e-002	
6.05678e-001	3.10550e-001	
4.31316e-002	8.72977e-001	
5.29320e-001	4.26740e-001	
5.45739e-001	3.74821e-001	
6.32294e-001	2.90565e-001	
5.06651e-001	4.95893e-001	
8.91917e-001	2.09403e-001	
1.25780e-002	9.62075e-001	
4.10155e-001	7.07773e-001	
5.31407e-001	4.10287e-001	
1.00229e+000	5.97598e-003	
6.54358e-001	2.82879e-001	
4.66615e-001	6.29947e-001	
9.34497e-001	1.80219e-001	
4.39384e-001	6.67680e-001	
6.76308e-001	2.72016e-001	
5.07966e-001	4.94880e-001	
3.79485e-001	7.19159e-001	
7.72846e-001	2.48016e-001	
5.52464e-001	3.61879e-001	
8.53191e-003	9.71737e-001	
9.48685e-001	1.57442e-001	
4.97177e-001	5.38898e-001	
2.30517e-001	7.57008e-001	
6.41627e-001	2.85462e-001	
1.20957e-001	8.07480e-001	
7.46009e-003	9.77844e-001	
4.34601e-001	6.79245e-001	
3.55868e-002	8.87617e-001	
2.08876e-001	7.67611e-001	
9.86429e-002	8.10723e-001	
8.35903e-001	2.34734e-001	
9.02901e-001	1.99082e-001	
1.23131e-001	8.01241e-001	
5.20372e-001	4.58032e-001	
4.85505e-001	5.78444e-001	
6.04223e-001	3.11599e-001	
9.43801e-001	1.71043e-001	
8.61136e-001	2.31834e-001	
6.74974e-002	8.52586e-001	
9.16805e-001	1.90378e-001	
5.85625e-001	3.23062e-001	
8.24375e-001	2.37297e-001	
5.90298e-001	3.17264e-001	
1.33009e-001	7.98684e-001	
9.41512e-002	8.15625e-001	
8.67504e-001	2.26982e-001	
1.42690e-002	9.56464e-001	
9.95067e-001	5.32700e-002	
3.60719e-001	7.21058e-001	
6.60499e-001	2.79217e-001	
5.37550e-001	3.99915e-001	
3.41139e-001	7.32645e-001	
9.40446e-001	1.74663e-001	
9.90971e-001	7.07079e-002	
4.81238e-001	6.04730e-001	
5.70677e-001	3.41797e-001	
2.72621e-002	9.07738e-001	
4.75388e-001	6.20667e-001	
7.22514e-001	2.57474e-001	
1.88062e-001	7.73252e-001	
3.18544e-002	9.03222e-001	
5.10618e-001	4.81470e-001	
5.13927e-001	4.70921e-001	
9.80421e-001	1.00501e-001	
6.68809e-001	2.75401e-001	
1.35508e-001	7.86200e-001	
4.52991e-001	6.47518e-001	
7.55438e-001	2.51410e-001	
4.01878e-003	9.87951e-001	
1.01400e+000	1.92448e-004	
6.11190e-001	3.02387e-001	
2.01295e-002	9.28827e-001	
4.79748e-001	6.15730e-001	
8.64719e-001	2.32799e-001	
