1.58761e-003	9.94644e-001	
9.92924e-001	2.11542e-003	
9.17184e-001	2.40255e-002	
2.70024e-001	3.83373e-001	
9.57186e-001	1.23744e-002	
2.96139e-001	3.52652e-001	
7.28003e-001	8.47230e-002	
7.54899e-001	7.52663e-002	
3.26903e-001	3.20775e-001	
7.68057e-001	7.06646e-002	
3.62845e-001	2.87161e-001	
5.00141e-001	1.88727e-001	
5.24581e-001	1.74817e-001	
8.73348e-002	7.20761e-001	
3.83876e-001	2.69255e-001	
9.37723e-002	7.03462e-001	
5.94287e-002	8.02100e-001	
5.88162e-001	1.42265e-001	
4.06248e-001	2.51832e-001	
6.04511e-001	1.34896e-001	
6.85449e-001	1.00705e-001	
4.36268e-001	2.29638e-001	
1.79184e-001	5.16768e-001	
3.67911e-002	8.74245e-001	
1.57718e-001	5.56801e-001	
1.20316e-001	6.39424e-001	
6.76360e-002	7.77020e-001	
1.47012e-002	9.49714e-001	
1.14525e-001	6.51387e-001	
1.41378e-001	5.96086e-001	
7.09232e-001	9.15854e-002	
4.52967e-001	2.18189e-001	
3.46651e-001	3.01763e-001	
1.64692e-001	5.43440e-001	
4.18421e-001	2.42458e-001	
4.93254e-001	1.92768e-001	
3.36564e-001	3.11187e-001	
1.90104e-001	4.97750e-001	
6.35076e-001	1.21123e-001	
7.92961e-001	6.23661e-002	
4.76396e-001	2.03859e-001	
1.26434e-001	6.22984e-001	
2.26008e-001	4.41499e-001	
8.12841e-002	7.37536e-001	
9.99236e-002	6.87187e-001	
3.10050e-001	3.37765e-001	
5.12551e-002	8.27247e-001	
1.09759e-001	6.68932e-001	
2.39781e-001	4.22153e-001	
7.74635e-002	7.48437e-001	
1.48977e-001	5.75734e-001	
5.76427e-001	1.50920e-001	
9.83156e-001	5.06110e-003	
2.00653e-002	9.30740e-001	
9.04954e-001	2.76779e-002	
5.62900e-002	8.11502e-001	
9.66248e-001	9.73243e-003	
3.93614e-001	2.61460e-001	
5.43769e-001	1.64555e-001	
8.41495e-001	4.69152e-002	
3.19659e-002	8.90366e-001	
4.75253e-002	8.39159e-001	
2.46412e-001	4.13212e-001	
7.20897e-002	7.64129e-001	
2.14776e-001	4.58241e-001	
8.20964e-001	5.33766e-002	
3.57037e-001	2.92425e-001	
4.28451e-001	2.35128e-001	
2.04231e-001	4.77490e-001	
1.93277e-001	4.92348e-001	
1.71616e-001	5.31754e-001	
8.55745e-001	4.24066e-002	
8.07795e-003	9.72044e-001	
4.13666e-002	8.59074e-001	
6.65180e-001	1.08807e-001	
2.13418e-001	4.60277e-001	
1.31141e-001	6.12387e-001	
5.31068e-001	1.71377e-001	
5.82709e-003	9.86625e-001	
1.10090e-002	9.61826e-001	
6.49668e-001	1.14981e-001	
2.58489e-001	3.97355e-001	
1.04287e-001	6.77276e-001	
2.53285e-001	4.04193e-001	
1.51014e-001	5.70093e-001	
4.59943e-001	2.13580e-001	
5.64343e-001	1.54032e-001	
8.31296e-001	5.00793e-002	
2.71295e-002	9.06629e-001	
8.64490e-001	3.98143e-002	
6.16880e-001	1.29129e-001	
8.76362e-001	3.61960e-002	
1.35639e-001	6.02436e-001	
6.22786e-001	1.26529e-001	
4.69598e-001	2.07342e-001	
4.37910e-002	8.51274e-001	
8.91303e-001	3.18805e-002	
8.07677e-001	5.75478e-002	
2.01586e-001	4.78959e-001	
7.14507e-001	8.97819e-002	
