9.53000e-003	1.00131e+000	
8.90666e-001	1.11219e-003	
3.10048e-001	6.36277e-001	
3.14057e-001	4.79544e-001	
7.09691e-001	3.63704e-002	
8.39213e-001	3.07848e-002	
7.75933e-002	9.99335e-001	
3.07435e-001	7.00430e-001	
4.92363e-001	2.87977e-001	
5.42450e-001	2.83774e-001	
6.38216e-001	9.42489e-002	
6.36114e-001	1.36566e-001	
3.16702e-001	4.43578e-001	
3.05254e-001	7.34516e-001	
1.20107e-001	9.95359e-001	
4.61682e-001	2.89423e-001	
3.02293e-001	7.62393e-001	
3.20549e-001	4.14532e-001	
2.99859e-001	7.82543e-001	
6.34444e-001	1.63278e-001	
4.41427e-001	2.91329e-001	
6.84832e-001	3.95465e-002	
2.96399e-001	8.05652e-001	
1.48592e-001	9.91663e-001	
2.71664e-001	8.96010e-001	
3.23155e-001	4.00227e-001	
6.30077e-001	1.92615e-001	
6.32617e-001	1.79179e-001	
2.88770e-001	8.43485e-001	
6.42684e-001	6.97006e-002	
5.83693e-001	2.69679e-001	
1.31494e-001	9.94170e-001	
6.26567e-001	2.07751e-001	
2.92465e-001	8.26458e-001	
3.58713e-001	3.25391e-001	
2.56274e-001	9.25563e-001	
2.64807e-001	9.10683e-001	
2.78236e-001	8.79367e-001	
3.50453e-001	3.34819e-001	
3.26941e-001	3.84826e-001	
1.63523e-001	9.88420e-001	
4.00409e-001	3.00036e-001	
4.21285e-001	2.94390e-001	
2.21435e-001	9.63635e-001	
5.60557e-001	2.79587e-001	
5.95079e-001	2.61253e-001	
2.86226e-001	8.53292e-001	
2.29858e-001	9.56390e-001	
8.53078e-001	2.82584e-002	
6.23712e-001	2.18296e-001	
2.82666e-001	8.65919e-001	
4.15973e-001	2.95585e-001	
1.97627e-001	9.77249e-001	
8.86549e-001	9.16545e-003	
6.72232e-001	4.27994e-002	
2.94617e-001	8.17610e-001	
8.80224e-001	1.67234e-002	
2.10338e-001	9.70582e-001	
3.32419e-001	3.68009e-001	
3.81913e-001	3.08147e-001	
3.29411e-001	3.76593e-001	
6.19286e-001	2.27586e-001	
5.75593e-001	2.74183e-001	
2.67248e-001	9.05576e-001	
3.45603e-001	3.42325e-001	
8.61555e-001	2.59925e-002	
3.41955e-001	3.47494e-001	
2.52998e-001	9.30474e-001	
5.99721e-001	2.57034e-001	
3.35890e-001	3.59465e-001	
6.65383e-001	4.54410e-002	
1.72898e-001	9.86099e-001	
3.66050e-001	3.18796e-001	
2.13064e-001	9.68899e-001	
3.38165e-001	3.54698e-001	
2.80126e-001	8.74100e-001	
6.16725e-001	2.33146e-001	
6.47447e-001	6.08959e-002	
2.48171e-001	9.37041e-001	
2.37123e-001	9.50899e-001	
3.88709e-001	3.04698e-001	
3.74392e-001	3.12750e-001	
3.93487e-001	3.02939e-001	
6.11073e-001	2.42765e-001	
6.13903e-001	2.40062e-001	
6.06614e-001	2.49071e-001	
6.04765e-001	2.51545e-001	
2.42412e-001	9.44192e-001	
8.68661e-001	2.36640e-002	
1.78093e-001	9.84602e-001	
6.57664e-001	5.02447e-002	
5.69053e-001	2.76706e-001	
6.43743e-001	6.69905e-002	
1.84047e-001	9.82930e-001	
8.74148e-001	2.07285e-002	
1.93123e-001	9.79712e-001	
6.51521e-001	5.49004e-002	
2.45403e-001	9.40372e-001	
6.59318e-001	4.86312e-002	
1.88302e-001	9.81256e-001	
