1.38096e-001	9.67340e-001	
9.03177e-001	1.41189e-002	
6.13913e-001	3.38721e-001	
1.41556e-001	9.62915e-001	
4.62350e-001	6.46911e-001	
1.79875e-001	7.41553e-001	
8.47809e-001	7.36025e-002	
1.97267e-001	7.13342e-001	
8.96349e-001	1.71401e-002	
9.54916e-001	3.00110e-003	
2.60072e-001	6.82414e-001	
2.01663e-003	1.00433e+000	
6.04343e-001	3.42243e-001	
9.43308e-001	5.11638e-003	
8.74657e-001	2.89196e-002	
1.60654e-001	9.35975e-001	
5.45618e-001	3.62758e-001	
6.49430e-001	3.35759e-001	
4.51160e-001	6.54834e-001	
7.82541e-001	3.18688e-001	
5.85720e-001	3.44239e-001	
8.59279e-001	5.41577e-002	
7.99739e-001	3.06322e-001	
5.66665e-001	3.48197e-001	
5.25131e-001	3.83145e-001	
9.91359e-002	1.00149e+000	
2.12695e-001	6.93824e-001	
1.68093e-001	8.30920e-001	
2.23843e-001	6.88708e-001	
9.28995e-001	6.38252e-003	
2.63898e-001	6.75937e-001	
1.18479e-001	9.91391e-001	
9.60369e-004	1.01864e+000	
8.46595e-001	7.77867e-002	
1.26598e-001	9.87078e-001	
7.91373e-001	3.13892e-001	
8.27237e-001	2.60966e-001	
1.78374e-001	7.45385e-001	
8.29878e-001	2.59057e-001	
7.69518e-001	3.22687e-001	
8.13052e-001	2.94558e-001	
5.28781e-001	3.75529e-001	
2.00290e-001	7.04301e-001	
9.63412e-001	1.76527e-003	
1.76567e-001	7.51300e-001	
5.34544e-001	3.69493e-001	
4.64064e-001	6.43371e-001	
1.33687e-001	9.72634e-001	
8.83843e-001	2.43143e-002	
8.08953e-001	2.98857e-001	
1.36144e-001	9.69105e-001	
8.04604e-001	3.03634e-001	
1.69692e-001	7.89340e-001	
7.38765e-001	3.30429e-001	
5.09622e-001	4.24551e-001	
7.11037e-001	3.33319e-001	
8.51871e-001	6.57666e-002	
1.81437e-001	7.37739e-001	
8.99151e-001	1.57907e-002	
3.58617e-001	6.67907e-001	
1.63784e-001	8.96297e-001	
1.73191e-001	7.67131e-001	
4.73560e-001	6.33432e-001	
5.43590e-001	3.64328e-001	
9.23768e-001	8.74715e-003	
5.48518e-001	3.61592e-001	
8.56722e-001	5.78143e-002	
5.32780e-001	3.73538e-001	
7.54783e-001	3.27635e-001	
1.54491e-001	9.41154e-001	
5.18701e-001	4.01677e-001	
5.04461e-001	5.12930e-001	
9.07535e-001	1.29057e-002	
9.13344e-001	9.92193e-003	
2.33173e-001	6.84623e-001	
8.21938e-001	2.82218e-001	
2.91860e-001	6.71506e-001	
1.88887e-001	7.17463e-001	
5.17544e-001	4.07187e-001	
2.09639e-001	6.99337e-001	
1.65793e-001	8.77451e-001	
8.61840e-001	4.91036e-002	
2.91824e-005	1.02101e+000	
9.54752e-001	3.06178e-003	
5.06321e-001	5.14821e-001	
8.29490e-001	2.60633e-001	
8.46714e-001	7.77977e-002	
3.40849e-001	6.74336e-001	
4.62389e-001	6.46966e-001	
4.50799e-001	6.54309e-001	
2.01663e-003	1.00433e+000	
1.18680e-001	9.93071e-001	
6.49166e-001	3.35622e-001	
7.26935e-001	3.32514e-001	
1.65363e-001	8.83862e-001	
5.09066e-001	4.31565e-001	
1.67695e-001	8.30336e-001	
2.68550e-001	6.75547e-001	
6.11539e-001	3.42060e-001	
1.69898e-001	7.94681e-001	
