2.71616e-005	1.00032e+000	
9.98584e-001	1.23121e-003	
7.11752e-001	1.67166e-001	
4.42942e-001	3.74002e-001	
1.91557e-001	6.74695e-001	
3.92313e-001	4.22865e-001	
1.65218e-002	9.70216e-001	
7.32689e-001	1.54363e-001	
3.14054e-001	5.09414e-001	
3.60321e-001	4.56557e-001	
5.98029e-002	8.92022e-001	
4.24439e-001	3.90747e-001	
4.85033e-001	3.35797e-001	
6.88018e-001	1.82301e-001	
3.75667e-001	4.41623e-001	
9.67784e-002	8.27953e-001	
5.02671e-001	3.24088e-001	
5.75713e-001	2.62369e-001	
4.77642e-002	9.13904e-001	
5.22992e-001	3.02960e-001	
2.08361e-001	6.49423e-001	
5.37490e-001	2.91083e-001	
1.06414e-001	8.10970e-001	
6.71634e-003	9.88016e-001	
9.71206e-001	1.77051e-002	
5.57368e-001	2.75879e-001	
8.81683e-002	8.42387e-001	
9.85506e-001	8.12383e-003	
4.60321e-001	3.58381e-001	
2.50763e-001	5.89602e-001	
9.55711e-001	2.45933e-002	
8.01429e-002	8.56162e-001	
5.11229e-001	3.12713e-001	
6.13192e-001	2.33755e-001	
6.71795e-001	1.94468e-001	
8.02619e-001	1.11445e-001	
3.25084e-001	4.96406e-001	
7.74703e-001	1.27808e-001	
3.00276e-001	5.26255e-001	
3.42600e-001	4.76252e-001	
1.13854e-001	7.98117e-001	
8.68167e-001	7.34274e-002	
1.56723e-001	7.28064e-001	
5.84929e-001	2.54321e-001	
1.24054e-001	7.88698e-001	
7.30010e-002	8.68722e-001	
8.83460e-001	6.48094e-002	
4.73223e-001	3.45338e-001	
1.79515e-001	6.92257e-001	
2.60834e-001	5.76327e-001	
6.65568e-002	8.80079e-001	
1.28531e-001	7.75021e-001	
1.68455e-001	7.09325e-001	
4.04168e-001	4.10674e-001	
8.16645e-001	1.03102e-001	
5.49135e-001	2.81846e-001	
3.33051e-001	4.87847e-001	
8.35477e-001	9.20500e-002	
2.19084e-001	6.33609e-001	
2.69481e-002	9.51680e-001	
8.92071e-001	6.00740e-002	
6.39835e-001	2.15585e-001	
7.45183e-001	1.45834e-001	
4.34097e-002	9.24398e-001	
3.63104e-002	9.34231e-001	
2.42565e-001	6.00936e-001	
1.65498e-001	7.14041e-001	
1.51097e-001	7.37907e-001	
3.67940e-001	4.48354e-001	
9.42532e-001	3.18112e-002	
6.25928e-001	2.24581e-001	
8.24727e-001	9.83681e-002	
1.82963e-001	6.86987e-001	
1.34913e-001	7.63297e-001	
5.96925e-001	2.45533e-001	
9.05422e-001	5.34974e-002	
4.15707e-001	3.99189e-001	
7.62475e-001	1.35262e-001	
6.80912e-001	1.86916e-001	
2.67037e-001	5.69273e-001	
6.02066e-001	2.42046e-001	
9.10505e-001	4.95914e-002	
2.84446e-001	5.45986e-001	
2.95789e-001	5.31599e-001	
6.56474e-001	2.03539e-001	
2.29886e-001	6.19545e-001	
8.46669e-001	8.55831e-002	
2.10374e-001	6.46189e-001	
4.65009e-001	3.52644e-001	
7.87871e-001	1.20111e-001	
2.75606e-001	5.57026e-001	
9.36219e-001	3.52821e-002	
2.87908e-001	5.41599e-001	
6.52124e-001	2.06489e-001	
2.24990e-001	6.26448e-001	
8.58741e-001	7.86082e-002	
9.22687e-001	4.27551e-002	
7.91089e-001	1.18282e-001	
4.09974e-001	4.04863e-001	
1.45097e-001	7.46746e-001	
