2.23827e-003	9.99512e-001	
9.07434e-001	8.05141e-004	
5.89681e-002	8.14902e-001	
4.99328e-001	2.49066e-001	
2.01672e-001	5.96813e-001	
6.00584e-002	7.51406e-001	
5.83704e-001	2.46605e-001	
5.58936e-002	8.87742e-001	
8.40357e-001	4.63963e-003	
3.36020e-001	3.92392e-001	
1.28752e-001	6.02375e-001	
3.33662e-001	4.54461e-001	
2.41104e-001	5.91916e-001	
4.55169e-001	2.51841e-001	
6.26723e-002	7.03779e-001	
7.49011e-001	1.23982e-001	
3.37761e-001	3.64496e-001	
7.44387e-001	1.55975e-001	
3.16947e-001	5.35824e-001	
6.09541e-001	2.44685e-001	
5.26639e-002	9.14377e-001	
7.50107e-001	1.04590e-001	
3.27548e-001	5.03536e-001	
3.32202e-001	4.72244e-001	
6.30316e-001	2.41898e-001	
7.52184e-001	7.66786e-002	
3.40505e-001	3.43279e-001	
6.99918e-001	2.19474e-001	
8.16294e-001	8.42026e-003	
3.44043e-001	3.27105e-001	
3.28667e-001	4.97323e-001	
8.28317e-002	6.30863e-001	
6.64269e-002	6.75651e-001	
2.96787e-001	5.64737e-001	
2.58856e-001	5.87031e-001	
2.85495e-001	5.73912e-001	
3.66651e-001	2.84546e-001	
3.57160e-001	2.96477e-001	
7.75620e-001	2.56430e-002	
7.63690e-001	3.84424e-002	
3.48824e-001	3.12581e-001	
6.38670e-002	6.92837e-001	
4.93666e-002	9.32158e-001	
7.16566e-001	2.07758e-001	
3.88942e-001	2.68349e-001	
4.20005e-001	2.57210e-001	
6.50766e-001	2.38128e-001	
4.46147e-002	9.49928e-001	
2.77426e-001	5.78972e-001	
4.39507e-001	2.53583e-001	
9.02146e-002	6.20971e-001	
7.57097e-001	5.23210e-002	
2.67518e-001	5.83799e-001	
3.80197e-001	2.73323e-001	
7.63070e-002	6.42378e-001	
6.74798e-001	2.31242e-001	
1.17403e-001	6.05197e-001	
6.84933e-001	2.27250e-001	
7.87269e-001	1.79431e-002	
4.03095e-002	9.61640e-001	
3.72901e-001	2.78892e-001	
7.68679e-001	3.18547e-002	
4.06153e-001	2.61116e-001	
4.01052e-001	2.62861e-001	
3.52807e-001	3.03941e-001	
7.40711e-001	1.68937e-001	
7.27474e-001	1.94491e-001	
4.30790e-001	2.55029e-001	
6.92556e-001	2.23616e-001	
7.54140e-001	6.44160e-002	
4.74750e-002	9.40879e-001	
6.91303e-002	6.63009e-001	
1.09089e-001	6.08279e-001	
1.02378e-001	6.11718e-001	
9.56312e-002	6.16286e-001	
7.39293e-002	6.48246e-001	
7.39422e-001	1.75039e-001	
7.21845e-001	2.01536e-001	
3.74167e-002	9.67841e-001	
3.10332e-001	5.47761e-001	
7.34301e-001	1.83755e-001	
7.04932e-002	6.57856e-001	
6.66543e-001	2.34683e-001	
1.52308e-002	9.93735e-001	
6.74436e-003	9.98218e-001	
3.14597e-001	5.42082e-001	
3.03699e-001	5.57195e-001	
7.32889e-001	1.88902e-001	
3.31322e-002	9.75404e-001	
2.36407e-002	9.87324e-001	
8.06736e-001	1.07241e-002	
2.75209e-002	9.83125e-001	
7.91325e-001	1.61511e-002	
7.98836e-001	1.31732e-002	
7.55750e-001	5.75040e-002	
1.88477e-002	9.91247e-001	
6.60188e-001	2.36050e-001	
3.12419e-002	9.78487e-001	
3.06116e-001	5.54095e-001	
7.17766e-001	2.05836e-001	
