1.00059e+000	3.22159e-004	
5.06754e-004	1.00187e+000	
9.64119e-001	9.06679e-002	
9.10306e-001	2.18047e-001	
7.37224e-001	5.20162e-001	
1.30399e-001	9.48079e-001	
9.74575e-001	6.46385e-002	
9.00800e-001	2.38432e-001	
7.19591e-001	5.43150e-001	
8.67496e-001	3.06949e-001	
9.57260e-001	1.06612e-001	
8.29996e-001	3.77840e-001	
5.78330e-001	6.91221e-001	
5.62258e-001	7.04443e-001	
9.49830e-001	1.25699e-001	
3.20083e-001	8.60471e-001	
5.30520e-002	9.79101e-001	
2.77808e-001	8.81596e-001	
9.97389e-001	8.80503e-003	
6.30793e-001	6.42570e-001	
8.16914e-001	4.00261e-001	
4.28418e-001	8.00074e-001	
1.00353e-002	9.96958e-001	
6.65990e-001	6.05892e-001	
8.40441e-001	3.59022e-001	
6.94680e-002	9.72594e-001	
9.87851e-001	3.18457e-002	
3.00871e-001	8.70543e-001	
6.97777e-001	5.70334e-001	
8.94201e-001	2.53320e-001	
4.69903e-001	7.72834e-001	
7.43783e-001	5.11477e-001	
3.95427e-001	8.19477e-001	
2.39932e-001	8.99844e-001	
1.55056e-001	9.37009e-001	
4.45532e-001	7.89118e-001	
5.06304e-001	7.49057e-001	
8.73603e-001	2.93987e-001	
4.84791e-001	7.62663e-001	
3.05490e-002	9.88706e-001	
1.72381e-001	9.30018e-001	
3.53844e-001	8.42752e-001	
8.87486e-001	2.66199e-001	
5.51691e-001	7.12846e-001	
1.07237e-001	9.57084e-001	
9.79263e-001	5.30107e-002	
8.06627e-001	4.18093e-001	
4.12406e-001	8.09484e-001	
6.76876e-001	5.94283e-001	
1.96761e-001	9.19234e-001	
3.31913e-001	8.54855e-001	
2.62397e-001	8.89065e-001	
1.44851e-001	9.41442e-001	
3.68381e-001	8.34950e-001	
9.18199e-001	1.98545e-001	
8.23545e-001	3.91380e-001	
1.81831e-001	9.25829e-001	
9.30267e-001	1.71735e-001	
2.92821e-001	8.74537e-001	
3.45138e-001	8.48980e-001	
7.54636e-001	4.97182e-001	
8.57170e-001	3.27218e-001	
9.43977e-001	1.40663e-001	
2.07289e-001	9.14733e-001	
2.53558e-001	8.93385e-001	
8.49004e-001	3.42125e-001	
3.70349e-002	9.85835e-001	
9.35358e-001	1.60032e-001	
6.88193e-001	5.81878e-001	
9.24876e-001	1.83986e-001	
5.88449e-001	6.82013e-001	
6.56088e-001	6.16535e-001	
4.60910e-001	7.79271e-001	
5.28851e-001	7.30521e-001	
9.86061e-001	3.91374e-002	
7.06786e-001	5.59343e-001	
6.43583e-001	6.29641e-001	
8.98999e-002	9.64509e-001	
7.77683e-001	4.63780e-001	
8.32499e-002	9.67082e-001	
9.42396e-001	1.51879e-001	
7.58391e-001	4.92085e-001	
5.18241e-001	7.39180e-001	
8.03057e-001	4.23362e-001	
8.45445e-001	3.50867e-001	
4.18496e-001	8.05636e-001	
5.41544e-001	7.20915e-001	
4.51910e-001	7.84834e-001	
1.03659e-001	9.58447e-001	
7.87292e-001	4.48807e-001	
7.85933e-001	4.50562e-001	
7.95332e-001	4.35308e-001	
2.26447e-001	9.06147e-001	
8.80135e-001	2.80941e-001	
7.74922e-001	4.68172e-001	
6.83649e-001	5.86988e-001	
6.21458e-001	6.51641e-001	
7.65744e-001	4.80890e-001	
2.19861e-001	9.08784e-001	
8.55981e-001	3.29069e-001	
