3.20323e-001	6.71562e-001	
5.90028e-001	3.45719e-001	
5.49089e-001	3.67700e-001	
5.50762e-001	3.58312e-001	
4.36319e-001	6.58282e-001	
5.27012e-001	3.87667e-001	
1.32782e-001	9.75080e-001	
6.47455e-001	3.36308e-001	
4.84206e-001	6.38371e-001	
1.42387e-001	9.67639e-001	
2.42075e-001	6.87362e-001	
5.18158e-001	4.08880e-001	
8.97740e-001	1.79734e-002	
7.57765e-001	3.31438e-001	
1.97856e-001	7.09811e-001	
9.15514e-001	1.11608e-002	
8.75174e-001	3.10250e-002	
4.38327e-004	1.02031e+000	
2.50686e-001	6.83692e-001	
1.79863e-001	7.45369e-001	
7.52305e-001	3.32977e-001	
8.87918e-001	2.37057e-002	
1.61048e-001	9.21920e-001	
5.25954e-001	3.99041e-001	
4.19752e-001	6.69526e-001	
9.18387e-001	9.35807e-003	
5.06815e-001	4.47453e-001	
8.04872e-001	3.10021e-001	
8.62345e-001	4.57878e-002	
1.88353e-001	7.21194e-001	
8.08367e-002	1.00227e+000	
7.96959e-001	3.13441e-001	
1.21254e-001	9.87496e-001	
9.58081e-001	2.57230e-003	
7.71805e-001	3.22130e-001	
2.25825e-001	6.95266e-001	
2.04215e-001	7.02408e-001	
5.43202e-003	1.00592e+000	
9.84918e-001	1.14654e-003	
5.20701e-001	4.06694e-001	
8.50133e-001	7.16665e-002	
1.56726e-001	9.35676e-001	
4.91649e-001	6.16787e-001	
5.43692e-001	3.73990e-001	
1.48527e-001	9.57157e-001	
4.85312e-001	6.32777e-001	
5.14176e-001	4.18480e-001	
4.59952e-001	6.52039e-001	
1.68999e-001	8.07987e-001	
1.62098e-001	9.13366e-001	
8.42145e-001	9.76628e-002	
4.93835e-001	5.93567e-001	
5.92844e-001	3.40583e-001	
1.28574e-001	9.81201e-001	
8.31191e-001	2.70383e-001	
4.24395e-001	6.60850e-001	
1.74557e-001	7.66349e-001	
1.71153e-001	7.76286e-001	
9.33428e-001	5.87733e-003	
1.85118e-001	7.23725e-001	
5.28276e-001	3.86504e-001	
5.12941e-001	4.28673e-001	
1.06073e-001	9.90886e-001	
9.44883e-001	4.39145e-003	
2.14264e-003	1.00878e+000	
1.67060e-001	8.77514e-001	
2.51693e-001	6.80012e-001	
9.85785e-001	1.14755e-003	
4.38903e-004	1.02165e+000	
8.43888e-001	9.78650e-002	
8.33698e-001	2.71199e-001	
4.36316e-001	6.58279e-001	
3.20324e-001	6.71565e-001	
5.06884e-001	4.47514e-001	
6.47695e-001	3.36271e-001	
5.02500e-001	5.98173e-001	
1.69088e-001	8.08413e-001	
7.51937e-001	3.32814e-001	
1.62636e-001	9.16397e-001	
9.14193e-002	1.00245e+000	
2.63623e-001	6.81242e-001	
2.14652e-003	1.01061e+000	
8.66732e-001	4.60207e-002	
4.85259e-001	6.32708e-001	
2.26277e-001	6.96656e-001	
8.04251e-001	3.09024e-001	
5.97337e-001	3.40596e-001	
5.89987e-001	3.45616e-001	
5.51163e-001	3.58052e-001	
1.57983e-001	9.43847e-001	
8.98139e-001	1.79814e-002	
8.74651e-001	3.07675e-002	
9.15118e-001	1.11560e-002	
1.42440e-001	9.67995e-001	
1.06445e-001	9.94365e-001	
9.44387e-001	5.94634e-003	
5.16857e-001	4.21798e-001	
5.46720e-001	3.88791e-001	
1.80156e-001	7.48904e-001	
4.92342e-001	6.17656e-001	
