3.05941e-001	5.95994e-001	
2.05420e-001	6.96481e-001	
1.45301e-001	7.57398e-001	
1.25172e-001	7.77026e-001	
3.25833e-001	5.76134e-001	
7.66925e-001	1.35220e-001	
7.25837e-001	1.75443e-001	
8.47077e-001	5.51010e-002	
5.66599e-001	3.35441e-001	
2.49408e-002	8.76768e-001	
0.00000e+000	9.18561e-001	
7.59931e-003	8.97750e-001	
6.45726e-001	2.56180e-001	
5.45900e-001	3.55373e-001	
4.45325e-001	4.55434e-001	
6.06042e-001	2.95268e-001	
9.07214e-001	0.00000e+000	
6.66339e-001	2.35694e-001	
1.05465e-001	7.96758e-001	
2.25200e-001	6.76316e-001	
8.28562e-001	7.94787e-002	
4.25471e-001	4.75664e-001	
8.87904e-001	1.51480e-002	
4.59622e-002	8.56636e-001	
8.86504e-001	1.64794e-002	
7.86376e-001	1.15841e-001	
8.51323e-002	8.17267e-001	
6.89125e-002	8.37678e-001	
1.65251e-001	7.36991e-001	
7.08327e-001	1.95926e-001	
7.47716e-001	1.58887e-001	
5.86422e-001	3.15381e-001	
6.25966e-001	2.75229e-001	
7.25828e-001	1.75440e-001	
5.45953e-001	3.55408e-001	
6.06576e-001	2.96010e-001	
2.49526e-002	8.77183e-001	
6.45623e-001	2.56139e-001	
6.66763e-001	2.35844e-001	
1.05399e-001	7.96261e-001	
4.45174e-001	4.55280e-001	
5.66657e-001	3.35475e-001	
3.06612e-001	5.96203e-001	
3.25611e-001	5.75740e-001	
9.07171e-001	0.00000e+000	
1.45316e-001	7.57475e-001	
2.05419e-001	6.96477e-001	
8.47075e-001	5.51008e-002	
4.26074e-001	4.76339e-001	
8.28333e-001	7.94567e-002	
2.25258e-001	6.76493e-001	
7.66968e-001	1.35227e-001	
8.87854e-001	1.51472e-002	
1.25124e-001	7.76725e-001	
0.00000e+000	9.18561e-001	
1.65145e-001	7.36520e-001	
6.89121e-002	8.37673e-001	
6.25876e-001	2.76282e-001	
7.08341e-001	1.95929e-001	
4.59598e-002	8.56591e-001	
8.86294e-001	1.64755e-002	
5.86357e-001	3.16753e-001	
7.86376e-001	1.15841e-001	
7.59885e-003	8.97695e-001	
1.25153e-001	7.76909e-001	
6.46250e-001	2.56388e-001	
3.06389e-001	5.96184e-001	
8.46290e-001	5.53194e-002	
4.26620e-001	4.78414e-001	
6.66186e-001	2.35640e-001	
9.07155e-001	0.00000e+000	
7.60092e-003	8.97940e-001	
5.45873e-001	3.55356e-001	
2.49420e-002	8.76809e-001	
2.26155e-001	6.79186e-001	
3.25450e-001	5.75455e-001	
7.25829e-001	1.75441e-001	
6.06045e-001	2.95269e-001	
4.45411e-001	4.55522e-001	
1.05169e-001	7.96663e-001	
8.87720e-001	1.51449e-002	
7.11503e-001	1.97960e-001	
8.38798e-002	8.52803e-001	
1.65405e-001	7.37677e-001	
6.27707e-001	2.76479e-001	
7.87748e-001	1.15628e-001	
5.86509e-001	3.16835e-001	
2.05442e-001	6.96556e-001	
8.28809e-001	7.95024e-002	
5.66752e-001	3.35517e-001	
0.00000e+000	9.18580e-001	
4.59457e-002	8.56329e-001	
1.45338e-001	7.57587e-001	
7.66895e-001	1.35214e-001	
0.00000e+000	9.18558e-001	
9.07213e-001	0.00000e+000	
4.45179e-001	4.55285e-001	
5.46010e-001	3.55445e-001	
4.26628e-001	4.78423e-001	
3.25820e-001	5.76110e-001	
