1.05697e+000	8.02894e-002	
1.14697e+000	6.10640e-004	
3.88717e-001	5.19443e-001	
4.72434e-001	3.95274e-001	
5.51446e-001	3.68774e-001	
4.21622e-001	4.83976e-001	
5.26531e-001	3.86846e-001	
4.30580e-001	4.59012e-001	
1.07136e+000	2.68237e-003	
3.93049e-001	5.13486e-001	
5.15905e-001	3.89980e-001	
2.25030e-003	1.09436e+000	
3.79149e-001	5.32759e-001	
4.55372e-001	4.10005e-001	
5.64679e-001	3.65001e-001	
4.38470e-001	4.40304e-001	
4.50131e-003	1.07588e+000	
1.52099e-004	1.10138e+000	
8.68242e-001	3.52550e-001	
3.64144e-001	7.22983e-001	
3.89278e-001	5.39038e-001	
1.14857e+000	6.11487e-004	
5.51920e-001	3.76843e-001	
4.36448e-001	4.65267e-001	
1.10668e+000	1.37480e-002	
4.60023e-001	4.47728e-001	
1.08613e+000	2.15770e-002	
8.35644e-003	1.08614e+000	
3.76046e-001	7.46614e-001	
7.08591e-006	1.10376e+000	
4.55121e-003	1.08781e+000	
5.20355e-001	3.93344e-001	
3.90834e-001	5.22271e-001	
4.49336e-001	4.60759e-001	
3.95173e-001	5.12950e-001	
5.27586e-001	3.87620e-001	
1.07117e+000	2.44842e-002	
5.98214e-001	3.71692e-001	
8.85559e-001	3.64687e-001	
1.12814e+000	3.88205e-003	
4.72958e-001	3.95712e-001	
4.60497e-001	4.48189e-001	
1.10394e+000	3.24857e-002	
1.15120e+000	6.12888e-004	
3.90683e-001	5.22069e-001	
5.67313e-001	3.79385e-001	
4.48864e-001	4.60276e-001	
4.73636e-001	4.14260e-001	
9.01116e-001	3.69550e-001	
1.11432e+000	1.38429e-002	
5.21754e-001	4.00589e-001	
1.07386e+000	8.15726e-002	
1.56564e-004	1.13371e+000	
5.29564e-001	3.89074e-001	
1.14917e+000	2.87717e-003	
1.08209e+000	6.21902e-002	
1.51275e-002	1.08593e+000	
3.89601e-003	1.08787e+000	
3.75645e-001	7.45818e-001	
1.10974e+000	1.48763e-002	
4.44308e-001	4.73645e-001	
5.90222e-001	3.78707e-001	
5.69372e-001	3.80762e-001	
1.16748e+000	6.21555e-004	
4.50516e-001	4.61970e-001	
3.77654e-001	7.49806e-001	
4.60289e-001	4.47987e-001	
1.09419e+000	6.28856e-002	
4.79884e-001	4.16696e-001	
1.12461e+000	1.39707e-002	
7.66357e-006	1.19375e+000	
9.14996e-001	3.76906e-001	
3.90977e-001	5.22463e-001	
3.41049e-003	1.09433e+000	
2.13819e-003	1.18337e+000	
3.49879e-002	1.08846e+000	
4.45921e-001	4.75366e-001	
1.11303e+000	5.05745e-002	
5.29237e-001	3.88834e-001	
1.11804e+000	2.22110e-002	
1.07572e+000	8.17143e-002	
1.16745e+000	6.21540e-004	
8.32186e-005	1.21904e+000	
3.78307e-001	7.51103e-001	
9.33620e-001	3.84577e-001	
8.42387e-003	1.09490e+000	
1.07737e+000	8.18395e-002	
6.22236e-001	3.86618e-001	
3.91640e-001	5.23348e-001	
4.81084e-001	4.15767e-001	
5.33941e-001	3.96484e-001	
4.53274e-001	4.72701e-001	
4.46821e-001	5.04858e-001	
2.11206e-003	1.19506e+000	
1.14646e+000	4.61733e-002	
3.46948e-003	1.11326e+000	
6.12773e-001	3.93176e-001	
1.11600e+000	5.68736e-002	
1.10245e+000	7.74676e-002	
1.10522e+000	6.68576e-002	
