1.36435e+000	9.00980e-002	
1.93562e-002	1.40945e+000	
9.58624e-002	1.19881e+000	
1.64247e+000	3.87010e-004	
1.51221e+000	4.67052e-003	
3.61709e-003	1.42184e+000	
5.42635e-001	6.46023e-001	
1.49794e+000	2.14434e-002	
1.37879e+000	2.26173e-002	
5.95493e-001	5.57379e-001	
6.58407e-001	5.07271e-001	
4.80731e-001	6.62468e-001	
2.22375e-004	1.50380e+000	
3.67047e-003	1.43602e+000	
1.77801e+000	4.13491e-004	
1.71794e+000	5.30592e-003	
1.52402e+000	2.26206e-002	
1.96804e-002	1.43307e+000	
2.26908e-001	1.35871e+000	
6.46364e-001	5.63386e-001	
6.28477e-001	6.00899e-001	
1.42831e+000	8.26788e-002	
1.36412e+000	8.94878e-002	
3.71399e-004	1.54623e+000	
6.89916e-002	1.41465e+000	
1.49695e+000	2.45556e-002	
4.81860e-001	6.64025e-001	
1.54509e+000	2.29334e-002	
1.80195e+000	1.17025e-003	
1.37239e+000	9.06288e-002	
1.50617e+000	5.14354e-002	
4.81705e-001	6.63810e-001	
2.96052e-004	1.54623e+000	
6.94907e-002	1.42489e+000	
6.66866e-001	5.67135e-001	
1.51940e+000	2.49238e-002	
2.30341e-001	1.37927e+000	
3.69375e-003	1.44513e+000	
1.49175e+000	8.63509e-002	
1.72502e+000	4.41276e-003	
3.72253e-002	1.47126e+000	
3.81245e-003	1.49157e+000	
2.02710e-002	1.47607e+000	
2.36809e-004	1.60141e+000	
1.43669e+000	9.48748e-002	
6.68125e-001	6.43985e-001	
5.59564e-001	6.66178e-001	
7.27122e-001	5.68337e-001	
1.43440e+000	1.37819e-001	
7.33102e-002	1.42499e+000	
1.41762e+000	2.25329e-001	
1.51967e+000	2.49282e-002	
4.94306e-001	6.81176e-001	
1.72891e+000	1.24080e-002	
1.79282e+000	5.53721e-003	
1.55229e+000	2.30402e-002	
1.81737e+000	1.18027e-003	
2.30375e-001	1.37948e+000	
1.16815e-001	1.43111e+000	
6.35276e-001	6.89053e-001	
7.30388e-001	5.70890e-001	
1.46551e+000	1.03464e-001	
6.72812e-001	6.43302e-001	
1.81273e+000	5.59868e-003	
2.39842e-004	1.62192e+000	
1.52602e+000	5.12141e-002	
1.54114e+000	2.52805e-002	
1.03846e-001	1.43561e+000	
1.43325e+000	2.28382e-001	
1.81841e+000	1.18095e-003	
1.73019e+000	1.24172e-002	
1.58292e+000	2.36410e-002	
7.57255e-002	1.47193e+000	
5.04034e-001	6.94581e-001	
1.43429e-002	1.49126e+000	
3.87184e-003	1.51481e+000	
2.36024e-001	1.41330e+000	
3.19592e-001	1.39259e+000	
2.00101e-003	1.60671e+000	
3.94769e-004	1.64352e+000	
1.82910e+000	3.58243e-004	
1.43498e+000	2.28089e-001	
7.37522e-001	5.76466e-001	
5.04282e-001	7.12932e-001	
2.49788e-001	1.41252e+000	
6.87150e-001	6.58995e-001	
5.05283e-001	6.96302e-001	
1.58481e+000	2.36692e-002	
1.46469e+000	1.06398e-001	
1.75285e+000	2.03755e-002	
1.84322e-001	1.45934e+000	
3.92323e-003	1.54218e+000	
1.18027e-001	1.47599e+000	
1.52614e+000	1.00909e-001	
6.22739e-002	1.49482e+000	
2.36570e-001	1.41657e+000	
3.82861e-002	1.51318e+000	
1.76026e+000	1.37851e-002	
1.54047e+000	3.87841e-002	
1.53344e+000	5.23665e-002	
