5.56739e-004	1.00671e+000	
9.82357e-001	1.23439e-003	
3.93153e-001	6.69417e-001	
2.81131e-001	6.73392e-001	
1.67277e-001	8.48548e-001	
6.80879e-001	3.34809e-001	
5.03595e-001	5.43435e-001	
7.22313e-002	1.00204e+000	
6.25688e-001	3.37502e-001	
1.70317e-001	7.84776e-001	
1.62036e-001	9.08586e-001	
7.28963e-001	3.31425e-001	
7.93168e-003	1.00499e+000	
8.31767e-001	2.53183e-001	
4.16796e-001	6.62493e-001	
8.48075e-001	1.01851e-001	
8.51571e-001	6.37616e-002	
5.08079e-001	4.29268e-001	
9.49837e-002	9.98822e-001	
4.71420e-001	6.32697e-001	
1.16384e-001	9.93962e-001	
4.94695e-001	5.97203e-001	
2.27927e-001	6.86695e-001	
4.99579e-001	5.69455e-001	
4.42543e-001	6.55719e-001	
6.01916e-001	3.41705e-001	
8.25110e-001	2.70988e-001	
1.73030e-001	7.72349e-001	
5.15882e-001	4.00458e-001	
8.73002e-001	3.38908e-002	
5.92075e-001	3.43203e-001	
8.87015e-001	2.43010e-002	
5.25314e-001	3.87529e-001	
4.87384e-001	6.09581e-001	
1.24986e-001	9.83108e-001	
2.61062e-001	6.75571e-001	
1.75700e-001	7.52704e-001	
4.60182e-001	6.47069e-001	
4.96165e-001	5.75504e-001	
2.43604e-001	6.80587e-001	
8.16666e-001	2.87939e-001	
2.13389e-001	6.91424e-001	
9.14432e-001	1.02206e-002	
1.59565e-001	9.26119e-001	
7.97322e-001	3.08423e-001	
5.52159e-001	3.53756e-001	
7.85730e-001	3.17801e-001	
1.46281e-001	9.59303e-001	
1.56317e-001	9.42960e-001	
7.75311e-001	3.22477e-001	
1.41859e-001	9.66524e-001	
9.03232e-001	1.28675e-002	
1.89831e-001	7.19616e-001	
5.38669e-001	3.66073e-001	
2.51176e-001	6.77651e-001	
1.97492e-001	7.07155e-001	
8.08937e-001	3.05167e-001	
5.31610e-001	3.74066e-001	
1.50535e-001	9.50143e-001	
1.31761e-001	9.74708e-001	
8.67110e-001	4.08852e-002	
2.09588e-001	6.96674e-001	
7.90909e-001	3.12784e-001	
1.60613e-001	9.20839e-001	
5.28312e-001	3.77578e-001	
7.62440e-001	3.25559e-001	
9.24418e-001	7.33028e-003	
4.55196e-001	6.50340e-001	
5.10229e-001	4.25101e-001	
9.29809e-001	6.15912e-003	
8.94192e-001	1.94718e-002	
5.48119e-001	3.59897e-001	
4.47486e-001	6.53693e-001	
5.13158e-001	4.12729e-001	
7.68124e-001	3.24529e-001	
8.97058e-001	1.61237e-002	
5.43538e-001	3.63334e-001	
5.11813e-001	4.14269e-001	
8.62951e-001	4.53463e-002	
1.53157e-001	9.44387e-001	
8.58453e-001	5.18314e-002	
5.05187e-001	4.72811e-001	
4.85413e-001	6.21973e-001	
1.78834e-001	7.43167e-001	
8.10570e-001	3.01292e-001	
9.39119e-001	4.58283e-003	
5.60041e-001	3.50021e-001	
1.29564e-001	9.78396e-001	
8.54270e-001	5.66578e-002	
7.51692e-001	3.28697e-001	
8.69422e-001	3.50390e-002	
2.04247e-001	7.02266e-001	
1.92085e-001	7.15735e-001	
8.36285e-001	2.30383e-001	
8.43198e-001	1.11304e-001	
1.65527e-001	9.01483e-001	
8.19685e-001	2.78894e-001	
1.83154e-001	7.30010e-001	
8.39373e-001	1.37645e-001	
8.56584e-001	5.68112e-002	
