2.19789e-001	3.78990e-001	
2.73716e-001	2.55457e-001	
1.42677e+000	5.90819e-003	
2.04807e-001	4.76095e-001	
1.14832e+000	1.34200e-001	
5.15291e-001	1.80208e-001	
1.59358e+000	1.95999e-003	
2.34611e-001	3.40859e-001	
2.49675e-001	2.59831e-001	
1.60435e+000	2.32627e-004	
2.42163e-001	2.88805e-001	
1.22281e-003	1.42666e+000	
3.27379e-001	2.53482e-001	
1.52868e+000	3.63451e-003	
2.54881e-001	2.68070e-001	
5.47366e-001	2.16533e-001	
1.45935e+000	6.04311e-003	
2.24077e-001	3.86385e-001	
2.07166e-001	5.98235e-001	
1.65565e+000	2.03634e-003	
2.43942e-001	2.90928e-001	
2.13487e-001	4.96273e-001	
1.18423e+000	1.42746e-001	
6.48962e-001	2.00433e-001	
1.05122e-003	1.48308e+000	
2.40909e-001	3.73645e-001	
6.10419e-001	2.13477e-001	
2.28323e-001	3.79427e-001	
1.65988e+000	1.27866e-003	
1.50193e+000	5.50037e-003	
1.08444e-003	1.52995e+000	
2.44691e-001	3.79511e-001	
2.16599e-001	5.04193e-001	
2.33919e-001	4.03356e-001	
2.25840e-001	4.30004e-001	
6.13552e-001	2.14572e-001	
2.81070e-001	2.70728e-001	
6.05410e-001	2.34530e-001	
2.14397e-001	5.15566e-001	
5.70859e-001	2.36326e-001	
2.61101e-001	2.74612e-001	
1.65782e+000	3.24025e-003	
1.28171e+000	1.54179e-001	
2.15076e-001	6.34639e-001	
2.19531e-001	5.04292e-001	
1.51080e+000	5.53288e-003	
1.31667e+000	1.58710e-001	
2.66359e-001	2.80142e-001	
6.38700e-001	2.31546e-001	
2.34535e-001	4.08758e-001	
6.68544e-001	2.15295e-001	
1.66768e+000	1.44185e-003	
6.65066e-001	2.22771e-001	
2.86732e-001	2.72094e-001	
1.31529e-003	1.53456e+000	
2.58390e-001	4.12556e-001	
6.73808e-001	2.44274e-001	
2.15961e-001	1.21926e+000	
1.33926e+000	1.90558e-001	
6.84874e-001	2.27340e-001	
1.34184e+000	1.63941e-001	
2.73365e-001	3.26018e-001	
2.55877e-001	4.21345e-001	
2.14137e-001	1.23137e+000	
2.87506e-001	2.72829e-001	
2.20009e-001	5.31842e-001	
1.51667e+000	1.07497e-002	
1.68924e+000	1.30128e-003	
7.98545e-001	2.24792e-001	
1.09810e-003	1.54922e+000	
1.68056e+000	3.28470e-003	
7.08764e-001	2.26191e-001	
1.60222e+000	6.63471e-003	
2.59980e-001	4.34348e-001	
8.01528e-001	2.24903e-001	
2.21726e-001	1.25181e+000	
1.58986e+000	9.85627e-003	
2.87729e-001	2.73040e-001	
1.68959e+000	2.16551e-003	
2.66320e-001	4.13057e-001	
1.35337e+000	1.63134e-001	
6.83175e-001	2.45728e-001	
1.61069e+000	6.66977e-003	
2.24541e-001	5.49450e-001	
6.85948e-001	2.27697e-001	
1.34478e-003	1.56897e+000	
1.16124e-003	1.63830e+000	
1.70265e+000	1.47208e-003	
2.24135e-001	5.58586e-001	
1.17393e-002	1.62720e+000	
8.08594e-001	2.26886e-001	
1.38433e+000	1.66866e-001	
3.26064e-001	2.73566e-001	
6.93000e-001	2.49784e-001	
1.58899e+000	9.43166e-003	
1.39473e+000	1.65542e-001	
2.93620e-001	2.78631e-001	
2.81079e-001	4.35948e-001	
2.59725e-001	4.47854e-001	
6.98345e-001	2.28385e-001	
