8.56623e-004	1.00062e+000	
1.00054e+000	7.38959e-004	
2.89537e-001	9.35048e-001	
4.06310e-001	8.98088e-001	
1.72905e-001	9.64559e-001	
3.75728e-001	9.08769e-001	
1.40582e-001	9.71225e-001	
7.56999e-001	6.62939e-001	
5.13913e-001	8.52145e-001	
7.91447e-001	6.17387e-001	
3.24495e-001	9.25114e-001	
9.14446e-001	3.58313e-001	
9.82221e-001	8.93021e-002	
7.43370e-001	6.79062e-001	
9.38240e-001	2.77950e-001	
7.77304e-001	6.37085e-001	
8.57104e-001	5.04078e-001	
9.86576e-001	6.79593e-002	
5.39768e-001	8.39470e-001	
9.22668e-001	3.32440e-001	
7.70668e-001	6.45720e-001	
6.00674e-001	8.04091e-001	
9.90284e-001	4.97445e-002	
9.05004e-001	3.86612e-001	
6.76566e-001	7.45757e-001	
8.97747e-001	4.07328e-001	
8.01187e-001	6.03112e-001	
5.55947e-002	9.89130e-001	
6.45546e-001	7.71105e-001	
8.47547e-001	5.23409e-001	
9.94156e-001	3.09078e-002	
5.68309e-001	8.22856e-001	
3.91228e-002	9.92433e-001	
1.93769e-001	9.59340e-001	
8.86696e-001	4.37102e-001	
9.31678e-001	3.01554e-001	
7.32263e-001	6.91720e-001	
8.93451e-001	4.18970e-001	
6.88972e-001	7.34769e-001	
2.62380e-001	9.42316e-001	
4.24595e-001	8.91461e-001	
1.21459e-001	9.76057e-001	
8.63230e-001	4.91382e-001	
3.59257e-001	9.14218e-001	
4.78321e-001	8.69472e-001	
9.09444e-001	3.74754e-001	
4.67885e-001	8.73647e-001	
9.97425e-001	1.43915e-002	
2.07121e-002	9.96224e-001	
5.57594e-001	8.29048e-001	
8.09088e-001	5.91317e-001	
8.15372e-001	5.81309e-001	
5.84597e-001	8.13589e-001	
9.42678e-001	2.61860e-001	
6.30798e-001	7.81822e-001	
1.08016e-001	9.78346e-001	
9.77479e-001	1.13988e-001	
6.18091e-001	7.91110e-001	
2.06503e-001	9.56275e-001	
9.24031e-002	9.81612e-001	
9.72034e-001	1.36881e-001	
6.98318e-001	7.26728e-001	
2.32115e-001	9.50152e-001	
9.47868e-001	2.42773e-001	
3.46784e-001	9.18248e-001	
9.56762e-001	2.07283e-001	
9.60425e-001	1.92946e-001	
4.51904e-001	8.80303e-001	
2.47829e-001	9.46250e-001	
4.94010e-001	8.61995e-001	
2.21166e-001	9.52772e-001	
8.77831e-001	4.57511e-001	
6.65315e-001	7.55096e-001	
5.00146e-001	8.59550e-001	
7.57212e-002	9.85567e-001	
9.52208e-001	2.23473e-001	
8.69322e-001	4.77175e-001	
8.81500e-001	4.48674e-001	
3.34721e-001	9.22550e-001	
4.35242e-001	8.87030e-001	
9.25665e-001	3.22261e-001	
5.45590e-001	8.36407e-001	
8.73203e-001	4.71904e-001	
7.23842e-001	7.00551e-001	
8.33888e-001	5.50188e-001	
9.29180e-001	3.09997e-001	
5.90440e-001	8.09581e-001	
7.06130e-001	7.18610e-001	
8.22616e-001	5.68914e-001	
8.29886e-001	5.56018e-001	
9.69267e-001	1.53055e-001	
9.45627e-001	2.50014e-001	
9.13353e-003	9.98921e-001	
9.75117e-001	1.25346e-001	
4.45116e-001	8.83006e-001	
9.66267e-001	1.63753e-001	
6.55368e-001	7.63804e-001	
9.63844e-001	1.76110e-001	
9.53371e-001	2.18663e-001	
8.39646e-001	5.38705e-001	
