1.01029e-003	1.00916e+000	
9.56859e-001	2.50266e-003	
8.37874e-001	1.69822e-001	
3.14725e-001	6.71880e-001	
6.97909e-001	3.34692e-001	
3.81271e-001	6.69324e-001	
6.30292e-001	3.36757e-001	
5.05020e-001	4.62555e-001	
8.33595e-001	2.46717e-001	
5.03339e-001	5.24045e-001	
1.68908e-001	8.15054e-001	
7.63447e-002	9.99009e-001	
2.59200e-001	6.75774e-001	
7.43982e-001	3.30336e-001	
1.72037e-001	7.78533e-001	
1.67805e-001	8.53331e-001	
8.47178e-001	8.21993e-002	
5.01457e-001	5.45348e-001	
8.41022e-001	1.21695e-001	
4.18039e-001	6.63367e-001	
3.56075e-002	1.00345e+000	
1.00785e-001	9.92746e-001	
5.95796e-001	3.41527e-001	
5.09303e-001	4.24799e-001	
1.64704e-001	8.96047e-001	
4.99478e-001	5.75956e-001	
1.17554e-001	9.87335e-001	
1.31317e-001	9.75606e-001	
9.33686e-001	5.64507e-003	
1.66580e-001	8.69697e-001	
8.44149e-001	1.20478e-001	
4.69155e-001	6.38776e-001	
2.02256e-001	7.04861e-001	
4.56511e-001	6.50508e-001	
1.61989e-001	9.16080e-001	
4.90374e-001	6.07971e-001	
8.53504e-001	5.95666e-002	
2.53500e-001	6.78459e-001	
8.63868e-001	4.71100e-002	
8.04541e-001	3.03149e-001	
4.82556e-001	6.24845e-001	
1.95002e-002	1.00617e+000	
2.17949e-001	6.93031e-001	
2.31957e-001	6.85122e-001	
8.75690e-001	3.15323e-002	
1.58825e-001	9.28314e-001	
1.74164e-001	7.60239e-001	
8.84815e-001	2.37532e-002	
8.50839e-001	7.07086e-002	
5.84493e-001	3.43709e-001	
4.28576e-001	6.62177e-001	
4.95557e-001	5.89991e-001	
7.92902e-001	3.13248e-001	
8.92527e-001	1.88781e-002	
5.21925e-001	3.89134e-001	
9.16732e-001	8.78069e-003	
8.68563e-001	3.82868e-002	
4.78506e-001	6.29043e-001	
9.02061e-001	1.33747e-002	
1.43719e-001	9.66307e-001	
5.18900e-001	4.05683e-001	
4.40950e-001	6.57605e-001	
1.81878e-001	7.34616e-001	
5.49111e-001	3.59590e-001	
1.91396e-001	7.18947e-001	
1.54799e-001	9.38775e-001	
5.35604e-001	3.70568e-001	
1.96701e-001	7.10674e-001	
5.42291e-001	3.65951e-001	
5.29108e-001	3.77849e-001	
7.54470e-001	3.27297e-001	
1.77401e-001	7.50570e-001	
4.93395e-001	5.98356e-001	
1.50333e-001	9.51793e-001	
4.45834e-001	6.53847e-001	
5.12160e-001	4.17579e-001	
7.63087e-001	3.25257e-001	
5.68904e-001	3.49317e-001	
8.21906e-001	2.82022e-001	
5.73209e-001	3.47710e-001	
1.45601e-001	9.62988e-001	
8.10420e-001	2.97040e-001	
7.79027e-001	3.18602e-001	
8.24116e-001	2.72334e-001	
1.86573e-001	7.25684e-001	
8.30436e-001	2.60224e-001	
9.11592e-001	1.09620e-002	
7.87944e-001	3.14586e-001	
2.94018e-002	1.00507e+000	
5.15313e-001	4.08386e-001	
5.25102e-001	3.84457e-001	
8.27267e-001	2.67064e-001	
5.57995e-001	3.53996e-001	
1.52870e-001	9.47471e-001	
8.18606e-001	2.88146e-001	
8.14423e-001	2.91968e-001	
8.32592e-001	2.52850e-001	
2.24749e-001	6.89163e-001	
7.71997e-001	3.22877e-001	
5.56908e-001	3.55057e-001	
