7.86410e-001	3.16220e-001	
5.70128e-001	3.51280e-001	
1.90271e-001	7.18847e-001	
2.00789e-001	7.07205e-001	
7.96405e-001	3.12989e-001	
2.27196e-001	6.89157e-001	
1.73600e-001	7.65092e-001	
1.79481e-001	7.52306e-001	
9.14143e-001	9.88816e-003	
1.11524e-001	9.88660e-001	
2.09178e-001	6.97133e-001	
2.37422e-001	6.81564e-001	
2.14923e-001	6.93618e-001	
7.26890e-001	3.33819e-001	
8.20019e-001	2.88119e-001	
1.84050e-001	7.30423e-001	
1.72457e-001	7.68175e-001	
8.26224e-001	2.69659e-001	
1.23293e-001	9.81156e-001	
5.12785e-001	4.14541e-001	
8.00939e-001	3.10061e-001	
1.57662e-001	9.32029e-001	
5.09951e-001	4.34452e-001	
8.89200e-001	2.19922e-002	
8.50719e-001	1.13663e-001	
7.90879e-001	3.14077e-001	
8.54338e-001	5.57154e-002	
8.96089e-001	1.70990e-002	
3.29726e-002	1.00549e+000	
1.62050e-001	9.23213e-001	
6.40806e-001	3.36494e-001	
5.96759e-001	3.40643e-001	
8.28730e-001	2.55367e-001	
4.39030e-001	6.64148e-001	
5.25922e-001	3.81553e-001	
1.77853e-001	7.56240e-001	
9.40542e-001	4.37456e-003	
4.41302e-001	6.60490e-001	
7.38703e-001	3.31053e-001	
1.26958e-004	1.02803e+000	
5.05896e-001	5.71733e-001	
8.10002e-001	2.95826e-001	
9.31985e-003	1.00767e+000	
8.65148e-001	4.15698e-002	
7.49877e-001	3.29117e-001	
7.59220e-001	3.27276e-001	
8.35554e-001	1.92866e-001	
1.91778e-001	7.15974e-001	
7.76245e-003	1.01153e+000	
5.47332e-001	3.61392e-001	
1.40277e-001	9.68298e-001	
5.92494e-001	3.44574e-001	
8.57438e-001	4.85595e-002	
8.46393e-001	1.44078e-001	
2.96487e-003	1.01430e+000	
1.69720e-001	8.18188e-001	
9.31031e-001	6.46623e-003	
1.67850e-001	8.43492e-001	
4.70294e-001	6.34898e-001	
5.50555e-001	3.59244e-001	
1.49247e-001	9.53586e-001	
9.52926e-001	3.26618e-003	
7.77714e-001	3.18144e-001	
1.22234e-001	9.83517e-001	
8.30308e-001	2.53868e-001	
8.06768e-001	3.00942e-001	
5.16799e-001	4.00189e-001	
7.34122e-001	3.32498e-001	
8.22188e-001	2.85023e-001	
2.63375e-001	6.74237e-001	
8.04392e-001	3.02174e-001	
4.33082e-001	6.69535e-001	
8.11339e-001	2.92214e-001	
8.40418e-001	1.55221e-001	
1.65197e-001	8.83654e-001	
8.90476e-001	1.96544e-002	
8.61357e-001	4.36495e-002	
5.40145e-001	3.68836e-001	
5.32852e-001	3.73468e-001	
4.91417e-001	6.01341e-001	
1.30700e-001	9.74843e-001	
4.38008e-001	6.67315e-001	
2.32938e-001	6.84979e-001	
9.59745e-001	2.39517e-003	
1.27376e-004	1.03142e+000	
4.33830e-001	6.70692e-001	
2.64308e-001	6.76627e-001	
5.07037e-001	5.74911e-001	
5.09906e-001	4.34414e-001	
6.40791e-001	3.36486e-001	
7.51881e-001	3.30526e-001	
8.28679e-001	2.55352e-001	
4.69392e-001	6.41189e-001	
8.48471e-001	1.44432e-001	
7.72743e-002	1.00456e+000	
5.96771e-001	3.40650e-001	
1.59136e-001	9.40745e-001	
8.54338e-001	5.57154e-002	
1.65705e-001	8.98627e-001	
4.99782e-001	6.04453e-001	
