1.00024e+000	3.89294e-004	
8.67821e-004	9.99490e-001	
8.71132e-001	1.29526e-001	
9.38445e-001	6.23499e-002	
9.64703e-001	3.58882e-002	
5.85734e-001	4.14820e-001	
5.63075e-001	4.37540e-001	
6.37477e-001	3.62924e-001	
3.87396e-001	6.13104e-001	
6.81886e-001	3.19118e-001	
7.58559e-001	2.42374e-001	
6.15555e-001	3.84808e-001	
2.76924e-001	7.23725e-001	
8.92969e-001	1.07598e-001	
4.08197e-001	5.95587e-001	
8.52869e-001	1.47670e-001	
3.30413e-001	6.70405e-001	
4.67640e-001	5.36233e-001	
7.39069e-001	2.61306e-001	
6.63766e-001	3.37384e-001	
3.45172e-001	6.56437e-001	
1.50819e-001	8.49780e-001	
2.19862e-001	7.80897e-001	
8.47094e-001	1.53452e-001	
4.40501e-001	5.60171e-001	
1.38617e-001	8.61868e-001	
1.00046e-001	9.00185e-001	
6.89861e-001	3.11444e-001	
7.83716e-001	2.16851e-001	
9.07052e-001	9.35433e-002	
8.34205e-001	1.69772e-001	
7.68562e-001	2.32371e-001	
5.31469e-001	4.69194e-001	
9.73717e-001	2.67724e-002	
2.59487e-001	7.40934e-001	
5.14138e-001	4.86384e-001	
4.24150e-001	5.76058e-001	
3.69758e-001	6.31093e-001	
1.59465e-001	8.41051e-001	
1.19458e-002	9.88511e-001	
3.61800e-001	6.39078e-001	
1.15679e-001	8.84617e-001	
9.83584e-001	1.70069e-002	
4.75555e-001	5.25297e-001	
3.80057e-001	6.20358e-001	
4.11508e-001	5.89117e-001	
7.02558e-001	3.00015e-001	
5.23073e-001	4.77976e-001	
7.99511e-001	2.01042e-001	
2.09527e-001	7.91618e-001	
9.14455e-001	8.60972e-002	
1.85361e-001	8.15245e-001	
3.01142e-001	6.99689e-001	
3.51333e-001	6.49168e-001	
3.08740e-001	6.91668e-001	
4.85031e-001	5.17903e-001	
5.41901e-001	4.58938e-001	
8.12619e-001	1.87972e-001	
3.67125e-002	9.63821e-001	
4.29953e-001	5.70398e-001	
2.57099e-002	9.74940e-001	
2.29693e-001	7.70766e-001	
8.90254e-002	9.11686e-001	
2.43486e-001	7.56994e-001	
7.16435e-001	2.84300e-001	
4.53035e-001	5.47562e-001	
7.88252e-001	2.12321e-001	
1.08874e-001	8.91685e-001	
1.69268e-001	8.31389e-001	
4.92283e-001	5.08398e-001	
8.21608e-001	1.78771e-001	
1.26965e-001	8.73462e-001	
5.54988e-001	4.45327e-001	
5.04060e-001	4.96338e-001	
5.00669e-002	9.50623e-001	
7.07640e-001	2.94264e-001	
7.36113e-001	2.64277e-001	
2.51600e-001	7.48671e-001	
1.98317e-001	8.02068e-001	
9.26419e-001	7.41827e-002	
8.95448e-001	1.05713e-001	
5.96915e-001	4.03455e-001	
5.95673e-002	9.41642e-001	
2.35857e-001	7.64816e-001	
7.24604e-001	2.75931e-001	
5.48004e-001	4.52562e-001	
4.46031e-002	9.56503e-001	
3.17918e-001	6.82670e-001	
8.05373e-001	1.95009e-001	
4.50095e-001	5.50389e-001	
3.22055e-001	6.78676e-001	
6.04814e-001	3.95749e-001	
6.97664e-002	9.30853e-001	
2.84700e-001	7.17460e-001	
2.91817e-001	7.08802e-001	
9.24204e-001	7.63493e-002	
4.99183e-001	5.01328e-001	
6.46546e-001	3.55825e-001	
1.30862e-001	8.69704e-001	
8.41597e-002	9.16345e-001	
