2.08544e-001	1.29046e+000	
4.64853e-001	2.27546e-001	
2.19789e-001	4.89760e-001	
2.17600e+000	1.12961e-001	
2.91997e-001	3.53853e-001	
1.99885e+000	1.57887e-001	
3.44424e-001	2.87494e-001	
2.33287e+000	8.21890e-004	
2.68661e-001	3.84932e-001	
2.03403e+000	1.23152e-001	
2.05151e-001	1.29707e+000	
2.00369e+000	1.33125e-001	
5.58565e-004	2.26711e+000	
1.53339e+000	1.85213e-001	
2.15808e-001	1.19972e+000	
2.98834e-001	3.11079e-001	
5.94720e-001	2.15316e-001	
5.90868e-001	2.23970e-001	
1.96181e+000	1.59966e-001	
4.06553e-001	2.63171e-001	
1.93744e+000	1.66098e-001	
2.90727e-001	3.55806e-001	
2.80794e-001	3.65374e-001	
2.56583e-001	4.84988e-001	
2.03662e+000	1.23309e-001	
2.84766e-001	3.69635e-001	
1.98859e+000	1.62150e-001	
1.53845e+000	1.85825e-001	
2.24824e-001	5.01845e-001	
2.69429e-001	4.01036e-001	
2.33432e+000	8.22400e-004	
3.02126e-001	3.14506e-001	
3.48722e-001	2.91848e-001	
7.81193e-001	2.23380e-001	
1.10743e-002	2.29262e+000	
2.05436e-001	1.29886e+000	
4.65813e-001	2.28016e-001	
2.95963e-001	3.58659e-001	
2.92620e-001	3.68336e-001	
4.12798e-001	2.81681e-001	
2.17927e+000	1.13131e-001	
2.00674e+000	1.33327e-001	
2.25394e-004	2.41210e+000	
2.96963e-001	3.73688e-001	
1.55774e+000	1.85965e-001	
2.00743e+000	1.33373e-001	
2.34704e-001	5.14639e-001	
2.61403e-001	5.02115e-001	
2.11128e-001	1.30644e+000	
2.70138e-001	4.02091e-001	
4.69732e-001	2.29934e-001	
4.14226e-001	2.82655e-001	
2.31234e-001	6.02026e-001	
6.03645e-001	2.28813e-001	
2.25463e-004	2.41284e+000	
7.85342e-001	2.24566e-001	
2.33497e+000	8.22631e-004	
3.11903e-001	3.24683e-001	
2.11450e-001	1.30844e+000	
2.76433e-001	4.11461e-001	
2.32635e-001	6.05672e-001	
2.61077e-001	5.01489e-001	
2.02182e+000	1.34329e-001	
2.33718e+000	8.23407e-004	
1.68905e+000	1.87771e-001	
2.88473e-001	4.01816e-001	
3.15060e-001	3.27970e-001	
2.01943e+000	1.53336e-001	
7.85223e-001	2.24475e-001	
2.37630e-001	5.21053e-001	
4.73759e-001	2.31905e-001	
2.25515e-004	2.41339e+000	
1.59237e+000	1.91950e-001	
2.01032e+000	1.61125e-001	
3.09730e-001	4.03356e-001	
7.88349e-001	2.25426e-001	
2.40616e-001	5.27600e-001	
1.60033e+000	1.91050e-001	
2.16812e-001	1.34295e+000	
2.87272e-001	4.19107e-001	
1.59808e-003	2.44284e+000	
4.77785e-001	2.33745e-001	
2.82117e-001	4.76776e-001	
2.34261e+000	8.25320e-004	
2.14550e-001	1.38549e+000	
2.93543e-001	4.11312e-001	
2.84059e-001	4.22811e-001	
3.18995e-001	3.32066e-001	
2.03865e+000	1.35447e-001	
4.80257e-001	2.31471e-001	
2.01505e+000	1.64308e-001	
2.33244e-004	2.49611e+000	
2.34191e+000	8.25073e-004	
2.23943e-004	2.60588e+000	
2.41125e-001	5.34499e-001	
3.06966e-002	2.44294e+000	
8.05218e-001	2.30250e-001	
1.60685e+000	2.15357e-001	
4.76978e-001	2.33481e-001	
2.16498e+000	1.38613e-001	
