9.45812e-001	3.88270e-002	
1.23017e-001	8.82972e-002	
1.25170e-001	7.83837e-002	
1.18984e+000	6.13880e-004	
1.07573e+000	2.61846e-002	
3.16819e-002	9.84108e-001	
1.52454e-003	1.18195e+000	
6.18541e-002	3.63362e-001	
2.54656e-002	1.00064e+000	
8.34263e-002	1.18477e-001	
1.15555e+000	5.24781e-003	
1.83838e-001	7.21639e-002	
5.48969e-002	7.85754e-001	
6.30927e-002	2.09721e-001	
1.34770e-001	7.50212e-002	
4.16079e-002	8.69158e-001	
5.92963e-002	6.88598e-001	
2.21427e-001	6.15342e-002	
8.13729e-001	5.57374e-002	
6.03610e-002	4.96701e-001	
1.12449e+000	8.91630e-003	
5.25504e-002	8.17097e-001	
1.11100e+000	2.31968e-002	
1.07697e-001	1.02721e-001	
2.37932e-001	6.61207e-002	
4.56927e-002	9.46340e-001	
5.20822e-002	8.68098e-001	
1.12960e+000	1.85331e-002	
1.14298e-001	1.07088e-001	
8.23160e-001	5.65055e-002	
2.59549e-002	1.01986e+000	
7.06956e-002	2.45148e-001	
6.38654e-002	3.49324e-001	
5.65311e-002	8.03748e-001	
1.18896e+000	6.13428e-004	
6.17455e-002	3.62724e-001	
6.91602e-002	2.64706e-001	
9.45934e-001	3.88320e-002	
1.83453e-001	7.32456e-002	
1.17658e+000	5.34334e-003	
1.08954e+000	2.65206e-002	
1.52389e-003	1.18145e+000	
5.94818e-002	7.95268e-001	
1.25131e-001	7.98415e-002	
3.70774e-002	9.84913e-001	
8.28727e-002	1.18785e-001	
1.25043e-001	8.97508e-002	
1.29968e-001	7.91787e-002	
1.13722e+000	1.77339e-002	
1.25731e+000	5.12915e-005	
1.09369e+000	3.24442e-002	
1.83621e-001	7.33127e-002	
8.25556e-001	5.66700e-002	
5.86404e-002	7.96196e-001	
7.05271e-002	2.48233e-001	
2.65362e-002	1.03002e+000	
1.76647e-003	1.18322e+000	
5.49623e-002	9.12606e-001	
6.73081e-002	3.78631e-001	
3.75818e-002	9.98314e-001	
6.30980e-002	3.94143e-001	
1.22025e-001	1.09598e-001	
8.75411e-002	1.18106e-001	
1.20266e+000	5.46178e-003	
9.45604e-001	3.88184e-002	
2.52535e-001	7.01788e-002	
6.13302e-002	5.04676e-001	
6.92983e-002	2.65235e-001	
4.59240e-002	9.52088e-001	
1.52835e-003	1.18491e+000	
1.27233e+000	6.56441e-004	
6.55488e-002	3.98722e-001	
6.81062e-002	3.83121e-001	
8.29861e-001	5.79571e-002	
8.84698e-002	1.19358e-001	
2.18052e-001	7.48957e-002	
5.59513e-002	9.29027e-001	
2.65809e-002	1.05585e+000	
6.00751e-002	8.15675e-001	
1.23155e+000	2.06708e-002	
1.24718e+000	6.90147e-003	
1.23947e+000	1.93561e-002	
1.15582e+000	2.81340e-002	
4.59699e-002	9.76072e-001	
1.16304e+000	2.27663e-002	
1.30329e-001	8.16144e-002	
2.00081e-001	7.67460e-002	
1.26678e-001	9.09248e-002	
9.76585e-001	4.03630e-002	
7.11408e-002	2.50393e-001	
6.27143e-002	4.17169e-001	
1.32753e+000	5.77387e-004	
1.50225e-003	1.20415e+000	
8.30948e-001	5.70401e-002	
2.47058e-001	7.59864e-002	
6.21572e-002	6.80384e-001	
1.00488e+000	4.10977e-002	
5.68935e-002	9.44672e-001	
6.33086e-002	4.21123e-001	
1.16627e+000	2.76711e-002	
