6.28184e-002	9.73065e-002	
8.02205e-002	7.34284e-002	
7.42945e-002	8.00669e-002	
3.73313e-002	6.84834e-001	
6.12030e-002	1.08888e-001	
8.37557e-002	7.03383e-002	
1.84517e-001	4.74961e-002	
7.04964e-002	8.46947e-002	
2.14040e-002	9.12619e-001	
9.37420e-002	6.19840e-002	
3.26828e-002	7.53847e-001	
2.53087e-002	8.53764e-001	
2.84037e-001	4.59567e-002	
3.14317e-002	7.70082e-001	
1.56744e-004	1.03350e+000	
5.05184e-002	1.63185e-001	
5.93339e-002	1.12559e-001	
4.91585e-001	4.16784e-002	
6.67181e-002	8.59843e-002	
1.86982e-002	9.25174e-001	
8.59009e-002	6.64579e-002	
2.81289e-002	8.23048e-001	
5.18490e-002	1.54835e-001	
1.05273e+000	6.66741e-004	
5.41653e-002	1.30221e-001	
4.34728e-002	5.26232e-001	
1.33274e-002	9.53800e-001	
1.67509e-002	9.37941e-001	
5.68053e-002	1.15000e-001	
7.39680e-002	7.97150e-002	
7.21383e-002	8.38670e-002	
3.73333e-002	6.84870e-001	
2.76153e-002	8.38766e-001	
1.39361e-004	1.03754e+000	
2.91068e-001	4.50284e-002	
1.70336e-002	9.53770e-001	
1.82361e-002	9.39511e-001	
6.58302e-002	8.76587e-002	
6.82806e-002	8.65243e-002	
8.91450e-002	6.55421e-002	
2.61129e-002	8.52936e-001	
1.06361e+000	3.69867e-004	
5.52554e-002	1.32842e-001	
1.53553e-002	9.66883e-001	
2.85225e-001	4.61489e-002	
3.14322e-002	7.70096e-001	
5.65946e-002	1.22427e-001	
6.12363e-002	1.08947e-001	
6.26860e-002	9.71014e-002	
2.19921e-002	9.26910e-001	
9.37418e-002	6.19839e-002	
5.05060e-002	1.62188e-001	
8.02709e-002	7.34745e-002	
1.84413e-001	4.74694e-002	
5.93316e-002	1.12555e-001	
3.28870e-002	7.54903e-001	
8.37904e-002	7.03674e-002	
6.57131e-002	8.92103e-002	
1.04051e-001	6.30976e-002	
6.07304e-002	1.08047e-001	
3.29601e-002	7.66852e-001	
1.84715e-001	4.75469e-002	
8.41990e-002	7.07106e-002	
7.22504e-002	8.29734e-002	
1.06663e+000	4.02629e-004	
8.90901e-002	6.55017e-002	
7.44078e-002	7.98738e-002	
1.59127e-001	6.20637e-002	
3.72971e-002	6.84206e-001	
6.27358e-002	9.71786e-002	
1.63624e-005	1.04288e+000	
6.85029e-002	8.61727e-002	
2.54502e-002	8.58538e-001	
1.70309e-002	9.53619e-001	
3.07020e-002	7.81558e-001	
5.11188e-002	1.65125e-001	
5.53213e-002	1.33000e-001	
8.02006e-002	7.38828e-002	
2.74819e-002	8.45277e-001	
3.73370e-002	6.86999e-001	
8.35916e-002	7.04767e-002	
5.46125e-002	1.40886e-001	
1.07159e+000	3.72644e-004	
5.09574e-002	1.64603e-001	
8.01988e-002	7.54717e-002	
3.18504e-002	8.02363e-001	
6.48007e-002	9.50297e-002	
1.86270e-001	4.79472e-002	
5.64193e-002	1.35640e-001	
7.50330e-005	1.04267e+000	
2.57135e-002	8.67422e-001	
7.39561e-002	7.94667e-002	
2.46041e-002	8.78480e-001	
9.15631e-002	6.56572e-002	
1.04992e-001	6.30974e-002	
6.28208e-002	9.73102e-002	
6.09401e-002	1.08420e-001	
3.34014e-002	7.70423e-001	
2.76941e-002	8.44863e-001	
2.58246e-002	8.71170e-001	
