1.62120e-001	9.25134e-001	
1.87612e-001	7.23418e-001	
5.73937e-001	3.47016e-001	
1.75261e-001	7.72465e-001	
9.63936e-001	3.09747e-003	
2.23329e-001	6.93176e-001	
1.59176e-001	9.33870e-001	
8.60383e-001	5.37167e-002	
5.95535e-001	3.43186e-001	
5.16607e-001	4.32775e-001	
8.97505e-001	1.59696e-002	
1.65881e-001	9.03783e-001	
8.17506e-001	2.90966e-001	
2.09848e-001	7.08329e-001	
5.04927e-001	5.67111e-001	
5.49125e-004	1.03418e+000	
8.12988e-001	2.97700e-001	
8.64148e-001	4.97571e-002	
1.20204e-001	9.89698e-001	
2.50880e-001	6.86565e-001	
1.28411e-001	9.80224e-001	
1.82176e-001	7.41690e-001	
2.87966e-001	6.81376e-001	
9.25243e-001	8.02518e-003	
2.12531e-001	6.95294e-001	
3.12519e-001	6.74819e-001	
9.07020e-001	1.25408e-002	
4.42377e-001	6.55324e-001	
1.69213e-001	8.34313e-001	
1.03972e-002	1.01176e+000	
1.71181e-001	8.20862e-001	
5.58786e-001	3.53487e-001	
1.41586e-001	9.61278e-001	
7.97222e-001	3.11255e-001	
5.03078e-001	5.68322e-001	
1.00934e-001	9.93787e-001	
4.81594e-001	6.24701e-001	
3.90199e-001	6.72459e-001	
8.20639e-001	2.78099e-001	
5.41580e-001	3.85516e-001	
4.36032e-001	6.59533e-001	
2.29800e-001	6.88666e-001	
9.71552e-001	1.70637e-003	
8.94957e-001	1.87621e-002	
8.67556e-001	4.34852e-002	
8.61570e-001	5.20404e-002	
1.57892e-001	9.38149e-001	
8.51323e-001	7.58012e-002	
1.73466e-001	7.91807e-001	
7.64361e-001	3.31321e-001	
3.98022e-001	6.66038e-001	
7.22851e-001	3.36583e-001	
4.92356e-001	6.10674e-001	
7.81373e-001	3.16221e-001	
8.26270e-001	2.75287e-001	
4.95594e-001	5.76579e-001	
4.79750e-001	6.37373e-001	
1.55007e-001	9.41812e-001	
7.45851e-001	3.34718e-001	
4.64004e-001	6.41131e-001	
4.62691e-001	6.52698e-001	
5.08321e-001	4.99753e-001	
5.12797e-001	4.46851e-001	
8.87804e-001	2.44798e-002	
8.98417e-002	9.99935e-001	
8.68670e-001	3.48360e-002	
2.01665e-001	7.09672e-001	
8.09984e-001	2.99632e-001	
1.85014e-001	7.28456e-001	
8.38417e-001	2.52187e-001	
8.40052e-001	1.16781e-001	
9.34433e-001	5.12442e-003	
4.38986e-001	6.57953e-001	
5.52892e-004	1.04127e+000	
9.73498e-001	1.50997e-003	
5.16618e-001	4.32680e-001	
5.95521e-001	3.43178e-001	
7.71585e-001	3.34453e-001	
8.46507e-001	1.23447e-001	
3.12461e-001	6.74692e-001	
5.12615e-001	5.51220e-001	
5.57901e-001	3.52928e-001	
4.19611e-001	6.65823e-001	
2.88496e-001	6.82631e-001	
2.12537e-001	6.95313e-001	
8.43678e-001	2.02225e-001	
1.56781e-002	1.01340e+000	
9.06655e-002	1.00910e+000	
1.65850e-001	9.03614e-001	
1.69386e-001	8.35166e-001	
4.91496e-001	6.12577e-001	
8.40767e-001	2.30564e-001	
8.60597e-001	5.37301e-002	
1.77763e-001	7.77884e-001	
8.33411e-001	2.83195e-001	
1.75337e-001	8.17159e-001	
4.68507e-001	6.43689e-001	
2.02011e-001	7.10890e-001	
1.41858e-001	9.63123e-001	
5.00572e-001	5.83055e-001	
