2.46003e-003	8.13048e-001	
1.02231e+000	2.66726e-002	
1.00015e+000	3.48141e-002	
9.95976e-001	1.04374e-001	
1.61843e-001	6.94682e-001	
3.14711e-001	4.40582e-001	
1.83436e-001	5.91922e-001	
1.65946e-001	6.54942e-001	
3.38820e-001	4.23931e-001	
8.59614e-001	2.16170e-001	
1.59863e-001	7.18788e-001	
7.59392e-001	2.49449e-001	
8.83496e-003	8.03908e-001	
2.73674e-001	4.72835e-001	
2.85264e-001	4.62963e-001	
2.43113e-001	5.02322e-001	
3.85361e-001	3.95813e-001	
4.03014e-001	3.86369e-001	
1.96217e-001	5.65622e-001	
7.39096e-001	2.55715e-001	
3.80629e-002	8.01419e-001	
9.11082e-001	1.95298e-001	
8.88204e-001	2.05142e-001	
8.83036e-001	2.07505e-001	
7.26048e-001	2.59921e-001	
7.09299e-001	2.65139e-001	
2.32386e-001	5.14173e-001	
2.60961e-001	4.84418e-001	
4.69982e-001	3.53381e-001	
1.56253e-001	7.38513e-001	
4.49461e-001	3.62846e-001	
4.84192e-001	3.47068e-001	
2.54166e-001	4.90866e-001	
9.92547e-001	1.17772e-001	
1.78335e-001	6.05531e-001	
5.83078e-001	3.07632e-001	
9.87326e-001	1.31336e-001	
9.56622e-001	1.67631e-001	
9.73710e-001	1.51370e-001	
5.36990e-001	3.25090e-001	
9.82010e-001	1.41516e-001	
2.25582e-001	5.22684e-001	
6.19021e-001	2.95000e-001	
5.49433e-001	3.20308e-001	
9.66136e-001	1.59375e-001	
6.71610e-001	2.77230e-001	
4.95694e-001	3.42436e-001	
4.33840e-001	3.70350e-001	
9.38986e-001	1.80011e-001	
7.76104e-001	2.44360e-001	
2.98605e-001	4.52483e-001	
8.46654e-001	2.20857e-001	
6.51186e-001	2.84007e-001	
8.03971e-002	7.94491e-001	
3.66707e-001	4.06585e-001	
5.70471e-001	3.12287e-001	
9.47384e-001	1.74527e-001	
4.59229e-001	3.58996e-001	
5.25255e-001	3.29836e-001	
3.74024e-001	4.02376e-001	
5.61221e-001	3.15897e-001	
5.06987e-001	3.37319e-001	
2.17597e-001	5.33032e-001	
3.02650e-001	4.49474e-001	
2.03102e-001	5.53916e-001	
6.56446e-002	7.97745e-001	
6.36942e-001	2.89289e-001	
7.89955e-001	2.39764e-001	
8.03787e-001	2.35383e-001	
6.59554e-001	2.81228e-001	
1.32790e-001	7.72892e-001	
1.44836e-001	7.61448e-001	
6.96957e-001	2.69075e-001	
1.74030e-001	6.17964e-001	
4.14106e-001	3.80283e-001	
6.05839e-001	2.99466e-001	
1.05559e-001	7.86846e-001	
5.15847e-001	3.33658e-001	
2.08566e-001	5.45544e-001	
9.03708e-002	7.91811e-001	
9.27547e-001	1.86948e-001	
1.18431e-001	7.81794e-001	
3.55015e-001	4.13630e-001	
6.30766e-001	2.90885e-001	
1.39841e-001	7.69864e-001	
1.22261e-001	7.79376e-001	
6.84609e-001	2.73317e-001	
8.36998e-001	2.24275e-001	
5.95673e-001	3.03078e-001	
1.67641e-001	6.44421e-001	
4.89322e-002	8.00229e-001	
2.13349e-001	5.38691e-001	
1.52633e-001	7.48446e-001	
1.50227e-001	7.53296e-001	
4.28156e-001	3.73931e-001	
4.20240e-001	3.77191e-001	
9.97101e-002	7.88913e-001	
1.69295e-001	6.36304e-001	
5.75180e-002	7.99141e-001	
9.16199e-001	1.92563e-001	
