3.27671e-004	1.00057e+000	
1.00042e+000	6.34970e-005	
9.92430e-001	1.34082e-001	
8.77140e-002	9.95517e-001	
9.74890e-001	3.22477e-001	
5.21268e-002	9.97976e-001	
1.43864e-001	9.91804e-001	
9.95656e-001	8.57783e-002	
9.66871e-001	3.74858e-001	
9.88709e-001	1.85652e-001	
2.22869e-001	9.85749e-001	
9.97693e-001	5.08422e-002	
9.80380e-001	2.75660e-001	
9.84006e-001	2.40975e-001	
8.47891e-001	7.09927e-001	
1.71470e-001	9.89843e-001	
1.95659e-001	9.87922e-001	
9.98998e-001	2.67082e-002	
9.78228e-001	2.93654e-001	
3.29834e-001	9.73686e-001	
2.58982e-001	9.82264e-001	
8.33920e-001	7.29313e-001	
9.60340e-001	4.11649e-001	
9.54811e-001	4.39418e-001	
9.36350e-001	5.17192e-001	
8.57717e-001	6.95943e-001	
3.00787e-001	9.77476e-001	
9.48335e-001	4.68024e-001	
9.85766e-001	2.23437e-001	
6.11587e-001	9.01510e-001	
4.33640e-001	9.56174e-001	
9.64974e-001	3.86633e-001	
8.80617e-001	6.55520e-001	
4.14050e-001	9.60059e-001	
8.72604e-001	6.69965e-001	
9.21989e-001	5.58837e-001	
8.65548e-001	6.81962e-001	
9.87603e-001	1.99598e-001	
3.46687e-001	9.71353e-001	
8.87410e-001	6.41739e-001	
9.40794e-001	4.97488e-001	
4.78417e-001	9.46002e-001	
8.26405e-001	7.39782e-001	
3.98329e-001	9.62794e-001	
9.30496e-001	5.33609e-001	
7.86823e-001	7.84650e-001	
6.28926e-001	8.93808e-001	
3.64312e-001	9.68682e-001	
4.59678e-001	9.50321e-001	
5.77200e-001	9.15500e-001	
2.89580e-001	9.78623e-001	
2.69950e-001	9.80900e-001	
9.27132e-001	5.43757e-001	
9.56970e-001	4.28611e-001	
7.49672e-001	8.18062e-001	
8.08822e-001	7.61205e-001	
6.45814e-001	8.85597e-001	
6.95576e-001	8.57360e-001	
5.64065e-001	9.20142e-001	
4.50377e-001	9.52609e-001	
5.98064e-001	9.07338e-001	
7.96896e-001	7.73706e-001	
4.88985e-001	9.43350e-001	
6.59601e-001	8.78427e-001	
5.01889e-001	9.39655e-001	
5.89143e-001	9.10928e-001	
7.70812e-001	7.99660e-001	
5.53460e-001	9.23759e-001	
7.40998e-001	8.25104e-001	
9.16421e-001	5.74513e-001	
9.43572e-001	4.87705e-001	
8.99137e-001	6.17048e-001	
5.42895e-001	9.27431e-001	
7.28379e-001	8.34782e-001	
9.03440e-001	6.07070e-001	
3.83611e-001	9.65511e-001	
9.46544e-001	4.76200e-001	
8.01667e-001	7.68507e-001	
8.93520e-001	6.29552e-001	
6.73649e-001	8.70583e-001	
5.28629e-001	9.32065e-001	
3.77199e-001	9.66605e-001	
7.34117e-001	8.30433e-001	
7.79249e-001	7.91732e-001	
6.85257e-001	8.63749e-001	
7.60378e-001	8.09029e-001	
5.16438e-001	9.35683e-001	
7.07965e-001	8.49473e-001	
8.17117e-001	7.50866e-001	
8.18142e-001	7.49630e-001	
9.06946e-001	5.99207e-001	
7.05008e-001	8.51241e-001	
7.59160e-001	8.10071e-001	
7.17668e-001	8.42959e-001	
9.11813e-001	5.86604e-001	
5.34141e-001	9.30590e-001	
7.19167e-001	8.41530e-001	
5.11526e-001	9.36795e-001	
6.81950e-001	8.65839e-001	
8.95335e-001	6.25437e-001	
