1.06881e-003	9.99913e-001	
8.79239e-001	1.74672e-003	
5.97272e-002	7.65373e-001	
5.61819e-001	2.47401e-001	
3.34579e-001	4.36099e-001	
4.91884e-001	2.49292e-001	
3.38556e-001	3.57861e-001	
5.85756e-002	8.43057e-001	
7.49359e-001	1.19704e-001	
6.07911e-001	2.44614e-001	
1.83090e-001	5.97834e-001	
6.21111e-002	7.11258e-001	
7.52204e-001	7.73301e-002	
4.51351e-001	2.52079e-001	
3.32483e-001	4.69306e-001	
2.18409e-001	5.95433e-001	
8.20710e-002	6.31073e-001	
7.43656e-001	1.58970e-001	
1.47741e-001	5.99724e-001	
5.62028e-002	8.82694e-001	
8.57761e-001	3.01592e-003	
3.56892e-001	2.99549e-001	
7.21239e-002	6.52499e-001	
6.37630e-002	6.94544e-001	
5.36027e-002	9.07709e-001	
6.32121e-001	2.41631e-001	
5.74757e-002	8.63028e-001	
3.42858e-001	3.31543e-001	
4.37147e-002	9.52601e-001	
3.29360e-001	4.93465e-001	
3.64793e-001	2.86527e-001	
7.73193e-001	2.73294e-002	
6.75230e-002	6.73260e-001	
6.45243e-001	2.39587e-001	
6.94463e-001	2.22716e-001	
4.34100e-001	2.54999e-001	
7.23096e-001	2.00590e-001	
7.87823e-001	1.77612e-002	
7.31422e-001	1.88827e-001	
3.47849e-001	3.15307e-001	
8.36466e-001	5.11919e-003	
1.36144e-001	6.01008e-001	
6.80233e-001	2.29278e-001	
6.61982e-001	2.35314e-001	
7.55556e-001	5.77059e-002	
1.18158e-001	6.04850e-001	
1.11859e-002	9.96128e-001	
5.15578e-002	9.21217e-001	
3.60613e-002	9.70348e-001	
9.18877e-002	6.19282e-001	
7.57789e-001	5.04301e-002	
2.13659e-002	9.89190e-001	
7.15272e-001	2.08105e-001	
2.48457e-001	5.90156e-001	
3.27346e-001	5.03716e-001	
1.10498e-001	6.07552e-001	
2.68762e-001	5.83112e-001	
2.60662e-001	5.86599e-001	
4.20694e-001	2.57424e-001	
7.64287e-001	3.74919e-002	
6.90015e-002	6.63505e-001	
8.26552e-001	6.55647e-003	
4.11721e-001	2.59545e-001	
6.70865e-001	2.32615e-001	
4.73871e-002	9.40508e-001	
3.07102e-001	5.52435e-001	
4.90164e-002	9.33859e-001	
3.24080e-001	5.16475e-001	
4.01368e-001	2.62861e-001	
2.32562e-001	5.93559e-001	
9.93004e-002	6.13828e-001	
7.04169e-001	2.17125e-001	
7.95426e-001	1.43987e-002	
7.36580e-001	1.78996e-001	
3.45185e-001	3.22914e-001	
3.16781e-001	5.35950e-001	
7.08142e-001	2.13983e-001	
3.73185e-001	2.78512e-001	
8.15118e-001	8.84794e-003	
3.01425e-001	5.59510e-001	
3.20171e-001	5.27997e-001	
8.03230e-001	1.17642e-002	
2.38275e-001	5.92512e-001	
2.88896e-001	5.71334e-001	
3.78996e-001	2.74089e-001	
7.67078e-001	3.36708e-002	
2.79401e-001	5.77840e-001	
2.98207e-001	5.63081e-001	
2.92250e-001	5.68638e-001	
2.71679e-002	9.83483e-001	
2.98271e-002	9.80107e-001	
3.94596e-001	2.65476e-001	
3.11533e-001	5.45736e-001	
3.86701e-001	2.69375e-001	
2.81187e-001	5.76723e-001	
3.44423e-002	9.73287e-001	
3.22795e-001	5.22579e-001	
3.13603e-001	5.42140e-001	
8.10423e-001	1.00252e-002	
7.38518e-001	1.74556e-001	
