1.75432e+000	2.57372e-004	
4.59061e-003	1.00119e+000	
6.85092e-001	6.89065e-001	
3.51455e-001	6.90137e-001	
1.29788e+000	3.07592e-001	
1.16363e+000	3.13273e-001	
1.49793e+000	2.62740e-001	
1.41864e+000	2.89682e-001	
1.34457e+000	3.02885e-001	
1.52083e+000	2.50651e-001	
1.68617e+000	4.79166e-003	
1.40078e+000	2.95518e-001	
1.55245e+000	2.27365e-001	
1.66906e+000	1.97382e-002	
1.11653e+000	3.16955e-001	
1.65509e+000	6.00220e-002	
2.50536e-001	7.25547e-001	
9.42428e-001	3.62768e-001	
2.33636e-001	7.48733e-001	
8.82742e-001	4.23134e-001	
9.75226e-001	3.48840e-001	
7.85822e-001	5.99440e-001	
7.98074e-001	5.78173e-001	
2.03677e-001	8.54233e-001	
7.21506e-002	9.90729e-001	
1.75672e-001	9.33124e-001	
8.12770e-001	5.51682e-001	
1.39155e-002	9.98756e-001	
7.05693e-001	6.79350e-001	
7.68833e-001	6.20784e-001	
1.99420e-001	8.74158e-001	
1.59367e+000	1.85037e-001	
2.07956e-001	8.32700e-001	
7.26556e-001	6.66689e-001	
1.63650e+000	1.17797e-001	
8.20202e-001	5.35870e-001	
1.63942e+000	9.58603e-002	
1.03282e+000	3.29310e-001	
1.58476e+000	1.97085e-001	
1.04748e+000	3.26377e-001	
1.86041e-001	9.14357e-001	
1.28315e-001	9.74096e-001	
8.66313e-001	4.38627e-001	
1.46022e-001	9.64193e-001	
8.88329e-001	4.06286e-001	
1.56365e+000	2.16909e-001	
8.04379e-001	5.66152e-001	
1.01339e+000	3.34808e-001	
1.57449e+000	2.08187e-001	
1.06884e+000	3.23081e-001	
1.95371e-001	8.89464e-001	
1.64464e+000	8.33101e-002	
9.25140e-001	3.75986e-001	
1.18423e-001	9.78490e-001	
7.57690e-001	6.35871e-001	
2.22870e-001	7.72749e-001	
7.78248e-001	6.10985e-001	
4.53309e-002	9.96085e-001	
1.10071e+000	3.18583e-001	
2.18527e-001	7.89152e-001	
2.10908e-001	8.18136e-001	
9.97643e-002	9.84866e-001	
2.14503e-001	8.01831e-001	
1.61903e+000	1.52574e-001	
1.08241e+000	3.20706e-001	
8.35179e-001	4.98425e-001	
2.69568e-001	7.19818e-001	
3.38121e-001	6.91372e-001	
2.27971e-001	7.60136e-001	
1.62391e+000	1.39244e-001	
1.90480e-001	9.05711e-001	
1.63137e+000	1.30557e-001	
7.40734e-001	6.55290e-001	
1.65076e+000	6.70506e-002	
1.53866e-001	9.57859e-001	
8.99868e-002	9.87164e-001	
1.61012e+000	1.61888e-001	
4.79976e-002	9.94521e-001	
1.67678e+000	1.00797e-002	
9.37046e-001	3.69410e-001	
6.97730e-001	6.83704e-001	
8.49896e-001	4.65188e-001	
8.60806e-001	4.43045e-001	
8.25552e-001	5.21739e-001	
8.42236e-001	4.82179e-001	
3.19866e-001	6.93585e-001	
8.56179e-001	4.57801e-001	
1.68512e-001	9.45384e-001	
1.63790e-001	9.48470e-001	
3.04551e-001	6.96340e-001	
7.32024e-001	6.62555e-001	
1.00073e+000	3.38317e-001	
1.60313e+000	1.71924e-001	
9.13358e-001	3.85541e-001	
8.97921e-001	3.96780e-001	
8.32477e-001	5.12022e-001	
2.86611e-001	7.06221e-001	
7.50051e-001	6.46557e-001	
8.41059e-001	4.84315e-001	
9.01585e-001	3.94897e-001	
