5.04225e-002	1.66138e+000	
1.91460e+000	1.17073e-002	
2.18176e+000	4.47665e-004	
6.09232e-003	1.67569e+000	
4.29097e-003	1.86267e+000	
1.88969e+000	1.29678e-001	
2.05523e+000	9.20251e-003	
1.32659e+000	6.27475e-001	
5.84224e-001	7.84892e-001	
5.55045e-004	2.03673e+000	
7.31644e-001	6.33863e-001	
1.74128e+000	2.21859e-001	
7.83966e-001	7.63282e-001	
1.82355e+000	2.52462e-001	
6.80036e-003	2.03464e+000	
8.38320e-001	7.26282e-001	
2.08308e+000	1.35023e-002	
1.71410e-002	1.87485e+000	
1.28094e+000	6.34850e-001	
2.24406e+000	3.22177e-004	
6.16844e-001	1.05074e+000	
2.01825e+000	2.36398e-002	
6.40545e-001	8.57655e-001	
4.61053e-002	1.83354e+000	
5.73890e-004	2.10588e+000	
1.23714e+000	6.39524e-001	
2.58482e-003	2.20087e+000	
8.12566e-001	7.91488e-001	
7.98229e-001	8.65931e-001	
1.73709e-002	1.90000e+000	
2.04286e+000	7.01920e-002	
6.81302e-001	1.38743e+000	
1.20514e+000	7.64567e-001	
7.62776e-001	8.71875e-001	
2.28876e+000	2.15864e-003	
2.07350e+000	5.14624e-002	
2.35656e+000	3.38329e-004	
7.51430e-003	2.16567e+000	
2.13763e+000	1.32088e-002	
6.40408e-001	1.58584e+000	
6.05256e-004	2.22098e+000	
7.09384e-001	9.52343e-001	
1.28818e+000	6.63237e-001	
1.92709e+000	2.66796e-001	
1.38693e+000	6.40823e-001	
1.34294e+000	6.60406e-001	
1.63020e+000	6.45035e-001	
6.71860e-001	1.59860e+000	
6.53217e-001	1.61709e+000	
2.30239e+000	8.38224e-003	
2.23009e+000	1.72748e-002	
8.23997e-001	8.68169e-001	
8.03435e-001	9.20791e-001	
7.29770e-001	1.18309e+000	
8.48703e-001	7.99272e-001	
7.62002e-002	1.93291e+000	
2.14310e+000	5.89198e-002	
8.13988e-001	9.19044e-001	
1.82202e-002	1.99289e+000	
1.99972e+000	2.76851e-001	
6.91193e-001	1.41580e+000	
2.05549e+000	7.06260e-002	
1.44005e+000	6.58506e-001	
2.39435e+000	4.88645e-003	
6.94445e-001	1.39726e+000	
2.52186e+000	3.62061e-004	
7.15872e-001	1.21942e+000	
6.05126e-004	2.22050e+000	
7.09374e-001	1.27073e+000	
2.19631e+000	4.18088e-002	
7.85605e-001	9.72607e-001	
6.83245e-001	1.53052e+000	
6.89368e-001	1.47742e+000	
1.32534e+000	6.82366e-001	
2.55496e+000	3.66813e-004	
6.07271e-004	2.22837e+000	
2.06501e+000	2.85890e-001	
1.45220e+000	6.70981e-001	
7.66943e-002	1.94544e+000	
6.54789e-001	1.65864e+000	
1.27964e+000	8.08184e-001	
9.13732e-001	8.17407e-001	
7.03857e-001	1.41081e+000	
7.33848e-001	1.21353e+000	
8.12178e-001	9.39244e-001	
2.11011e+000	7.25028e-002	
1.35476e+000	6.97513e-001	
6.91672e-001	1.60837e+000	
1.88972e-002	2.06694e+000	
2.39357e+000	4.88486e-003	
7.19243e-001	1.22516e+000	
3.18384e-002	2.00327e+000	
8.49906e-001	8.20434e-001	
2.20260e+000	6.05555e-002	
2.33509e+000	1.04556e-002	
8.42573e-001	8.87741e-001	
2.27862e+000	1.76507e-002	
6.69611e-001	1.65575e+000	
2.21672e+000	4.21974e-002	
8.35713e-001	9.06593e-001	
