1.89389e-001	7.27439e-001	
8.06518e-001	3.04046e-001	
9.07866e-001	1.68240e-002	
5.01252e-001	5.79418e-001	
8.73334e-001	4.03735e-002	
9.70430e-001	2.23212e-003	
5.21554e-001	3.85291e-001	
6.01980e-001	3.42907e-001	
1.75954e-001	7.62553e-001	
2.07336e-001	7.02214e-001	
1.71545e-001	7.77136e-001	
1.51501e-001	9.60684e-001	
9.51031e-001	3.65039e-003	
7.69636e-001	3.23775e-001	
7.62092e-001	3.29698e-001	
9.29901e-001	1.06370e-002	
1.62747e-001	9.19740e-001	
2.74518e-003	1.01746e+000	
1.29706e-001	9.81074e-001	
4.62387e-001	6.56754e-001	
1.70510e-001	7.80219e-001	
8.28744e-001	2.72252e-001	
5.05435e-001	4.99011e-001	
2.57443e-001	6.97412e-001	
8.91039e-001	2.38406e-002	
8.76073e-001	3.04098e-002	
7.75269e-001	3.20149e-001	
5.68552e-001	3.48928e-001	
2.53466e-001	6.98966e-001	
4.90101e-001	6.10951e-001	
9.88151e-001	1.05041e-003	
7.99053e-001	3.13103e-001	
1.41988e-001	9.69040e-001	
6.34355e-001	3.37148e-001	
8.39228e-001	1.79077e-001	
6.66278e-003	1.00919e+000	
5.73945e-001	3.44891e-001	
7.86903e-001	3.14322e-001	
8.88873e-001	2.60385e-002	
1.79478e-001	7.47080e-001	
1.94386e-001	7.14672e-001	
4.85380e-001	6.19871e-001	
2.00836e-001	7.09002e-001	
4.67554e-001	6.39932e-001	
1.60428e-001	9.32445e-001	
8.51572e-001	6.24467e-002	
8.35304e-001	2.49184e-001	
9.37556e-001	5.21691e-003	
8.56848e-001	5.20908e-002	
8.03152e-001	3.07140e-001	
2.60588e-001	6.91469e-001	
1.47000e-001	9.62011e-001	
5.39379e-001	3.68477e-001	
2.03829e-004	1.02726e+000	
8.85768e-001	2.83877e-002	
7.99844e-002	1.00090e+000	
9.09029e-001	1.22888e-002	
4.79470e-001	6.28028e-001	
8.93245e-001	1.91895e-002	
1.90485e-001	7.18457e-001	
1.64728e-001	9.09379e-001	
1.68458e-001	8.17395e-001	
1.57411e-001	9.44815e-001	
1.35382e-001	9.71485e-001	
8.21798e-001	3.01773e-001	
2.66049e-001	6.78109e-001	
4.95317e-001	5.93413e-001	
9.93806e-001	1.05643e-003	
2.09079e-004	1.05372e+000	
4.62203e-001	6.56493e-001	
2.67639e-001	6.82163e-001	
5.06752e-001	5.00311e-001	
8.52706e-001	9.36626e-002	
3.87765e-002	1.01410e+000	
5.21473e-001	3.85231e-001	
8.48890e-001	2.35517e-001	
7.61673e-001	3.29801e-001	
1.68517e-001	8.54008e-001	
1.28931e-001	9.81392e-001	
6.38812e-001	3.36880e-001	
5.00461e-001	5.78502e-001	
5.40761e-001	3.69421e-001	
5.75147e-001	3.45614e-001	
1.61975e-001	9.20424e-001	
8.31338e-001	2.77629e-001	
2.75579e-003	1.02139e+000	
1.79890e-001	7.48794e-001	
2.07441e-001	7.02570e-001	
1.70842e-001	7.81741e-001	
8.54359e-001	6.26510e-002	
6.01858e-001	3.42838e-001	
8.38588e-001	2.37228e-001	
9.70306e-001	2.23183e-003	
2.54080e-001	7.00659e-001	
8.73189e-001	4.03668e-002	
8.23356e-001	3.02345e-001	
4.72145e-001	6.46216e-001	
1.91276e-001	7.21439e-001	
9.11460e-001	1.71262e-002	
7.76827e-001	3.20793e-001	
