5.27376e-002	8.18895e-002	
1.61599e-001	3.99681e-002	
1.43844e-001	4.20888e-002	
2.36018e-002	7.59447e-001	
6.76569e-001	2.84590e-002	
8.21500e-001	1.97635e-002	
5.14138e-002	8.49637e-002	
3.66803e-002	4.01535e-001	
1.49703e-003	9.88790e-001	
5.77184e-002	7.27360e-002	
4.86837e-002	9.51202e-002	
8.98483e-001	1.19804e-002	
9.33608e-001	8.57670e-003	
7.57750e-002	5.66291e-002	
4.20854e-003	9.64898e-001	
3.53363e-002	4.69501e-001	
9.48395e-002	4.84988e-002	
8.29538e-002	5.18712e-002	
4.25897e-001	3.61142e-002	
1.39759e-002	8.71744e-001	
4.48003e-002	1.13155e-001	
9.64678e-001	4.56325e-003	
9.08743e-001	1.04242e-002	
3.87509e-002	2.11193e-001	
6.42334e-001	3.03906e-002	
7.45489e-001	2.41513e-002	
1.61277e-002	8.53520e-001	
7.75423e-001	2.22988e-002	
8.30153e-001	1.80359e-002	
9.38264e-001	7.45006e-003	
5.42309e-001	3.33537e-002	
4.08981e-002	1.42783e-001	
9.81491e-001	2.25144e-003	
3.02355e-002	6.32069e-001	
9.48605e-001	6.02206e-003	
4.29865e-002	1.21088e-001	
1.08553e-002	9.05025e-001	
6.01959e-002	6.92477e-002	
9.41143e-003	9.18061e-001	
1.25303e-002	8.90686e-001	
1.87865e-002	8.20297e-001	
6.99037e-003	9.42351e-001	
2.66178e-002	7.08246e-001	
2.08030e-001	3.88390e-002	
1.26929e-001	4.31272e-002	
2.89821e-002	6.62532e-001	
6.99299e-001	2.72657e-002	
5.33767e-003	9.51994e-001	
3.14211e-002	6.17817e-001	
1.00310e+000	1.70420e-004	
5.76551e-002	7.26562e-002	
9.34879e-001	8.58837e-003	
8.27287e-001	1.99899e-002	
4.26915e-001	3.62005e-002	
7.45480e-001	2.41510e-002	
9.83416e-001	2.03831e-003	
8.32471e-001	1.80371e-002	
3.03419e-002	6.34293e-001	
5.45837e-001	3.33257e-002	
7.58306e-002	5.66707e-002	
4.12698e-002	1.44081e-001	
5.14285e-002	8.54172e-002	
4.46934e-002	1.12885e-001	
8.31142e-002	5.19715e-002	
3.52718e-002	4.68645e-001	
2.35738e-002	7.59862e-001	
2.56611e-001	3.79723e-002	
9.64251e-001	4.44336e-003	
9.08774e-003	9.23977e-001	
1.77909e-002	8.35357e-001	
7.08813e-001	2.65086e-002	
8.99071e-001	1.17838e-002	
2.61479e-002	7.13018e-001	
1.39770e-002	8.71809e-001	
5.35011e-003	9.54213e-001	
7.74556e-001	2.22739e-002	
1.00447e+000	2.33096e-004	
9.50719e-001	6.03548e-003	
1.43779e-001	4.20698e-002	
9.37735e-001	7.44586e-003	
9.48462e-002	4.85023e-002	
4.86193e-002	9.49943e-002	
7.70288e-004	9.92900e-001	
1.62351e-002	8.55153e-001	
1.21897e-002	8.91706e-001	
4.23450e-002	1.32321e-001	
1.61313e-001	3.98974e-002	
6.76498e-001	2.84560e-002	
5.27050e-002	8.18390e-002	
3.87496e-002	2.11186e-001	
4.21384e-003	9.66113e-001	
3.67314e-002	4.02095e-001	
1.51401e-002	8.66325e-001	
7.70596e-004	9.93296e-001	
1.00411e+000	2.33014e-004	
3.66529e-002	4.01236e-001	
2.62094e-002	7.14695e-001	
4.26607e-001	3.61743e-002	
2.56491e-001	3.79545e-002	
3.90063e-002	2.12585e-001	
