1.59496e-001	9.24554e-001	
1.74862e-001	7.79982e-001	
8.70309e-001	3.61081e-002	
7.89429e-001	3.14973e-001	
4.99769e-001	5.90600e-001	
6.40703e-001	3.38605e-001	
7.63347e-001	3.26562e-001	
1.82956e-001	7.33235e-001	
5.44044e-001	3.73726e-001	
2.64372e-001	6.77056e-001	
1.35462e-001	9.71879e-001	
8.43765e-001	8.88665e-002	
1.07881e-003	1.01155e+000	
1.79070e-001	7.44627e-001	
5.85288e-001	3.45395e-001	
1.70990e-001	7.82049e-001	
5.12208e-001	4.19541e-001	
5.45630e-001	3.65930e-001	
5.69696e-001	3.49285e-001	
8.16490e-001	2.97067e-001	
9.52886e-001	2.78405e-003	
8.20575e-001	2.92702e-001	
5.10406e-001	4.50688e-001	
4.87978e-001	6.10869e-001	
9.25345e-001	6.72166e-003	
1.65828e-001	8.76286e-001	
5.57863e-001	3.54584e-001	
1.20932e-001	9.83343e-001	
1.43666e-001	9.59880e-001	
5.04917e-001	4.67121e-001	
1.09723e-001	9.90287e-001	
9.08031e-001	1.10144e-002	
1.98420e-001	7.15549e-001	
7.44461e-001	3.35806e-001	
1.77377e-001	7.48551e-001	
2.19080e-001	6.93615e-001	
4.69968e-001	6.45316e-001	
7.93952e-001	3.10233e-001	
4.73294e-001	6.30770e-001	
2.04836e-001	7.00604e-001	
1.47448e-001	9.54074e-001	
8.60767e-001	5.49369e-002	
5.02736e-001	5.10859e-001	
1.85267e-001	7.27643e-001	
8.83260e-001	2.68454e-002	
9.40914e-001	4.84642e-003	
1.93133e-001	7.21387e-001	
5.23160e-001	3.86283e-001	
6.06583e-001	3.40326e-001	
2.35787e-001	6.83638e-001	
2.61505e-001	6.78918e-001	
2.21196e-001	6.90886e-001	
1.09783e-002	1.01035e+000	
5.15740e-001	4.01246e-001	
9.74504e-001	1.41443e-003	
3.76427e-002	1.00716e+000	
8.21883e-001	2.84192e-001	
8.92575e-001	2.04802e-002	
1.63589e-001	8.97474e-001	
8.85922e-001	2.16049e-002	
8.02074e-001	3.01041e-001	
4.60527e-001	6.47660e-001	
7.52744e-001	3.28572e-001	
8.37037e-001	1.72337e-001	
9.15486e-001	9.94081e-003	
4.81183e-001	6.19085e-001	
5.05981e-001	4.52213e-001	
1.50181e-001	9.50682e-001	
5.48886e-001	3.59719e-001	
4.50518e-001	6.49138e-001	
8.26259e-001	2.70554e-001	
8.41115e-001	1.50346e-001	
8.77898e-001	2.93689e-002	
1.08019e-003	1.01284e+000	
9.76087e-001	1.41673e-003	
2.61344e-001	6.78499e-001	
4.52355e-001	6.59660e-001	
8.40754e-001	1.97200e-001	
1.09666e-001	9.89773e-001	
5.03777e-001	5.56004e-001	
8.44575e-001	8.89518e-002	
6.40696e-001	3.38602e-001	
1.71056e-001	7.82348e-001	
1.40665e-002	1.01030e+000	
7.44443e-001	3.35798e-001	
1.65747e-001	8.75858e-001	
5.07997e-001	4.62769e-001	
8.29160e-001	2.75969e-001	
4.89707e-001	6.13033e-001	
8.65340e-001	5.52287e-002	
6.06724e-001	3.40405e-001	
2.20974e-001	6.90193e-001	
1.43650e-001	9.59778e-001	
5.22977e-001	3.86148e-001	
9.27356e-001	6.84955e-003	
7.93206e-001	3.09941e-001	
5.73190e-001	3.52012e-001	
1.63697e-001	9.02194e-001	
1.58748e-001	9.28711e-001	
5.52042e-001	3.62431e-001	
