5.07023e-001	4.04535e-001	
5.39064e-001	3.73791e-001	
7.19348e-001	1.83543e-001	
4.12657e-001	4.98298e-001	
4.73725e-001	4.34645e-001	
7.56372e-001	1.51812e-001	
6.92361e-001	2.14898e-001	
3.70448e-002	8.70881e-001	
1.30177e-001	7.78418e-001	
7.89256e-001	1.20975e-001	
7.94340e-003	9.08960e-001	
3.46741e-001	5.54764e-001	
6.68036e-002	8.42254e-001	
2.25163e-001	6.85361e-001	
8.49550e-001	5.87538e-002	
6.27203e-001	2.75254e-001	
8.19158e-001	8.90253e-002	
9.16974e-001	0.00000e+000	
2.86218e-001	6.21862e-001	
5.69537e-001	3.39655e-001	
1.61398e-001	7.48057e-001	
4.48635e-001	4.74037e-001	
8.17200e-001	9.15025e-002	
8.83400e-001	2.72666e-002	
2.54521e-001	6.53811e-001	
3.86023e-001	5.35135e-001	
6.61685e-001	2.47579e-001	
1.92685e-001	7.16880e-001	
9.83097e-002	8.11455e-001	
5.99223e-001	3.08590e-001	
4.12408e-001	4.97998e-001	
7.55958e-001	1.51729e-001	
6.92677e-001	2.14996e-001	
7.89986e-001	1.21087e-001	
8.20235e-001	8.91424e-002	
4.74026e-001	4.34921e-001	
7.93843e-003	9.08392e-001	
3.70232e-002	8.70374e-001	
1.32874e-001	7.78395e-001	
9.29083e-001	0.00000e+000	
6.67303e-002	8.41329e-001	
7.19317e-001	1.83535e-001	
6.27207e-001	2.75255e-001	
2.25282e-001	6.85723e-001	
5.38837e-001	3.73633e-001	
1.61411e-001	7.48119e-001	
3.46734e-001	5.54753e-001	
2.55797e-001	6.55401e-001	
8.49544e-001	5.87534e-002	
8.86617e-001	2.73659e-002	
6.64804e-001	2.48413e-001	
6.00943e-001	3.09476e-001	
9.84821e-002	8.12878e-001	
5.71040e-001	3.41583e-001	
3.86584e-001	5.35913e-001	
1.92800e-001	7.17306e-001	
2.86169e-001	6.21755e-001	
8.16832e-001	9.14614e-002	
1.30021e-001	7.80025e-001	
5.07007e-001	4.04522e-001	
4.74113e-001	4.35001e-001	
9.42478e-001	4.46899e-003	
5.38087e-001	3.73197e-001	
5.07291e-001	4.04749e-001	
4.12588e-001	4.98215e-001	
1.30483e-001	7.80247e-001	
7.58696e-001	1.52998e-001	
2.88537e-001	6.22859e-001	
5.72573e-001	3.41466e-001	
2.25287e-001	6.85737e-001	
6.68027e-002	8.42242e-001	
2.86599e-001	6.24531e-001	
6.93523e-001	2.15259e-001	
9.87032e-002	8.14702e-001	
6.64077e-001	2.48142e-001	
1.93916e-001	7.21458e-001	
1.61412e-001	7.48124e-001	
2.55786e-001	6.55372e-001	
6.02196e-001	3.10121e-001	
3.90181e-001	5.40899e-001	
3.46748e-001	5.54775e-001	
8.20254e-001	8.91444e-002	
8.49697e-001	5.87640e-002	
8.87462e-001	2.73920e-002	
6.30667e-001	2.76774e-001	
3.60236e-002	8.77519e-001	
7.19489e-001	1.83579e-001	
7.94202e-003	9.08802e-001	
3.75321e-002	8.71973e-001	
9.54553e-001	0.00000e+000	
7.90500e-001	1.21166e-001	
7.74068e-003	9.13900e-001	
9.58923e-001	0.00000e+000	
3.98096e-001	5.51872e-001	
2.88201e-001	6.22135e-001	
4.13691e-001	4.99547e-001	
7.57945e-001	1.52846e-001	
4.74004e-001	4.34901e-001	
6.94505e-001	2.16303e-001	
8.88461e-001	2.74228e-002	
