5.05439e-001	5.55658e-001	
1.05050e-003	1.37013e+000	
5.63897e-001	5.21521e-001	
1.30553e+000	3.74858e-003	
1.85336e-002	1.35376e+000	
5.61801e-001	5.29663e-001	
4.53724e-001	9.24564e-001	
4.78468e-001	7.18955e-001	
4.93705e-001	5.85292e-001	
7.69786e-001	5.13697e-001	
7.75259e-001	4.61529e-001	
1.32232e+000	1.33597e-003	
8.27684e-002	1.32240e+000	
1.30690e+000	5.33095e-003	
5.62771e-001	5.57961e-001	
5.12035e-001	5.68485e-001	
8.16369e-001	4.88940e-001	
1.05050e-003	1.37013e+000	
1.14465e-001	1.32518e+000	
8.19189e-001	4.87682e-001	
1.39344e+000	3.97420e-004	
6.46666e-001	5.25753e-001	
1.37859e+000	2.28274e-003	
1.34938e+000	3.87450e-003	
5.83604e-001	5.39747e-001	
2.13657e-002	1.39654e+000	
6.29980e-001	5.45913e-001	
1.51506e-004	1.39776e+000	
5.17724e-001	6.48792e-001	
5.22315e-001	6.19209e-001	
5.30794e-001	5.83532e-001	
8.60721e-002	1.37518e+000	
5.41152e-001	5.71423e-001	
5.24500e-001	5.92109e-001	
1.50058e+000	4.27977e-004	
1.14461e-001	1.32514e+000	
1.37711e+000	3.95410e-003	
1.33899e+000	5.46186e-003	
5.66852e-001	5.62007e-001	
8.31254e-001	4.97853e-001	
1.37904e+000	2.28349e-003	
1.32616e+000	1.13403e-001	
5.40260e-001	5.99822e-001	
5.35082e-001	6.04054e-001	
2.14011e-002	1.39886e+000	
5.20459e-001	6.52220e-001	
1.15242e-001	1.33418e+000	
1.37100e+000	5.06133e-003	
6.70168e-003	1.40566e+000	
1.32702e+000	1.13477e-001	
1.34179e+000	3.42310e-002	
1.52462e+000	3.46614e-004	
5.97945e-001	5.61416e-001	
8.42629e-001	5.02059e-001	
5.67519e-001	5.65589e-001	
1.22772e-003	1.42514e+000	
1.38226e+000	1.62631e-003	
8.63491e-002	1.37961e+000	
8.78566e-002	1.40370e+000	
1.38447e+000	2.34683e-003	
1.37016e+000	3.22326e-002	
5.89659e-001	5.84619e-001	
8.94719e-002	1.39001e+000	
1.32776e-001	1.35675e+000	
1.34565e+000	1.15070e-001	
1.22794e-003	1.42539e+000	
8.47620e-001	5.07657e-001	
1.19853e-001	1.38756e+000	
1.20901e-001	1.38047e+000	
5.23835e-001	7.33205e-001	
5.59476e-001	6.21156e-001	
2.07934e-001	1.35537e+000	
1.13654e-002	1.41165e+000	
1.57792e+000	4.50033e-004	
6.04458e-001	5.67531e-001	
1.39840e+000	5.16248e-003	
1.37804e+000	9.59611e-002	
8.49641e-001	5.08868e-001	
1.50530e+000	2.49256e-003	
5.72082e-002	1.41110e+000	
5.96779e-001	5.92281e-001	
1.48624e+000	3.64507e-003	
5.55847e-001	8.62922e-001	
8.81599e-002	1.40854e+000	
5.62113e-001	6.24084e-001	
1.60094e+000	4.56599e-004	
2.04162e-001	1.37169e+000	
3.20976e-001	1.36017e+000	
6.11188e-001	5.73850e-001	
9.97146e-002	1.40646e+000	
1.34892e+000	1.15350e-001	
1.94456e-002	1.42037e+000	
4.82461e-004	1.43351e+000	
1.43382e-004	1.44053e+000	
1.64853e+000	4.70171e-004	
8.50195e-001	5.08207e-001	
1.36515e+000	1.16738e-001	
5.63294e-001	9.72371e-001	
3.24661e-001	1.40514e+000	
5.68512e-001	6.24998e-001	
