2.08797e-002	1.52079e+000	
1.85530e-002	1.56598e+000	
1.50747e+000	3.57417e-002	
1.16140e-003	1.61872e+000	
2.49840e-003	1.61368e+000	
1.71072e+000	3.09154e-002	
7.08468e-001	5.62803e-001	
1.73862e+000	1.57392e-004	
5.96141e-001	6.45473e-001	
5.22884e-001	9.57965e-001	
5.51014e-001	8.93789e-001	
3.08893e-003	1.66327e+000	
7.96974e-001	6.10834e-001	
5.62757e-001	9.09333e-001	
5.56733e-001	9.36804e-001	
6.54148e-001	6.83403e-001	
8.64865e-001	5.99167e-001	
6.20252e-001	6.95961e-001	
1.96214e-002	1.65524e+000	
1.77682e+000	1.60849e-004	
1.22704e-003	1.71020e+000	
5.36630e-001	9.83148e-001	
1.53740e+000	3.64514e-002	
7.37763e-001	6.63199e-001	
8.99582e-001	5.90214e-001	
2.09961e-002	1.52927e+000	
1.78490e+000	1.64568e-004	
5.81175e-001	9.77932e-001	
6.59948e-001	7.14559e-001	
1.61319e+000	3.82483e-002	
8.06380e-001	6.18043e-001	
5.43116e-001	9.95030e-001	
9.33486e-001	5.99807e-001	
1.77956e+000	5.09935e-003	
2.11194e-002	1.53824e+000	
3.08503e-003	1.68847e+000	
6.55735e-001	8.08874e-001	
1.57906e+000	5.18013e-002	
1.23803e-003	1.70983e+000	
6.22693e-001	9.94840e-001	
1.11027e-003	1.86752e+000	
5.80321e-001	1.00550e+000	
8.30049e-001	6.36183e-001	
1.78481e+000	1.64559e-004	
1.67968e+000	1.90679e-001	
1.69355e+000	1.35334e-001	
2.11161e-002	1.53801e+000	
3.13933e-003	1.69040e+000	
1.70904e+000	1.24512e-001	
8.10764e-001	6.83839e-001	
6.63295e-001	7.18183e-001	
1.34276e-003	1.87148e+000	
2.12992e-002	1.55134e+000	
1.83453e+000	2.85108e-002	
9.34596e-001	6.48892e-001	
6.33587e-001	1.06612e+000	
1.86522e+000	6.91495e-003	
7.52926e-001	7.30306e-001	
1.68820e+000	3.35463e-001	
8.62211e-001	7.13500e-001	
1.83568e+000	2.26539e-002	
1.97429e+000	1.78726e-004	
1.79242e+000	1.32697e-001	
1.84471e+000	1.23949e-002	
6.93092e-001	7.50446e-001	
1.80643e+000	6.04114e-002	
1.70157e+000	1.35975e-001	
3.17958e-003	1.71814e+000	
2.00797e-002	1.69484e+000	
9.18967e-001	7.09742e-001	
7.16543e-001	7.58720e-001	
9.32664e-001	7.10066e-001	
9.56535e-001	6.74046e-001	
1.11835e-003	1.88112e+000	
6.45500e-001	1.11391e+000	
1.98265e+000	6.31256e-003	
1.71033e+000	1.36675e-001	
3.19927e-003	1.75904e+000	
1.01825e-001	1.56034e+000	
6.38518e-001	1.36662e+000	
1.84936e+000	2.28227e-002	
1.98786e+000	2.44399e-005	
7.12133e-001	7.71063e-001	
1.97239e+000	1.60368e-002	
8.50234e-001	7.48327e-001	
6.47096e-001	1.08886e+000	
2.27729e-002	1.64729e+000	
8.63186e-001	7.14828e-001	
6.82788e-001	1.08329e+000	
9.19510e-001	7.13238e-001	
2.00161e+000	2.71664e-004	
3.37481e-004	1.90454e+000	
1.73307e+000	1.38492e-001	
9.70780e-001	6.84084e-001	
6.48297e-001	1.14372e+000	
3.47612e-002	1.64730e+000	
7.20473e-001	7.62880e-001	
7.01508e-001	1.08514e+000	
3.21403e-003	1.75907e+000	
1.87897e+000	1.16358e-001	
