1.65714e-001	9.55086e-001	
5.76603e-001	5.29351e-001	
6.39106e-001	2.92783e-001	
4.15355e-001	6.07035e-001	
9.74504e-001	1.25806e-001	
1.02458e+000	8.20811e-005	
2.31839e-001	6.90442e-001	
5.36255e-001	5.80523e-001	
9.32310e-001	1.78098e-001	
2.78696e-001	6.40018e-001	
1.51138e-001	9.66188e-001	
9.59179e-001	1.60592e-001	
1.00833e+000	8.67160e-002	
5.18004e-001	5.91458e-001	
2.06748e-001	7.92636e-001	
1.96851e-001	8.60772e-001	
6.02832e-001	4.46815e-001	
1.82850e-001	9.22069e-001	
4.40168e-002	1.01240e+000	
2.57919e-001	6.51934e-001	
1.58948e-001	9.58160e-001	
2.13846e-001	7.32903e-001	
7.57912e-001	2.09559e-001	
8.92328e-001	1.88132e-001	
7.87689e-001	2.07427e-001	
1.98349e-001	8.44871e-001	
1.84553e-001	9.14430e-001	
9.09288e-001	1.83777e-001	
9.96021e-001	9.74360e-002	
8.54464e-001	1.97049e-001	
9.87673e-001	1.15898e-001	
2.21027e-001	7.09015e-001	
1.76690e-001	9.34198e-001	
5.97189e-001	4.90260e-001	
5.92793e-001	4.93031e-001	
6.89053e-001	2.33006e-001	
5.58751e-001	5.60011e-001	
6.20189e-001	3.26816e-001	
1.90091e-001	8.84832e-001	
9.27618e-001	1.81238e-001	
4.52387e-001	5.99400e-001	
5.66938e-001	5.54917e-001	
2.26125e-001	6.98870e-001	
6.85138e-001	2.35370e-001	
5.42846e-001	5.68368e-001	
2.34575e-001	6.87598e-001	
6.51378e-001	2.57177e-001	
1.81182e-001	9.26289e-001	
3.96632e-005	1.05873e+000	
6.34253e-001	3.02100e-001	
2.09225e-001	7.65508e-001	
1.69950e-001	9.51648e-001	
7.30337e-001	2.16462e-001	
2.01295e-001	8.29168e-001	
6.96665e-001	2.26762e-001	
2.02467e-001	7.96638e-001	
7.96623e-001	2.05161e-001	
3.17763e-001	6.18866e-001	
7.16606e-001	2.21959e-001	
2.43980e-001	6.67725e-001	
4.65788e-001	5.96963e-001	
1.54697e-001	9.61529e-001	
8.72984e-001	1.96037e-001	
3.16022e-001	6.25427e-001	
4.71072e-002	1.00680e+000	
3.39092e-001	6.16795e-001	
9.68463e-001	1.43909e-001	
1.24160e-003	1.01930e+000	
2.16380e-001	7.27875e-001	
2.90091e-002	1.01706e+000	
1.27744e-001	9.76190e-001	
6.67864e-001	2.42024e-001	
5.68160e-001	5.48588e-001	
9.46970e-001	1.62922e-001	
1.36326e-001	9.74381e-001	
2.47400e-001	6.66118e-001	
6.80377e-001	2.38106e-001	
8.04183e-001	2.03221e-001	
1.86818e-001	8.99828e-001	
6.11807e-001	3.96150e-001	
6.42214e-001	2.77336e-001	
2.37661e-001	6.78106e-001	
5.87533e-001	5.17610e-001	
1.47984e-001	9.69751e-001	
1.14121e-001	9.82693e-001	
7.42528e-001	2.12454e-001	
4.05187e-001	6.10344e-001	
6.47492e-001	2.69465e-001	
9.76665e-001	1.24087e-001	
1.01919e+000	1.81587e-003	
6.00298e-001	4.65349e-001	
3.97172e-005	1.06017e+000	
1.02360e+000	8.20027e-005	
9.95914e-001	9.74255e-002	
2.03485e-001	8.00646e-001	
3.44091e-001	6.18514e-001	
9.80053e-001	1.45865e-001	
9.08660e-001	1.83650e-001	
1.15081e-001	9.87077e-001	
1.27225e-002	1.02021e+000	
